2.919644878059625692e-01 2.746277685463428542e-01 2.614865890145302019e-01 2.515418034046888462e-01 2.440390536934137211e-01 2.382442826032638572e-01 2.335839720070362058e-01 2.296660801768302951e-01 2.262417882680893000e-01 2.231594449281692483e-01 2.203291705250740029e-01 2.176990513503551383e-01 2.152396637201309249e-01 2.129348276555538266e-01 2.107751351594925049e-01 2.087546056509017867e-01 2.068687683343887196e-01 2.051132252812385426e-01 2.034829975664615709e-01 2.019727751612663269e-01
2.279533012211322762e-01 2.251706720888614621e-01 2.230886089801788208e-01 2.211140398681163688e-01 2.192383413016796012e-01 2.174575445055961509e-01 2.157675635814666759e-01 2.141629076004028243e-01 2.126379179954528686e-01 2.111869293451309193e-01 2.098042723536491516e-01 2.084851729869842407e-01 2.072252197563648202e-01 2.060210019350051935e-01 2.048698514699935913e-01 2.037687933444976840e-01 2.027164898812770788e-01 2.017113503813743602e-01 2.007518050074577343e-01 1.998372268676757713e-01
2.440952277183532637e-01 2.395838001370430015e-01 2.377262769639492124e-01 2.367541077733039956e-01 2.359154017269611270e-01 2.348439268767833765e-01 2.332962226867675848e-01 2.310741049051284746e-01 2.280824059247970603e-01 2.244461968541145436e-01 2.205460941791534402e-01 2.168606960773468151e-01 2.137270450592040905e-01 2.112448599934577953e-01 2.093471597135067030e-01 2.079060725867748205e-01 2.067971937358379364e-01 2.059227380156516962e-01 2.052120278775692030e-01 2.046169888973236040e-01
2.185739409923553589e-01 2.170291611552238598e-01 2.160982771217823117e-01 2.151878227293491375e-01 2.142934073507785919e-01 2.134149610996246282e-01 2.125528441369533561e-01 2.117080929875373718e-01 2.108816762268543310e-01 2.100744894146919228e-01 2.092877407371997733e-01 2.085223750770092144e-01 2.077792264521121923e-01 2.070591394603252533e-01 2.063626205921172962e-01 2.056902284920215651e-01 2.050421181321143982e-01 2.044184893369674627e-01 2.038193510472774417e-01 2.032444784045219499e-01
2.628812816739082292e-01 2.544101762771606712e-01 2.475695911049842768e-01 2.417136302590370267e-01 2.367834025621414207e-01 2.326668441295623724e-01 2.292346739768982011e-01 2.263632053136825639e-01 2.239440286159515292e-01 2.218868574500083846e-01 2.201185593008995189e-01 2.185805875062942494e-01 2.172269302606582575e-01 2.160210493206977944e-01 2.149345797300338812e-01 2.139448294043541088e-01 2.130340850353240889e-01 2.121880045533180159e-01 2.113952550292015065e-01 2.106465041637420599e-01
2.621045434474945091e-01 2.476644451916217848e-01 2.379968382418155559e-01 2.313208344578742970e-01 2.263868582248687866e-01 2.222500668466091123e-01 2.183135400712490071e-01 2.143174517154693703e-01 2.102953529357910190e-01 2.064604790508747234e-01 2.030477005243301325e-01 2.001989871263503973e-01 1.979359737038612344e-01 1.961952751874923573e-01 1.948770573735237044e-01 1.938808120787143818e-01 1.931208930909633636e-01 1.925313550233840876e-01 1.920638294517993949e-01 1.916839669644832544e-01
2.280228841304779153e-01 2.238228794932365373e-01 2.207507333159446639e-01 2.182151150703430242e-01 2.161524075269699030e-01 2.144823023676872276e-01 2.131208923459053106e-01 2.119946160912513644e-01 2.110459402203559987e-01 2.102319300174713135e-01 2.095206138491630676e-01 2.088876420259475619e-01 2.083141890168190014e-01 2.077854976058006176e-01 2.072896242141723522e-01 2.068172484636306707e-01 2.063606864213943515e-01 2.059139704704284757e-01 2.054723009467124828e-01 2.050323812663555068e-01
2.841134329885244281e-01 2.687002554535865562e-01 2.576210220158099973e-01 2.493927446007728477e-01 2.430470123887062128e-01 2.379343889653682820e-01 2.336886070668697246e-01 2.300926040112972193e-01 2.270030286908149841e-01 2.243174779415130493e-01 2.219584116339683444e-01 2.198669406771659729e-01 2.179985341429710455e-01 2.163201034069061335e-01 2.148066481947898954e-01 2.134392973780631919e-01 2.122014713287353471e-01 2.110786703228950401e-01 2.100571897625923279e-01 2.091244453191757335e-01
2.717927962541580311e-01 2.670015332102775307e-01 2.633905887603759655e-01 2.601998570561409041e-01 2.573684558272361644e-01 2.548369538784027166e-01 2.525508618354797563e-01 2.504618000984191739e-01 2.485277220606803839e-01 2.467119964957237288e-01 2.449830761551856917e-01 2.433138692378997714e-01 2.416812330484390259e-01 2.400660559535026661e-01 2.384531405568122986e-01 2.368310239911079473e-01 2.351928088068962197e-01 2.335361748933792170e-01 2.318631732463836692e-01 2.301805227994918879e-01
2.386493304371833934e-01 2.317488965392112688e-01 2.262238349020481154e-01 2.213508191704749994e-01 2.170883035659789961e-01 2.133619581162929657e-01 2.101107677817344588e-01 2.073008421063423090e-01 2.049121564626693592e-01 2.029177050292491902e-01 2.012735849618911832e-01 1.999221324920654186e-01 1.988035410642624012e-01 1.978644248843192954e-01 1.970615336298942588e-01 1.963620756566524517e-01 1.957416579127311818e-01 1.951828874647617285e-01 1.946731682121753682e-01 1.942035910487175110e-01
2.124932579696178492e-01 2.112240523099899181e-01 2.105341416597366344e-01 2.098786476254463074e-01 2.092525751888751895e-01 2.086537019908428214e-01 2.080803225934505507e-01 2.075305131077766485e-01 2.070025028288364488e-01 2.064946597814559803e-01 2.060050792992114965e-01 2.055324149131775024e-01 2.050751043856143818e-01 2.046320289373397827e-01 2.042020979523658797e-01 2.037844598293304388e-01 2.033782054483890545e-01 2.029828664660453807e-01 2.025978031754493702e-01 2.022226329147815693e-01
3.146999827027320840e-01 3.014324933290481456e-01 2.914427313208580173e-01 2.832623615860939137e-01 2.763394290208816551e-01 2.701932865381240778e-01 2.644305661320686118e-01 2.587427923083305270e-01 2.529186996817588962e-01 2.468771103024482716e-01 2.406904515624046226e-01 2.345648708939552241e-01 2.287629556655883800e-01 2.235089659690857045e-01 2.189274972677230924e-01 2.150364619493484453e-01 2.117782481014728602e-01 2.090581884980201588e-01 2.067754802107810985e-01 2.048390623927116294e-01
2.710580310225486622e-01 2.576622015237808316e-01 2.465898203849792580e-01 2.374846476316452015e-01 2.303315541148185652e-01 2.248657262325286788e-01 2.207408630847930986e-01 2.176273441314697243e-01 2.152529782056808449e-01 2.134093189239502086e-01 2.119433677196502774e-01 2.107453128695487843e-01 2.097374966740608304e-01 2.088649472594261147e-01 2.080891451239585965e-01 2.073831701278686657e-01 2.067280460894107830e-01 2.061104978621005890e-01 2.055213396251201752e-01 2.049541556835174638e-01
2.417741447687148937e-01 2.352865007519721885e-01 2.310000395774841342e-01 2.274349945783614990e-01 2.240778192877769526e-01 2.207878011465072565e-01 2.176097577810287564e-01 2.146364742517471447e-01 2.119475689530372631e-01 2.096000018715858393e-01 2.076223045587539673e-01 2.060053926706314209e-01 2.047073507308959928e-01 2.036710950732231185e-01 2.028394012153148518e-01 2.021629098057746987e-01 2.016024540364742268e-01 2.011283461749553692e-01 2.007186858355999026e-01 2.003573170304298323e-01
2.307486982643604245e-01 2.273891627788543757e-01 2.248947794735431660e-01 2.227334783971309795e-01 2.208742550015449502e-01 2.192821986973285675e-01 2.179188887774944350e-01 2.167460079491138336e-01 2.157280732691287950e-01 2.148341535031795535e-01 2.140389497578144007e-01 2.133220596611499764e-01 2.126675707101821911e-01 2.120632906258106132e-01 2.114998023211956124e-01 2.109699596464633953e-01 2.104684630036354198e-01 2.099910591542720750e-01 2.095346312224865004e-01 2.090965308248996790e-01
2.289660593867302030e-01 2.234123861789703291e-01 2.193760439753532354e-01 2.162164211273193415e-01 2.136824926733970620e-01 2.115905338525772006e-01 2.098108088970184193e-01 2.082539215683937017e-01 2.068590524792671137e-01 2.055860731005668685e-01 2.044092664122581504e-01 2.033133131265640325e-01 2.022898289561271545e-01 2.013352033495902915e-01 2.004483568668365412e-01 1.996295289695262931e-01 1.988782627880573139e-01 1.981934383511543274e-01 1.975723682343959731e-01 1.970114219188690285e-01
2.350875328481197291e-01 2.335778276622295369e-01 2.328105111420154527e-01 2.320330709218978993e-01 2.312372846901416812e-01 2.304201927781105164e-01 2.295798626542091270e-01 2.287153090536594435e-01 2.278265456855297078e-01 2.269148519635200423e-01 2.259819673001766116e-01 2.250304530560970351e-01 2.240636453032493480e-01 2.230856715142726932e-01 2.221010571718216031e-01 2.211147551238536735e-01 2.201319091022014562e-01 2.191577349603176239e-01 2.181976278126239732e-01 2.172563943266868636e-01
2.806053107976913541e-01 2.672439366579055786e-01 2.575911086797714189e-01 2.499941903352737305e-01 2.439511734247207519e-01 2.390395528078079201e-01 2.349514099955558877e-01 2.314770689606666654e-01 2.284775379300117426e-01 2.258582557737827401e-01 2.235496556758880538e-01 2.214971935749053822e-01 2.196575827896594946e-01 2.179972082376480103e-01 2.164899486303329401e-01 2.151157474517822188e-01 2.138590760529041346e-01 2.127070230245590166e-01 2.116491416096687450e-01 2.106762817502021712e-01
2.284705558419227733e-01 2.208595299720764182e-01 2.155166578292846691e-01 2.113893604278564431e-01 2.081092292070388927e-01 2.054414758086204607e-01 2.032430288195609946e-01 2.014220216870308000e-01 1.999125617742538441e-01 1.986624604463577137e-01 1.976280841231346230e-01 1.967719295620918296e-01 1.960615983605384915e-01 1.954697869718074743e-01 1.949735876917839117e-01 1.945544494688510873e-01 1.941968916356563435e-01 1.938885033130645641e-01 1.936194536089897167e-01 1.933820827305317014e-01
2.941680392622947893e-01 2.875634875893592901e-01 2.814611841738223763e-01 2.752538426220417223e-01 2.691784876585006647e-01 2.634633716940879555e-01 2.582559195160865628e-01 2.536142337322235263e-01 2.495295628905296326e-01 2.459554472565650962e-01 2.428299561142921448e-01 2.400888049602508678e-01 2.376728215813636858e-01 2.355304506421089239e-01 2.336183038353920050e-01 2.319004520773887690e-01 2.303476756811141946e-01 2.289359059929847728e-01 2.276456081867218040e-01 2.264604234695434537e-01
3.483260007202625408e-01 3.342915135622024358e-01 3.216196916997432487e-01 3.099718016386032171e-01 2.994797438383102195e-01 2.901265031099319325e-01 2.818174022436141790e-01 2.744293275475502281e-01 2.678398087620735279e-01 2.619426488876342995e-01 2.566514149308204429e-01 2.518985003232955822e-01 2.476300323009490989e-01 2.438013717532157842e-01 2.403732189536094688e-01 2.373092785477638189e-01 2.345754411816597107e-01 2.321387577056884810e-01 2.299677595496177618e-01 2.280326873064041082e-01
2.101463237404823381e-01 2.075376615673303615e-01 2.059810725599527381e-01 2.047000695765018585e-01 2.036191472411155723e-01 2.026862877607345514e-01 2.018646933138370514e-01 2.011284081637859378e-01 2.004594092071056433e-01 1.998449230194091764e-01 1.992761793732643061e-01 1.987466153502464306e-01 1.982511597871780273e-01 1.977858828008174918e-01 1.973474799096584242e-01 1.969330678880214791e-01 1.965403294563293490e-01 1.961673048138618536e-01 1.958121496438980091e-01 1.954734158515930298e-01
2.414065334200859170e-01 2.392387960851192485e-01 2.376107359677553099e-01 2.358550739288330089e-01 2.340042863786220562e-01 2.320925068110227529e-01 2.301523544639348939e-01 2.282180364429950703e-01 2.263277866691350837e-01 2.245185231417417548e-01 2.228209599107503769e-01 2.212541651725768999e-01 2.198246660828590271e-01 2.185284928977489494e-01 2.173545031249523030e-01 2.162880241870880071e-01 2.153134444355964683e-01 2.144160449504852184e-01 2.135827001929283264e-01 2.128022505342960224e-01
4.017907731235027535e-01 3.843472332507371636e-01 3.671474732458591683e-01 3.504537262767553063e-01 3.347444722056389099e-01 3.202717530727386408e-01 3.071273383498192011e-01 2.952781176567077503e-01 2.845630389451980768e-01 2.746757748723029913e-01 2.652044123411178567e-01 2.558302085101604728e-01 2.465723061561584384e-01 2.377934232354164124e-01 2.299402342736721061e-01 2.232874834537506015e-01 2.178734646737575664e-01 2.135706332325935375e-01 2.101827195286750660e-01 2.075103807449340809e-01
2.737134936451912082e-01 2.668598684668541110e-01 2.623032978177070595e-01 2.586279460787773155e-01 2.556223604083061041e-01 2.531208026409149103e-01 2.509986433386802718e-01 2.491633790731430098e-01 2.475462135672569230e-01 2.460958918929100070e-01 2.447740894556045543e-01 2.435521847009658736e-01 2.424082943797111478e-01 2.413253122568130571e-01 2.402906897664070229e-01 2.392942959070205600e-01 2.383277958631515592e-01 2.373848146200180087e-01 2.364599770307540816e-01 2.355486235022544728e-01
2.139382030069827967e-01 2.123514291644096330e-01 2.114701133966445934e-01 2.107122817635536105e-01 2.100495445728302046e-01 2.094628216326236692e-01 2.089378035068512052e-01 2.084633225202560391e-01 2.080309435725212208e-01 2.076337105035781783e-01 2.072661818563938108e-01 2.069238890707492950e-01 2.066031642258167322e-01 2.063010442256927590e-01 2.060150112211704132e-01 2.057429915666580122e-01 2.054833140969276328e-01 2.052345180511474521e-01 2.049952971935272150e-01 2.047647078335285142e-01
2.378808271884918224e-01 2.297116163372993347e-01 2.248966881632804837e-01 2.215364506840705738e-01 2.189404010772705023e-01 2.167534798383712880e-01 2.148129054903984148e-01 2.130523586273193326e-01 2.114485666155815069e-01 2.099934345483779885e-01 2.086819392442703369e-01 2.075069871544837907e-01 2.064584535360336204e-01 2.055238828063011280e-01 2.046897551417350691e-01 2.039424619078636092e-01 2.032694269716739666e-01 2.026591740548610576e-01 2.021017475426196974e-01 2.015887545049190599e-01
2.287589928507804959e-01 2.236919009685516269e-01 2.201936568319797505e-01 2.173041626811027527e-01 2.149206280708312877e-01 2.129512403905391704e-01 2.113170552253723078e-01 2.099535749852657340e-01 2.088084468245506309e-01 2.078400124609470490e-01 2.070147155225277036e-01 2.063059838116169109e-01 2.056923218071460835e-01 2.051567293703556172e-01 2.046848754584789376e-01 2.042658028006553717e-01 2.038901256024837627e-01 2.035504460334777721e-01 2.032405641674995544e-01 2.029552647471427884e-01
2.656961104273796170e-01 2.586714914441108903e-01 2.527193859219550864e-01 2.472986331582069375e-01 2.424135038256645114e-01 2.380670261383056596e-01 2.342447975277900662e-01 2.309132051467895630e-01 2.280251890420913752e-01 2.255277201533317510e-01 2.233674824237823486e-01 2.214945268630981456e-01 2.198642680048942533e-01 2.184377315640449457e-01 2.171817931532859791e-01 2.160683336853981007e-01 2.150737941265106201e-01 2.141785292327403889e-01 2.133660939335823015e-01 2.126229156553745281e-01
2.431206744164228495e-01 2.358264021575450786e-01 2.302796220779418923e-01 2.256989824771881148e-01 2.219350859522819519e-01 2.188444605469703763e-01 2.163027609884738967e-01 2.142050524055957861e-01 2.124645701050758284e-01 2.110108423233032215e-01 2.097870013117790200e-01 2.087477296590805054e-01 2.078572124242782648e-01 2.070870754122734192e-01 2.064149576425552413e-01 2.058236151933670044e-01 2.052986952662468056e-01 2.048295542597770580e-01 2.044070807099342413e-01 2.040244248509407166e-01
2.261963951587676880e-01 2.241662439703941412e-01 2.226496647298336073e-01 2.211736442148685422e-01 2.197341717779636439e-01 2.183339242637157562e-01 2.169766114652156852e-01 2.156669867038726873e-01 2.144093450903892528e-01 2.132078893482685089e-01 2.120662833750247833e-01 2.109870392084121637e-01 2.099718236923217851e-01 2.090211664140224357e-01 2.081340132653713149e-01 2.073080143332481362e-01 2.065400417149066969e-01 2.058258213102817646e-01 2.051606245338916668e-01 2.045397180318832275e-01
2.726941847801208629e-01 2.615594008564949280e-01 2.537887442111969039e-01 2.482257366180419811e-01 2.441328772902488786e-01 2.409000071883201644e-01 2.380969443917274608e-01 2.354692634940147300e-01 2.328986725211143471e-01 2.303542301058769115e-01 2.278505980968475453e-01 2.254210536181926738e-01 2.231014774739742412e-01 2.209224052727222498e-01 2.189051748812198550e-01 2.170611520111560833e-01 2.153924386203288910e-01 2.138934159278869651e-01 2.125531435012817383e-01 2.113570880889892589e-01
2.612205940485000655e-01 2.499118798971176059e-01 2.414651852846145530e-01 2.348427438735961881e-01 2.297288721799850553e-01 2.257865810394287243e-01 2.227252084016800027e-01 2.203169691562652521e-01 2.183904181420802948e-01 2.168197259306907654e-01 2.155137635767459814e-01 2.144071756303310428e-01 2.134531797468662284e-01 2.126183873414993208e-01 2.118787132203578949e-01 2.112165297567844269e-01 2.106187519431114152e-01 2.100751496851444300e-01 2.095776785910129503e-01 2.091196817159652610e-01
2.470257656276226010e-01 2.309983171522617396e-01 2.200349809229373843e-01 2.121975490450859203e-01 2.065620429813861958e-01 2.024917759001255146e-01 1.995472444593906491e-01 1.974082097411155590e-01 1.958389139175414906e-01 1.946691419184208016e-01 1.937784059345722121e-01 1.930827835202217069e-01 1.925247643887996740e-01 1.920648491382598855e-01 1.916759972274303392e-01 1.913397030532359988e-01 1.910430032014846791e-01 1.907769355177879322e-01 1.905348850786685866e-01 1.903126297891140073e-01
2.464574876427650385e-01 2.435411279648542482e-01 2.412877741456031788e-01 2.390904147177934647e-01 2.369489599764346976e-01 2.348682958632707651e-01 2.328531322628259737e-01 2.309071943908929947e-01 2.290324883908033404e-01 2.272300025075674190e-01 2.254994409531354826e-01 2.238396638631820756e-01 2.222490312159061399e-01 2.207252083718776736e-01 2.192656430602073769e-01 2.178677663207054249e-01 2.165287926793098561e-01 2.152457700669765384e-01 2.140158818662166729e-01 2.128363737463951078e-01
2.319037964940071084e-01 2.286467611789703425e-01 2.258680355548858543e-01 2.232205510139465277e-01 2.207724714279174771e-01 2.185748013854026672e-01 2.166497302055358787e-01 2.149921783804893405e-01 2.135791248083114546e-01 2.123781335353851218e-01 2.113547617197036876e-01 2.104774959385395106e-01 2.097187858819961614e-01 2.090560810267925174e-01 2.084713643789291304e-01 2.079501371085643868e-01 2.074809142947197094e-01 2.070546872913837377e-01 2.066642089188098774e-01 2.063037534058093925e-01
3.330683410167694092e-01 3.200394070148467884e-01 3.088228163123130643e-01 2.988837954401969976e-01 2.902253815531730674e-01 2.827489513158798484e-01 2.763075920939445651e-01 2.707359555363655357e-01 2.658727052807807745e-01 2.615721559524535889e-01 2.577097764611244179e-01 2.541811689734458923e-01 2.509001225233077892e-01 2.477980381250381448e-01 2.448237565159797624e-01 2.419449278712272611e-01 2.391456177830696139e-01 2.364220222830772378e-01 2.337776827812194924e-01 2.312194582819938615e-01
2.834363818168640359e-01 2.719717514514923273e-01 2.625396767258644237e-01 2.544528645277023271e-01 2.476274636387824912e-01 2.418990844488143888e-01 2.370983287692070007e-01 2.330714526772499073e-01 2.296832957863807756e-01 2.268169665336609020e-01 2.243736094236373768e-01 2.222714999318122775e-01 2.204440146684646662e-01 2.188380703330040089e-01 2.174110403656959456e-01 2.161291268467903093e-01 2.149651420116424627e-01 2.138975605368614308e-01 2.129091382026672419e-01 2.119860783219337519e-01
2.495001560449600086e-01 2.399272537231445235e-01 2.326808619499206587e-01 2.268191015720367465e-01 2.221531435847282354e-01 2.184764391183853238e-01 2.155879107117652793e-01 2.133077320456504833e-01 2.114853624999523118e-01 2.100007912516593800e-01 2.087619905173778434e-01 2.077006791532039764e-01 2.067671357095241524e-01 2.059262786805629852e-01 2.051533670723438285e-01 2.044313694536686044e-01 2.037485557794570801e-01 2.030971147119998987e-01 2.024717652797698997e-01 2.018691235780716020e-01
2.442191097140312128e-01 2.403880500793457164e-01 2.373897913098335366e-01 2.345683267712593001e-01 2.319036105275154025e-01 2.293894982337951749e-01 2.270286685228347645e-01 2.248291340470313926e-01 2.227983713150024359e-01 2.209407839179038935e-01 2.192548957467079229e-01 2.177334739267826058e-01 2.163642345368862185e-01 2.151323826611042100e-01 2.140214152634143940e-01 2.130152547359466519e-01 2.120986288785934315e-01 2.112578256428241652e-01 2.104807803034782487e-01 2.097572331130504730e-01
2.317301687598228577e-01 2.243106278777122486e-01 2.187331165373325448e-01 2.141878710687160625e-01 2.104512976109981504e-01 2.073574867844581726e-01 2.047860883176326752e-01 2.026471143960952848e-01 2.008688385784626051e-01 1.993914340436458710e-01 1.981634056568145619e-01 1.971404005587100994e-01 1.962844076752662537e-01 1.955632500350475422e-01 1.949503478407859924e-01 1.944238376617431763e-01 1.939662879705429110e-01 1.935637418925762188e-01 1.932050624489784207e-01 1.928814682364463906e-01
2.618479177355766407e-01 2.569087317585945218e-01 2.531122249364852750e-01 2.496350914239883478e-01 2.465011993050575390e-01 2.437092909216880821e-01 2.412368071079254161e-01 2.390488609671592712e-01 2.371057853102684077e-01 2.353685814142227051e-01 2.338022574782371577e-01 2.323766115307807911e-01 2.310673189163207908e-01 2.298542061448097251e-01 2.287217767536640078e-01 2.276573269069194771e-01 2.266509701311588409e-01 2.256945370137691531e-01 2.247814865410328045e-01 2.239060716331005008e-01
2.506886374950408891e-01 2.466298997402191218e-01 2.438885143399238675e-01 2.414604127407073975e-01 2.392979624867439259e-01 2.373557901382446211e-01 2.355929699540138256e-01 2.339738196134567294e-01 2.324678534269332963e-01 2.310501858592033386e-01 2.297005656361579828e-01 2.284034705162048262e-01 2.271470610797405310e-01 2.259231232106685694e-01 2.247257721424102683e-01 2.235516047477722201e-01 2.223984736204147328e-01 2.212655472755432062e-01 2.201524609327316362e-01 2.190593084692954995e-01
3.516463232785463355e-01 3.332542616128921775e-01 3.158234378695488065e-01 2.996553529798984261e-01 2.852734014391898887e-01 2.728647279739380149e-01 2.623727992177009583e-01 2.536060917377471746e-01 2.463214883208274808e-01 2.402744808793068065e-01 2.352436017990112427e-01 2.310391128063201960e-01 2.275028970837593145e-01 2.245050796866416842e-01 2.219408985972404491e-01 2.197260850667953624e-01 2.177933785319328408e-01 2.160896158218383878e-01 2.145726689696312028e-01 2.132093048095703158e-01
3.279188293218612826e-01 3.121070948243140908e-01 2.977165302634239286e-01 2.841780897974968134e-01 2.717068782448768816e-01 2.605452302098274497e-01 2.508736583590507330e-01 2.427501696348190185e-01 2.361000749468803450e-01 2.307453629374504045e-01 2.264594015479087785e-01 2.230167990922927723e-01 2.202229371666908353e-01 2.179239845275878773e-01 2.160044872760772672e-01 2.143795272707939015e-01 2.129871457815170344e-01 2.117815747857093867e-01 2.107282161712646373e-01 2.098006892204284657e-01
2.083852162957191556e-01 2.066216157376766227e-01 2.056540626287460261e-01 2.047904212772846122e-01 2.040151417255401667e-01 2.033187898993492060e-01 2.026931291818618863e-01 2.021309673786163275e-01 2.016253028810024162e-01 2.011698466539383057e-01 2.007588300108909540e-01 2.003867900371551491e-01 2.000487421452999126e-01 1.997403781116008636e-01 1.994575732946395896e-01 1.991969737410545227e-01 1.989553268253803353e-01 1.987300889194011655e-01 1.985185873508453491e-01 1.983190786838531505e-01
3.742850188910961107e-01 3.549858390539884501e-01 3.346748562902212010e-01 3.150560857355594879e-01 2.976910676062107242e-01 2.830863013863563760e-01 2.710699152946471902e-01 2.612293601036071999e-01 2.531469991803169117e-01 2.464766997098922774e-01 2.409489801526069619e-01 2.363538238406181213e-01 2.325227645039558422e-01 2.293162983655929466e-01 2.266163757443427906e-01 2.243230360746383545e-01 2.223527766764163971e-01 2.206370040774345287e-01 2.191206213831901617e-01 2.177600760757923137e-01
2.856404316425323331e-01 2.814909690618515037e-01 2.778600582480430514e-01 2.741188469529152183e-01 2.701887023448943936e-01 2.660198247432708496e-01 2.616160866618156278e-01 2.570479744672775069e-01 2.524410966038703741e-01 2.479434531927108831e-01 2.436809472739696614e-01 2.397247035801410575e-01 2.360825549066066786e-01 2.327127496898174219e-01 2.295487898588180475e-01 2.265250241756439076e-01 2.235957078635692485e-01 2.207452832162380141e-01 2.179867711663246166e-01 2.153528381884098064e-01
2.164504405856132463e-01 2.135626703500747570e-01 2.120344513654708885e-01 2.107476362586021557e-01 2.096275673806667350e-01 2.086258244514465343e-01 2.077093641459941964e-01 2.068560761213302512e-01 2.060506789386272464e-01 2.052831560373306330e-01 2.045462849736213728e-01 2.038354779779910919e-01 2.031476333737373408e-01 2.024809706211090077e-01 2.018337996304035153e-01 2.012055842578411025e-01 2.005958825349807850e-01 2.000045979022979648e-01 1.994314047694206171e-01 1.988765497505664837e-01
2.687469357252120772e-01 2.599944409728049965e-01 2.526649448275566368e-01 2.461842700839042553e-01 2.405187749862670865e-01 2.356285980343818531e-01 2.314685371518135082e-01 2.279819154739379794e-01 2.250985285639762745e-01 2.227380949258804255e-01 2.208170086145400945e-01 2.192547607421874989e-01 2.179788635671138786e-01 2.169271855056285891e-01 2.160484562814235787e-01 2.153016084432601840e-01 2.146546778082847606e-01 2.140830056369304735e-01 2.135681195557117551e-01 2.130959931015968256e-01
