2.404040676355362061e-01 2.328332808613777227e-01 2.262813374400138855e-01 2.202855846285819985e-01 2.152314682304859172e-01 2.112595899403095223e-01 2.082694454491138547e-01 2.060423892736434892e-01 2.043569950759410725e-01 2.030425924062728982e-01 2.019852620363235540e-01 2.011129415035247670e-01 2.003805954754352692e-01 1.997583040595054538e-01 1.992248167097568634e-01 1.987641283869743258e-01 1.983637204766273421e-01 1.980133853852748815e-01 1.977044929563999132e-01 1.974304996430873982e-01
2.883218404650688127e-01 2.706332626938819930e-01 2.564153701066970714e-01 2.451422980427742093e-01 2.364274010062217823e-01 2.297119486331939686e-01 2.244843143224716231e-01 2.203423145413398732e-01 2.169912341237068276e-01 2.142233324050903387e-01 2.118946966528892639e-01 2.099048882722854559e-01 2.081826615333557118e-01 2.066756153106689420e-01 2.053444698452949468e-01 2.041588202118873596e-01 2.030942755937576172e-01 2.021308684349060192e-01 2.012523248791694697e-01 2.004443599283695088e-01
2.358855095505714428e-01 2.235592553019523643e-01 2.160308495163917597e-01 2.109526535868644637e-01 2.073971004784107286e-01 2.048133677244186324e-01 2.028793111443519537e-01 2.013919274508953194e-01 2.002167184650897880e-01 1.992623099684715238e-01 1.984660592675208945e-01 1.977852301299571902e-01 1.971909290552139316e-01 1.966626967489719380e-01 1.961863590776920241e-01 1.957521975040435736e-01 1.953526037931442305e-01 1.949823066592216436e-01 1.946371525526046642e-01 1.943137823045253676e-01
2.254946139454841736e-01 2.154200804233551148e-01 2.085926236212253537e-01 2.039117997884750400e-01 2.007921515405177992e-01 1.986730447411537148e-01 1.971723060309887032e-01 1.960573324561118991e-01 1.951907189190387748e-01 1.944901561737060469e-01 1.939049649238586415e-01 1.934024786949157804e-01 1.929611572623252946e-01 1.925662837922573201e-01 1.922076551616191953e-01 1.918780098855495386e-01 1.915720526874065410e-01 1.912859505414962746e-01 1.910165931284427687e-01 1.907617175579071067e-01
2.123475326597690505e-01 2.090848901867866649e-01 2.074586860835552216e-01 2.061669026315212372e-01 2.050775486975908168e-01 2.041179277747869614e-01 2.032457570731639740e-01 2.024360693991184290e-01 2.016737131029367469e-01 2.009492287784814812e-01 2.002566521614790040e-01 1.995920044183731035e-01 1.989526141434908024e-01 1.983366946876048975e-01 1.977426778525114004e-01 1.971692635118961201e-01 1.966153695434331994e-01 1.960800290852785233e-01 1.955622082948684781e-01 1.950609617680311159e-01
2.112797190248966173e-01 2.076846094429493084e-01 2.055630220472812741e-01 2.037538507580757274e-01 2.021696633100509566e-01 2.007581672072410450e-01 1.994841052591800612e-01 1.983231399953365448e-01 1.972579234838485740e-01 1.962754864990711168e-01 1.953661288321018319e-01 1.945219311118125960e-01 1.937362354993820146e-01 1.930036666989326521e-01 1.923190574347972970e-01 1.916778981685638428e-01 1.910763157904148135e-01 1.905105359852314051e-01 1.899772165715694350e-01 1.894731856882572174e-01
2.330095866322517417e-01 2.263138329982757602e-01 2.217804375290870766e-01 2.181797039508819591e-01 2.153863328695297119e-01 2.132535500824451480e-01 2.116276037693023693e-01 2.103719298541545935e-01 2.093785007297992717e-01 2.085681393742561396e-01 2.078853002190589883e-01 2.072919988632202226e-01 2.067626103758812006e-01 2.062799397110939015e-01 2.058324450254440385e-01 2.054122388362884521e-01 2.050139337778091320e-01 2.046335969865322180e-01 2.042685873806476538e-01 2.039167627692222706e-01
2.537149819731712164e-01 2.473099750280380316e-01 2.418610185384750255e-01 2.365263098478317394e-01 2.314506736397743125e-01 2.267696940898895341e-01 2.225700342655181907e-01 2.188800410926342033e-01 2.156808559596538610e-01 2.129264189302921273e-01 2.105586755275726252e-01 2.085183595120906896e-01 2.067501547932624750e-01 2.052055187523365021e-01 2.038430196046829290e-01 2.026282967627048570e-01 2.015332329273223921e-01 2.005353066325187561e-01 1.996165643632411835e-01 1.987630473077297288e-01
2.414075258374214217e-01 2.370593221485614854e-01 2.341537460684776362e-01 2.313518580794334534e-01 2.286351245641708441e-01 2.259995344281196528e-01 2.234472484886646237e-01 2.209837959706783261e-01 2.186156079173088018e-01 2.163491010665893610e-01 2.141898556053638547e-01 2.121414616703987122e-01 2.102062873542308863e-01 2.083851456642150934e-01 2.066767758131027310e-01 2.050785233080387182e-01 2.035857774317264557e-01 2.021927396953105971e-01 2.008926132321357805e-01 1.996782337129116014e-01
2.183508382737636699e-01 2.117344200611114557e-01 2.079822735488414676e-01 2.053916534781455860e-01 2.035220664739608720e-01 2.021022932231426317e-01 2.009663897752761719e-01 2.000146618485450778e-01 1.991866081953048706e-01 1.984456653892993916e-01 1.977692206203937597e-01 1.971430841088294972e-01 1.965581856667995564e-01 1.960084748268127453e-01 1.954901407659053736e-01 1.950003391504287753e-01 1.945370459556579612e-01 1.940989355742931410e-01 1.936847352981567461e-01 1.932936221361160334e-01
3.223753523826599077e-01 3.069925493001937622e-01 2.914859920740127674e-01 2.763861125707626210e-01 2.628758844733238287e-01 2.516665795445442444e-01 2.428145566582679826e-01 2.359475445747375444e-01 2.305919143557548512e-01 2.263371142745017883e-01 2.228727841377258212e-01 2.199782128632068734e-01 2.175003466010093645e-01 2.153345869481563535e-01 2.134102126955985945e-01 2.116794702410697837e-01 2.101103135943412914e-01 2.086810961365699879e-01 2.073769803345203444e-01 2.061876006424427088e-01
2.440176481008529685e-01 2.333537231385707789e-01 2.267450767755508356e-01 2.219905152916908375e-01 2.183245167136192433e-01 2.153210061788558838e-01 2.127318450808525219e-01 2.104142332077026389e-01 2.082913085818290655e-01 2.063230663537979070e-01 2.044865497946739274e-01 2.027652800083160345e-01 2.011440992355346680e-01 1.996083191037177906e-01 1.981446874141693237e-01 1.967428664863109522e-01 1.953989650309085890e-01 1.941171656548976998e-01 1.929091724753379811e-01 1.917908312380313951e-01
2.409227421879768238e-01 2.344714900851249673e-01 2.298808827996254023e-01 2.260182580351829396e-01 2.227415248751640209e-01 2.199400404095649686e-01 2.175271303951740176e-01 2.154343375563621543e-01 2.136071118712425110e-01 2.120012287795543793e-01 2.105809259414672951e-01 2.093166089057922341e-01 2.081837369501590707e-01 2.071624147891998335e-01 2.062357860803604170e-01 2.053902703523635964e-01 2.046141608059406369e-01 2.038980224728584312e-01 2.032339055836200614e-01 2.026150527596473627e-01
2.870282068848609702e-01 2.706411696970462688e-01 2.571247699856757940e-01 2.460529693961143460e-01 2.372298070788383395e-01 2.302467265725135770e-01 2.247067597508430603e-01 2.202846494317054760e-01 2.167272812128067105e-01 2.138403823971748441e-01 2.114743563532829329e-01 2.095142619311809451e-01 2.078717109560966614e-01 2.064785572886466969e-01 2.052829183638095745e-01 2.042442271113395769e-01 2.033313627541065149e-01 2.025200426578521729e-01 2.017907945811748538e-01 2.011287268996238831e-01
2.244568046927452043e-01 2.209991320967674144e-01 2.189358481764793474e-01 2.172538240253925335e-01 2.158601702749729234e-01 2.146910582482814689e-01 2.136980147659778562e-01 2.128432890772819497e-01 2.120972608029842443e-01 2.114369831979274750e-01 2.108444124460220337e-01 2.103057679533958391e-01 2.098101767897605774e-01 2.093492265045642786e-01 2.089163661003112793e-01 2.085064819455146878e-01 2.081155008077621438e-01 2.077401997148990709e-01 2.073780398070812214e-01 2.070268589258194014e-01
2.492561206221580450e-01 2.415754857659339894e-01 2.362570154666900624e-01 2.318997263908386119e-01 2.282395142316818171e-01 2.250978413224220265e-01 2.223487594723701499e-01 2.198956875503063069e-01 2.176640789210796401e-01 2.155969037115573750e-01 2.136525757610797938e-01 2.118022005259990737e-01 2.100269272923469543e-01 2.083160337805748108e-01 2.066650253534317028e-01 2.050734825432300457e-01 2.035432177782058594e-01 2.020776164531707664e-01 2.006794413924217202e-01 1.993508109450340404e-01
2.471132814884185736e-01 2.367976823449134960e-01 2.295508146286010798e-01 2.240757128596305714e-01 2.201322603225707997e-01 2.173631018400192239e-01 2.154123926162719860e-01 2.140000990033149586e-01 2.129332809150218941e-01 2.120873159170150735e-01 2.113850694894790772e-01 2.107787811756134111e-01 2.102393974363803986e-01 2.097484889626503035e-01 2.092943285405635956e-01 2.088690680265426758e-01 2.084674608707428045e-01 2.080856257677078380e-01 2.077204698324203458e-01 2.073699052631854944e-01
2.881586527824401833e-01 2.725677961111068748e-01 2.585345703363418624e-01 2.446364252269268014e-01 2.315543949604034479e-01 2.206052881479263206e-01 2.123076388239860668e-01 2.063674664497375522e-01 2.022100201249122653e-01 1.992951336503028803e-01 1.972137734293937794e-01 1.956841248273849532e-01 1.945203210413455897e-01 1.936019021272659402e-01 1.928510631620883875e-01 1.922172529995441470e-01 1.916674897074699402e-01 1.911796872317791107e-01 1.907391074299812361e-01 1.903353759646415622e-01
2.766286066174507008e-01 2.638237887620926148e-01 2.535108131170272783e-01 2.442319834232330455e-01 2.358213779330253501e-01 2.284550136327743453e-01 2.222590249776840166e-01 2.172025823593139726e-01 2.131460863351821999e-01 2.099075692892074518e-01 2.073093062639236317e-01 2.052002173662185736e-01 2.034608942270278997e-01 2.020012421905994504e-01 2.007543456554412853e-01 1.996713674068451017e-01 1.987163962423801333e-01 1.978629513084888547e-01 1.970916618406772514e-01 1.963876385986804973e-01
2.460064253211021457e-01 2.400218272209167503e-01 2.354460111260414101e-01 2.311334100365638744e-01 2.269639882445335377e-01 2.228803786635398798e-01 2.188918542861938432e-01 2.150559154152870134e-01 2.114541494846343961e-01 2.081697398424148526e-01 2.052665609121322732e-01 2.027724280953407399e-01 2.006769901514053323e-01 1.989407180249690987e-01 1.975087358057499021e-01 1.963241808116436005e-01 1.953358736634254467e-01 1.945014037191867828e-01 1.937871831655502419e-01 1.931675733625888847e-01
2.649582311511039512e-01 2.567187470197677679e-01 2.510224047303200035e-01 2.462826713919639698e-01 2.420775347948074252e-01 2.381397318840026978e-01 2.342182907462120045e-01 2.300273773074150152e-01 2.253248748183250549e-01 2.201593068242073126e-01 2.150134292244911260e-01 2.105018916726112410e-01 2.069416300952434673e-01 2.042914119362831127e-01 2.023459787666797571e-01 2.008946438133716594e-01 1.997763963043689694e-01 1.988820713758468750e-01 1.981405678391456593e-01 1.975065331161022231e-01
2.350735266506671917e-01 2.299299927055835635e-01 2.259970173239707891e-01 2.226273584365844604e-01 2.198114009201526664e-01 2.174820101261139005e-01 2.155501857399940435e-01 2.139279687404632702e-01 2.125400723516941148e-01 2.113265411555766971e-01 2.102418059110641446e-01 2.092526015639305237e-01 2.083352006971836146e-01 2.074729450047016199e-01 2.066543479263782401e-01 2.058716723322868425e-01 2.051197898387908947e-01 2.043949644267558929e-01 2.036950811743736267e-01 2.030184435844421265e-01
2.614349195361137523e-01 2.507760208845138394e-01 2.428049486875533958e-01 2.361362195014953536e-01 2.306365557014942169e-01 2.261112393438816093e-01 2.223675653338432201e-01 2.192445996403694086e-01 2.166168226301670163e-01 2.143886964023113129e-01 2.124860855937004134e-01 2.108495938777923684e-01 2.094303415715694505e-01 2.081876693665981326e-01 2.070875845849514119e-01 2.061019699275493666e-01 2.052075506746768863e-01 2.043854066729545726e-01 2.036206850409507663e-01 2.029012507200241011e-01
2.179097086191177368e-01 2.142844586074352242e-01 2.126030264794826485e-01 2.112891493737697468e-01 2.102001973986625805e-01 2.092562662065029222e-01 2.084081132709980078e-01 2.076255108416080464e-01 2.068888129293918743e-01 2.061842530965805054e-01 2.055026543140411333e-01 2.048367391526698944e-01 2.041811938583850961e-01 2.035316509008407715e-01 2.028848187625408306e-01 2.022374086081981659e-01 2.015870979428291410e-01 2.009319622814655371e-01 2.002707089483737879e-01 1.996023516356945082e-01
2.119426618516445093e-01 2.085734209418296792e-01 2.062937420606613115e-01 2.042683881521225042e-01 2.024543824791908142e-01 2.008243164420127902e-01 1.993572419881820545e-01 1.980348800122737896e-01 1.968410477042198126e-01 1.957606661319732655e-01 1.947797948122024503e-01 1.938858142495155368e-01 1.930675452947616666e-01 1.923151770234108049e-01 1.916203439235687200e-01 1.909757979214191381e-01 1.903754378855228302e-01 1.898141603171825398e-01 1.892877946794032928e-01 1.887923590838909149e-01
2.448751966655254297e-01 2.405106566846370586e-01 2.374219450354576044e-01 2.345541089773178212e-01 2.318784518539905581e-01 2.293930968642234891e-01 2.271001949906349127e-01 2.249979674816131592e-01 2.230772732198238462e-01 2.213223531842231639e-01 2.197130239009857100e-01 2.182281360030174366e-01 2.168479467928409454e-01 2.155551365017890908e-01 2.143355321884155285e-01 2.131786230206489663e-01 2.120759764313697726e-01 2.110216772556304798e-01 2.100111930072307564e-01 2.090410125255584839e-01
3.159595239162444891e-01 2.860555249452590987e-01 2.619840882718563191e-01 2.446176721155643441e-01 2.327504625916481107e-01 2.246068939566612244e-01 2.188677030801773060e-01 2.146886792778968933e-01 2.115413460135459889e-01 2.090925160050392251e-01 2.071285185217857372e-01 2.055097132921218928e-01 2.041420471668243530e-01 2.029610681533813576e-01 2.019215090572833993e-01 2.009909749031066895e-01 2.001460368931293476e-01 1.993694682419299979e-01 1.986485156416893105e-01 1.979737928509712197e-01
2.793488910794257873e-01 2.695184713602066240e-01 2.614800995588302812e-01 2.545334988832473888e-01 2.487611955404281650e-01 2.440272220969200156e-01 2.401111495494842596e-01 2.368157073855400030e-01 2.339925938844680808e-01 2.315350463986396712e-01 2.293642234802246160e-01 2.274210202693939253e-01 2.256595510244369385e-01 2.240438634157180808e-01 2.225450773537158977e-01 2.211395202577114139e-01 2.198078651726246002e-01 2.185341545939445407e-01 2.173050543665885903e-01 2.161095787584781658e-01
2.265107381343841597e-01 2.192721027135849099e-01 2.147716102004051109e-01 2.113531652092933699e-01 2.086501395702362038e-01 2.064294660091400280e-01 2.045527113974094369e-01 2.029379375278949627e-01 2.015336455404758420e-01 2.003036849200725555e-01 1.992203693091869343e-01 1.982610221207141976e-01 1.974068145453929946e-01 1.966416560113430079e-01 1.959520508348941703e-01 1.953268687427043848e-01 1.947562806308269501e-01 1.942321571707725514e-01 1.937475085258483776e-01 1.932963413000106934e-01
2.247944554686546192e-01 2.205566343665122941e-01 2.175891177356243100e-01 2.149323149025440249e-01 2.125139175355434396e-01 2.102837617695331451e-01 2.082075054943561543e-01 2.062628893554210585e-01 2.044355797767639094e-01 2.027169293165206887e-01 2.011009901762008667e-01 1.995836444199085291e-01 1.981617946922779039e-01 1.968323631584644184e-01 1.955922122299671162e-01 1.944379270076751764e-01 1.933656685054302160e-01 1.923711684346199047e-01 1.914497369527816684e-01 1.905966340005397774e-01
2.392549434304237499e-01 2.306679369509220257e-01 2.246230900287628229e-01 2.198701757192611794e-01 2.160091188549995433e-01 2.127652472257614003e-01 2.099606980383396104e-01 2.074842336773872475e-01 2.052681897580623527e-01 2.032704427838325500e-01 2.014636439085006614e-01 1.998276926577091106e-01 1.983465504646301225e-01 1.970062518119811978e-01 1.957938985526561648e-01 1.946974992752075195e-01 1.937059044837951549e-01 1.928086106479167949e-01 1.919957494735717862e-01 1.912585288286209051e-01
2.485654097795486350e-01 2.349888345599174533e-01 2.250778415799140897e-01 2.176504033803939864e-01 2.122325125336647078e-01 2.082738074660301086e-01 2.053132370114326422e-01 2.030199335515499026e-01 2.011724571883678481e-01 1.996267783641815230e-01 1.982903753221035015e-01 1.971033048629760864e-01 1.960262228548526886e-01 1.950333106517791737e-01 1.941070289909839763e-01 1.932355564832687334e-01 1.924106292426586151e-01 1.916265492141246696e-01 1.908791910111904133e-01 1.901656299829483088e-01
2.218763864040374789e-01 2.170676341652870156e-01 2.136310598254203830e-01 2.108061844110488969e-01 2.084272831678390392e-01 2.063758540153503296e-01 2.045797142386436562e-01 2.029932388663291953e-01 2.015837156772613548e-01 2.003262752294540372e-01 1.992004786431789409e-01 1.981895250082016113e-01 1.972790302336215884e-01 1.964568591117858976e-01 1.957119019329547904e-01 1.950348421931266674e-01 1.944173632562160581e-01 1.938522243499755937e-01 1.933327445387840182e-01 1.928534002602100283e-01
2.405613112449646041e-01 2.325368881225585993e-01 2.264544671773910389e-01 2.214855360984802346e-01 2.175157386064529297e-01 2.143601027131080694e-01 2.118314689397811923e-01 2.097720676660537742e-01 2.080612376332283131e-01 2.066101261973380954e-01 2.053539913892745983e-01 2.042455737292766527e-01 2.032498398423194796e-01 2.023402267694473233e-01 2.014967921376228377e-01 2.007042515277862593e-01 1.999509283900260947e-01 1.992285263538360607e-01 1.985312217473983731e-01 1.978556352853775013e-01
3.001580861210823015e-01 2.886563587188720748e-01 2.776599168777466042e-01 2.659229180216789445e-01 2.536061429977417014e-01 2.418195563554763894e-01 2.318439477682113781e-01 2.240843868255615323e-01 2.181732770800590415e-01 2.135834085941314686e-01 2.099215766787528858e-01 2.069381494820118073e-01 2.044732265174388774e-01 2.024157403409481137e-01 2.006817996501922552e-01 1.992055757343769162e-01 1.979345755279064145e-01 1.968271562457084567e-01 1.958499604463577182e-01 1.949778313934802942e-01
2.393907701969146817e-01 2.348792332410812311e-01 2.312205472588539090e-01 2.277908125519752525e-01 2.246022593975067205e-01 2.216631722450256303e-01 2.189664870500564464e-01 2.164941903948783830e-01 2.142239338159561135e-01 2.121347495913505632e-01 2.102087880671024422e-01 2.084317496418952864e-01 2.067918708920478688e-01 2.052787564694881495e-01 2.038829168677329939e-01 2.025948925316333749e-01 2.014053477346897103e-01 2.003054605424404166e-01 1.992865717411041182e-01 1.983408278226852506e-01
3.623276794701814629e-01 3.208922278508544168e-01 2.856773072481155196e-01 2.597713103145360969e-01 2.429714754223823436e-01 2.326736116409301725e-01 2.263160797953605585e-01 2.221858474612236067e-01 2.192656590044498310e-01 2.169422571361064866e-01 2.147885723412036874e-01 2.124283242225646906e-01 2.094895815849304177e-01 2.056948123872280043e-01 2.010932336747646432e-01 1.962008155882358496e-01 1.917431473731994740e-01 1.881967209279537256e-01 1.856228083372116200e-01 1.838304227590560891e-01
2.706026643514632957e-01 2.623417216539383201e-01 2.553083425760269143e-01 2.482816329598426797e-01 2.411043012142181363e-01 2.337654879689216592e-01 2.263866347074508789e-01 2.192397800087928783e-01 2.127152878046035811e-01 2.071674408018588931e-01 2.027498658001422871e-01 1.993908657133579287e-01 1.968905003368854600e-01 1.950256024301052216e-01 1.936059799790382507e-01 1.924890202283859320e-01 1.915751498937606767e-01 1.907972632348537423e-01 1.901114487648010165e-01 1.894888786971569150e-01
2.382579320669174217e-01 2.294230061769485518e-01 2.228765895962715182e-01 2.177064406871795643e-01 2.137217989563942044e-01 2.106576764583587558e-01 2.082651641964912426e-01 2.063466812670230743e-01 2.047580233216285683e-01 2.033993758261203877e-01 2.022027163207530953e-01 2.011227451264858135e-01 2.001292125880718142e-01 1.992025168240070254e-01 1.983295966684818223e-01 1.975019888579845340e-01 1.967146134376525912e-01 1.959641119837760848e-01 1.952485617995262102e-01 1.945667546987533691e-01
3.091045755147934226e-01 2.891809856891632280e-01 2.723197591304779008e-01 2.575871965289115995e-01 2.451249802112579479e-01 2.349339118599891585e-01 2.268519651889800981e-01 2.205854418873786915e-01 2.157773253321647600e-01 2.120738665759563379e-01 2.091691380739212069e-01 2.068243095278740062e-01 2.048654390871524900e-01 2.031733562052250031e-01 2.016693264245986994e-01 2.003039440512657254e-01 1.990473747253417858e-01 1.978816346824169292e-01 1.967960409820079803e-01 1.957833902537822746e-01
2.477192777395248457e-01 2.425157111883163574e-01 2.377062368392944269e-01 2.328546780347824086e-01 2.282022424042224884e-01 2.239426830410957414e-01 2.201753188669681449e-01 2.169163821637630496e-01 2.141327559947967529e-01 2.117698413133621282e-01 2.097684256732463837e-01 2.080716344714164667e-01 2.066282694041728929e-01 2.053935801982879616e-01 2.043292772769927934e-01 2.034031699597835530e-01 2.025888888537883681e-01 2.018649806082248588e-01 2.012140469253063113e-01 2.006224754452705372e-01
2.159971316158771637e-01 2.133096850663423472e-01 2.114404942095279571e-01 2.097859740257263239e-01 2.082899738103151377e-01 2.069142965227365460e-01 2.056328942626714784e-01 2.044282312691211578e-01 2.032885010540485260e-01 2.022059154510497947e-01 2.011750303208827972e-01 2.001921303570270427e-01 1.992544434964656774e-01 1.983601176738739036e-01 1.975075928866863173e-01 1.966958355903625499e-01 1.959238676726818007e-01 1.951909054815769151e-01 1.944961231946945313e-01 1.938385193049907695e-01
2.233545871078967959e-01 2.203491865098476388e-01 2.183203916251659493e-01 2.165079773962497733e-01 2.148843219876289401e-01 2.134276381134986855e-01 2.121166399121284518e-01 2.109308812022209212e-01 2.098513585329055686e-01 2.088611428439617057e-01 2.079452468454837666e-01 2.070901776850223586e-01 2.062855468690395488e-01 2.055225309729576122e-01 2.047945295274257727e-01 2.040964193642139379e-01 2.034243199229240351e-01 2.027751846611499653e-01 2.021467880904674608e-01 2.015370289981365248e-01
2.310862648487091164e-01 2.279044765233993464e-01 2.252379587292671070e-01 2.225476217269897472e-01 2.198833322525024503e-01 2.173102110624313410e-01 2.148892766237258944e-01 2.126653105020523127e-01 2.106611214578151814e-01 2.088796739280223969e-01 2.073084892332553997e-01 2.059253609180450306e-01 2.047040261328220423e-01 2.036180618405342146e-01 2.026432818174362105e-01 2.017596168816089552e-01 2.009503911435604195e-01 2.002023589611053589e-01 1.995051628351211526e-01 1.988508087396621826e-01
2.264727829396724623e-01 2.238555076718330428e-01 2.221616949141025643e-01 2.204953423142433089e-01 2.188373978435993183e-01 2.171824087202549047e-01 2.155300511419773191e-01 2.138837158679962047e-01 2.122485239803791057e-01 2.106313145160675082e-01 2.090392543375492185e-01 2.074798582494258858e-01 2.059602253139019012e-01 2.044869013130664881e-01 2.030657210946082980e-01 2.017009599506854878e-01 2.003960734605789162e-01 1.991533374786376986e-01 1.979737128317356210e-01 1.968574009835720173e-01
2.519836264848709373e-01 2.412898159027099532e-01 2.340050047636031971e-01 2.276576504111290089e-01 2.217190572619438249e-01 2.162343737483024553e-01 2.114186798036098436e-01 2.073969988524913821e-01 2.041384516656398751e-01 2.015175867080688521e-01 1.993892377614975009e-01 1.976287940144538791e-01 1.961422482132911815e-01 1.948618918657302745e-01 1.937404930591583307e-01 1.927438436448574155e-01 1.918476621806621540e-01 1.910334646701812855e-01 1.902876491844654183e-01 1.895994092524051766e-01
2.211506518721580439e-01 2.173248216509819086e-01 2.151308953762054443e-01 2.134128609299659751e-01 2.120155511796474324e-01 2.108403688669204801e-01 2.098223194479942322e-01 2.089171174168586720e-01 2.080945064127445177e-01 2.073329021036624809e-01 2.066171906888484844e-01 2.059360721707343966e-01 2.052812810242176100e-01 2.046469467878341553e-01 2.040282654762267944e-01 2.034221234917640564e-01 2.028257291018962793e-01 2.022373719513416157e-01 2.016556152701377835e-01 2.010796360671520122e-01
4.106673198193311891e-01 3.676335458457469785e-01 3.269819492101669334e-01 2.954929217696189991e-01 2.735193091630935824e-01 2.582977363467216514e-01 2.472243306040763922e-01 2.386133328080177196e-01 2.315174028277397211e-01 2.254545602202415455e-01 2.202024912834167347e-01 2.156617805361747686e-01 2.117737148702144578e-01 2.084797732532024384e-01 2.057105834782123610e-01 2.033891865611076322e-01 2.014387330412864552e-01 1.997889429330825806e-01 1.983786623179912556e-01 1.971576158702373627e-01
2.641791933774947920e-01 2.557167679071426503e-01 2.499802151322364774e-01 2.448605790734291188e-01 2.398469436168670643e-01 2.347946861386299156e-01 2.297890073060989413e-01 2.250286743044853099e-01 2.207175236940383811e-01 2.169880717992782593e-01 2.138738977909088179e-01 2.113262547552585691e-01 2.092522971332073101e-01 2.075517159700393799e-01 2.061359201371669725e-01 2.049346952140331246e-01 2.038955049216747417e-01 2.029797481000423509e-01 2.021595706045627716e-01 2.014140161871910140e-01
2.436836817860603410e-01 2.379314568638801475e-01 2.338993144035339256e-01 2.305439764261245639e-01 2.277251765131950434e-01 2.253255686163902205e-01 2.232508118450641510e-01 2.214256682991981584e-01 2.197912698984146040e-01 2.183020551502704576e-01 2.169230416417121943e-01 2.156275722384452809e-01 2.143960171937942527e-01 2.132137791812419858e-01 2.120704552531242348e-01 2.109587182104587511e-01 2.098735174536704995e-01 2.088115236163139432e-01 2.077708312869072094e-01 2.067502386868000086e-01
