2.926395710336510136e-01 2.913031117920763524e-01 2.898088870942592821e-01 2.880654009012505457e-01 2.860551002435386403e-01 2.837736515002325377e-01 2.812305290251970180e-01 2.784499183669686406e-01 2.754689071234315834e-01 2.723341747559607229e-01 2.690967006981372922e-01 2.658068723045289294e-01 2.625102541223168218e-01 2.592453949153423198e-01 2.560424986481666387e-01 2.529248297959565961e-01 2.499095397442579192e-01 2.470098092406988188e-01 2.442356614768504963e-01 2.415954340249300003e-01
3.000186362862586886e-01 2.953917112946510271e-01 2.916872915625572382e-01 2.884278568625450179e-01 2.855563718080520452e-01 2.830118566751479992e-01 2.807375982403755299e-01 2.786823025345802063e-01 2.768000695109367193e-01 2.750495484471320862e-01 2.733926713466644509e-01 2.717942205071449124e-01 2.702212181687355108e-01 2.686423707008361861e-01 2.670291215181350708e-01 2.653559869527816750e-01 2.636014488339424311e-01 2.617503735423087896e-01 2.597957086563110196e-01 2.577398055791854659e-01
2.652159432694315977e-01 2.635814418271184012e-01 2.620463942736387386e-01 2.604288339987397283e-01 2.587208426371216952e-01 2.569214921444654687e-01 2.550374080240726538e-01 2.530814608186483516e-01 2.510723807662725293e-01 2.490324579179286901e-01 2.469858375191688604e-01 2.449559718370437622e-01 2.429641288518905595e-01 2.410283584147691616e-01 2.391626074910163935e-01 2.373771058022975944e-01 2.356783640384673972e-01 2.340702109783887874e-01 2.325538071990013167e-01 2.311287420988082930e-01
2.618476840667426364e-01 2.567825309187173888e-01 2.520315209031104842e-01 2.475063888356089647e-01 2.432684608548879579e-01 2.393636146187782254e-01 2.358163971826434113e-01 2.326328563690185647e-01 2.298025890439748808e-01 2.273047550022602170e-01 2.251119078695774101e-01 2.231934098899364394e-01 2.215180680900812049e-01 2.200556746125221230e-01 2.187785714119672709e-01 2.176615375280380182e-01 2.166823463141918094e-01 2.158214852213859447e-01 2.150622464716434590e-01 2.143903915584087494e-01
2.226379812508821610e-01 2.209855075180530426e-01 2.196464695036411396e-01 2.183550637960433860e-01 2.171126496791839500e-01 2.159209269285201904e-01 2.147822609543800221e-01 2.136997134983539548e-01 2.126768632233142775e-01 2.117170298099517733e-01 2.108227941393852334e-01 2.099959102272987432e-01 2.092370308935642131e-01 2.085455745458602850e-01 2.079197163879871468e-01 2.073567689955234661e-01 2.068531800806522325e-01 2.064049275219440593e-01 2.060074397921562162e-01 2.056562125682830922e-01
2.891152599453926109e-01 2.794610955566168009e-01 2.712653163820505364e-01 2.640651290863752498e-01 2.575779500603675998e-01 2.515955819189548692e-01 2.460490611195564337e-01 2.409393082559108668e-01 2.362780381739139623e-01 2.320669446885585685e-01 2.282965657114982561e-01 2.249474495649337880e-01 2.219944077730178766e-01 2.194078317284584023e-01 2.171565268933773052e-01 2.152080526947975081e-01 2.135299563407898060e-01 2.120909956097602744e-01 2.108614122867584206e-01 2.098135319352149863e-01
3.897348373383283660e-01 3.756883950158953489e-01 3.615434408932924337e-01 3.476624817028641790e-01 3.344661809876561254e-01 3.222304718941449986e-01 3.111074793338775568e-01 3.011416520178318290e-01 2.922921275347471481e-01 2.844593425840139522e-01 2.775088678300380862e-01 2.712905892729759461e-01 2.656531479954719610e-01 2.604548044502735249e-01 2.555721007287502511e-01 2.509077127277851149e-01 2.463969150185585100e-01 2.420120169222354789e-01 2.377613094449043396e-01 2.336812657117843528e-01
2.760406754910945670e-01 2.699337691813707418e-01 2.645605170726776367e-01 2.595108244568109512e-01 2.547947232425212816e-01 2.504068060219287739e-01 2.463382715731859129e-01 2.425793088972568456e-01 2.391190923005342417e-01 2.359456164389848731e-01 2.330445309728383929e-01 2.303996427357196675e-01 2.279929329454898901e-01 2.258054991066455741e-01 2.238181294500827812e-01 2.220119401812553350e-01 2.203693372011184815e-01 2.188739234209060580e-01 2.175107684731483471e-01 2.162664698064327151e-01
2.719543018937111145e-01 2.709488150477409318e-01 2.702243539690971641e-01 2.695444443821907177e-01 2.688976228237152100e-01 2.682760247588157898e-01 2.676733347773552207e-01 2.670847055315971330e-01 2.665061601996421836e-01 2.659351301193237371e-01 2.653694719076156727e-01 2.648080995678901428e-01 2.642504730820655623e-01 2.636962759494781428e-01 2.631457385420798989e-01 2.625992786884308039e-01 2.620574420690536255e-01 2.615208810567855591e-01 2.609898620843887351e-01 2.604651001095771856e-01
2.923987868428230552e-01 2.899011784419417426e-01 2.876162784546613671e-01 2.854026047140360012e-01 2.832664031535386817e-01 2.812148119509220168e-01 2.792529235780238928e-01 2.773837503045797348e-01 2.756075894832610840e-01 2.739237076789140524e-01 2.723293665796518437e-01 2.708213339745998427e-01 2.693957070261239761e-01 2.680479212850332416e-01 2.667736759781837441e-01 2.655684088170528478e-01 2.644278794527054055e-01 2.633481007814407193e-01 2.623251715302467590e-01 2.613554503023624576e-01
3.911868748813867591e-01 3.827962116152048289e-01 3.741842945665120879e-01 3.650307517498731502e-01 3.555205895006656736e-01 3.458986119925975822e-01 3.363831143081188468e-01 3.271479883790016085e-01 3.183231358230114161e-01 3.099982285499572887e-01 3.022279167175292991e-01 2.950392493605613620e-01 2.884362351894378396e-01 2.824062943458557351e-01 2.769247809052467479e-01 2.719593223929405168e-01 2.674728173017502098e-01 2.634259092807769709e-01 2.597792574763297946e-01 2.564939689636230313e-01
2.361955493688583374e-01 2.338396802544593922e-01 2.320801742374896948e-01 2.304252468049526326e-01 2.288640774786472321e-01 2.273890767991542938e-01 2.259940174221992393e-01 2.246736979484558194e-01 2.234234683215618189e-01 2.222394417226314645e-01 2.211181151866912775e-01 2.200563627481460505e-01 2.190513196587562661e-01 2.181004221737384841e-01 2.172013758122920968e-01 2.163516861200332764e-01 2.155491194128990040e-01 2.147917649149894692e-01 2.140774381160736040e-01 2.134041322767734616e-01
2.728052368760108815e-01 2.711114457249641507e-01 2.698716428875923001e-01 2.685801765322685108e-01 2.672293616831302732e-01 2.658148570358753182e-01 2.643340738117694877e-01 2.627872084081173121e-01 2.611776740849018341e-01 2.595126806199550829e-01 2.578025051951408630e-01 2.560597759485244707e-01 2.542984278500080020e-01 2.525320899486541704e-01 2.507734023034572379e-01 2.490331266820430822e-01 2.473204208910465274e-01 2.456421573460102203e-01 2.440039332211017542e-01 2.424094693362712771e-01
3.473433753848075844e-01 3.336962599679827446e-01 3.204943523555994211e-01 3.078783272951841621e-01 2.962496807426214240e-01 2.858513434976339140e-01 2.767812087386846698e-01 2.690210238099098317e-01 2.624747633934020885e-01 2.570027962327003368e-01 2.524489857256412284e-01 2.486579905450344019e-01 2.454865948855876889e-01 2.428100056946277674e-01 2.405235107243061110e-01 2.385427357256412473e-01 2.368014915287494637e-01 2.352489504218101546e-01 2.338469031453132563e-01 2.325667412579059679e-01
2.901902840286493257e-01 2.820984172821044966e-01 2.747844903171062225e-01 2.680432426929473810e-01 2.619230908900499477e-01 2.564252264797687308e-01 2.515275596082210408e-01 2.471939985454082445e-01 2.433812095224857364e-01 2.400415629148483221e-01 2.371264591813087574e-01 2.345884376764297563e-01 2.323824316263198853e-01 2.304668380320072096e-01 2.288041509687900599e-01 2.273604211211204540e-01 2.261059826612472623e-01 2.250146010518074002e-01 2.240635132789611794e-01 2.232329475879669123e-01
2.142626047134399414e-01 2.136034068465232916e-01 2.133365030586719391e-01 2.130898740887642029e-01 2.128590677678585119e-01 2.126417540013790242e-01 2.124358974397182465e-01 2.122399885952472587e-01 2.120527422428131192e-01 2.118730396032333374e-01 2.116998679935932215e-01 2.115325994789600261e-01 2.113704209029674541e-01 2.112129299342632160e-01 2.110595743358135157e-01 2.109100230038166157e-01 2.107639238238334656e-01 2.106209927797317583e-01 2.104810447990894395e-01 2.103438889980316084e-01
2.661355605721473783e-01 2.620469363033771648e-01 2.585541038215160570e-01 2.553265880048274927e-01 2.523561185598373613e-01 2.496194633841514465e-01 2.470860370993614163e-01 2.447243678569793746e-01 2.425105452537536510e-01 2.404329437017440896e-01 2.384902732074260789e-01 2.366848556697368489e-01 2.350178599357604925e-01 2.334871454536914803e-01 2.320875638723373380e-01 2.308114357292652130e-01 2.296497847139835347e-01 2.285932719707489125e-01 2.276322558522224371e-01 2.267576010525226560e-01
2.141166833043098572e-01 2.128628002107143535e-01 2.121030810475349471e-01 2.114243966341018688e-01 2.108161000907421145e-01 2.102699264883995112e-01 2.097785282135009866e-01 2.093351584672927812e-01 2.089343366026878424e-01 2.085705897212028481e-01 2.082396683096885692e-01 2.079374970495700969e-01 2.076607139408588321e-01 2.074061551690101757e-01 2.071711736917495605e-01 2.069535395503044051e-01 2.067511299252510204e-01 2.065622705221176192e-01 2.063853606581687872e-01 2.062192803621292203e-01
2.762628439068794406e-01 2.749150830507278709e-01 2.738858714699745067e-01 2.727852857112884610e-01 2.716045638918876404e-01 2.703412207961082281e-01 2.689958631992340199e-01 2.675714766979217507e-01 2.660732704401016502e-01 2.645085403323173545e-01 2.628863438963889854e-01 2.612170591950416787e-01 2.595118552446365467e-01 2.577825686335563637e-01 2.560408145189285167e-01 2.542975476384162770e-01 2.525631198287009993e-01 2.508465754985809149e-01 2.491555243730544933e-01 2.474962633848190319e-01
4.599862025864422388e-01 4.478756759408861199e-01 4.346507230121642307e-01 4.204090947564691483e-01 4.054537403769791215e-01 3.901466933265328452e-01 3.749780990928411328e-01 3.604988251626491391e-01 3.471608924865722812e-01 3.352198021858930344e-01 3.247378510236740290e-01 3.156423956155777200e-01 3.077882619202136905e-01 3.010044637322425998e-01 2.951220668852329032e-01 2.899882689118385426e-01 2.854709406197071253e-01 2.814594334363937356e-01 2.778633278608322321e-01 2.746088901162147544e-01
2.655053296312689937e-01 2.642678297683596633e-01 2.631992691010236474e-01 2.621609161794185572e-01 2.611428801715374171e-01 2.601335363090038211e-01 2.591180760413408501e-01 2.580794484168291159e-01 2.569984266161918773e-01 2.558533632010221437e-01 2.546214858442544804e-01 2.532794263213872799e-01 2.518052253127098239e-01 2.501806728541851044e-01 2.483945093303918938e-01 2.464456903189420622e-01 2.443454966694116604e-01 2.421187074482440971e-01 2.398014502972364292e-01 2.374360840022563812e-01
2.724876878107898026e-01 2.703395961015485072e-01 2.680237551988102762e-01 2.653645078884437902e-01 2.623379458580166190e-01 2.589464550651610075e-01 2.552253139391541525e-01 2.512453284114599117e-01 2.471094393730163541e-01 2.429405913315713372e-01 2.388656063750386194e-01 2.349970451742410538e-01 2.314200841635465633e-01 2.281868252903223038e-01 2.253180412203073524e-01 2.228086891025304883e-01 2.206356284022331360e-01 2.187655436247587237e-01 2.171609568595886108e-01 2.157842956483363994e-01
2.204055926203727644e-01 2.193248817324638389e-01 2.185571449995040993e-01 2.178262791037559598e-01 2.171261300146579698e-01 2.164548712968826227e-01 2.158121083676814989e-01 2.151981253921985693e-01 2.146132861077785503e-01 2.140579244494438260e-01 2.135325793921947490e-01 2.130373094975948345e-01 2.125721995532512676e-01 2.121369196474552077e-01 2.117309193313121896e-01 2.113534656167030401e-01 2.110036854445934418e-01 2.106801854074001334e-01 2.103818565607070978e-01 2.101072993874549821e-01
2.696728086471557595e-01 2.684681022167205722e-01 2.673847588896751670e-01 2.662359681725501859e-01 2.650230336189269842e-01 2.637516114115714960e-01 2.624305748939514404e-01 2.610707271099090843e-01 2.596848469972610207e-01 2.582863941788673401e-01 2.568890482187271007e-01 2.555058178305625871e-01 2.541486969590187051e-01 2.528275302052497842e-01 2.515504640340804898e-01 2.503234642744064375e-01 2.491503819823265020e-01 2.480331698060035672e-01 2.469720003008842590e-01 2.459658044576644997e-01
2.468818137794732970e-01 2.446919664740562494e-01 2.426672024279832862e-01 2.406663057208061340e-01 2.387121154367923825e-01 2.368250103294849418e-01 2.350214577466249455e-01 2.333129139989614520e-01 2.317066383361816306e-01 2.302057426422834396e-01 2.288101188838481959e-01 2.275169408321380538e-01 2.263217380642890963e-01 2.252186083793640270e-01 2.242013457417487976e-01 2.232627564668655529e-01 2.223963901400566046e-01 2.215954473614692721e-01 2.208538164198398657e-01 2.201657077670097218e-01
2.211498841643333435e-01 2.202500921487808294e-01 2.197917869687080472e-01 2.193517298996448539e-01 2.189248086512088909e-01 2.185097301006317105e-01 2.181052635610103707e-01 2.177108314633369457e-01 2.173256386816501684e-01 2.169490690529346510e-01 2.165807132422924164e-01 2.162200567126274231e-01 2.158665910363197216e-01 2.155200739204883587e-01 2.151800581812858548e-01 2.148463000357151154e-01 2.145183870196342435e-01 2.141960853338241710e-01 2.138792078197002400e-01 2.135673879086971150e-01
2.635561985149979525e-01 2.607006284967064991e-01 2.580366494506597386e-01 2.553792388737201602e-01 2.527489811927079999e-01 2.501699573546647959e-01 2.476636350899934780e-01 2.452472271025180894e-01 2.429334131628274884e-01 2.407298714667558681e-01 2.386401754617691051e-01 2.366646787524223361e-01 2.348015269637107882e-01 2.330470021069049880e-01 2.313961483538150843e-01 2.298440130054950625e-01 2.283849595487117690e-01 2.270134547352790910e-01 2.257243773341178761e-01 2.245126469433307570e-01
2.209678712487220809e-01 2.201350915431976307e-01 2.197349196672439553e-01 2.193515175580978416e-01 2.189801952242851346e-01 2.186186575889587369e-01 2.182650783658027782e-01 2.179180517792701777e-01 2.175762945413589611e-01 2.172389370203018089e-01 2.169050355255603690e-01 2.165742091834545191e-01 2.162454701960086767e-01 2.159189105033874623e-01 2.155939103662967704e-01 2.152704751491546498e-01 2.149484203755855638e-01 2.146276424825191431e-01 2.143083690106868666e-01 2.139907209575176161e-01
3.122164720296859985e-01 3.080302351713180564e-01 3.048528924584388844e-01 3.020671463012695179e-01 2.996137171983718761e-01 2.974341109395027272e-01 2.954765892028808350e-01 2.936960437893867404e-01 2.920538213849067644e-01 2.905160269141197071e-01 2.890529444813728088e-01 2.876381549239158675e-01 2.862474563717842257e-01 2.848589572310447626e-01 2.834522506594657765e-01 2.820081555843353405e-01 2.805092638731002674e-01 2.789395835995673867e-01 2.772855088114738464e-01 2.755362191796302818e-01
2.462064641714095947e-01 2.410044641792774278e-01 2.368628893792629198e-01 2.332472865283489183e-01 2.301123878359794539e-01 2.274013221263885554e-01 2.250582544505596028e-01 2.230328118801117032e-01 2.212801349163055487e-01 2.197610655426979198e-01 2.184417939186096280e-01 2.172933259606361356e-01 2.162909486889839084e-01 2.154135558009147577e-01 2.146433344483375527e-01 2.139650738239288197e-01 2.133658441901206959e-01 2.128347799181938282e-01 2.123624828457832403e-01 2.119411885738372858e-01
3.394290342181920939e-01 3.253997641056776136e-01 3.124850444495678170e-01 3.006140808761119665e-01 2.899472736567259012e-01 2.805141187459230245e-01 2.722722148150205634e-01 2.651368518173694566e-01 2.590023262053728348e-01 2.537548013031482586e-01 2.492814952135086193e-01 2.454757101833820454e-01 2.422398465871810902e-01 2.394860038161277793e-01 2.371362175047397602e-01 2.351218336820602439e-01 2.333827656507491966e-01 2.318669113516807490e-01 2.305294018983840842e-01 2.293318949639797100e-01
2.403204740583896604e-01 2.376813231408596017e-01 2.356273126602172752e-01 2.336384268105030082e-01 2.317095001041889202e-01 2.298450465500354867e-01 2.280508330464363076e-01 2.263325482606887706e-01 2.246947826445102603e-01 2.231410083174705516e-01 2.216733457148075126e-01 2.202928809821605716e-01 2.189993464946746737e-01 2.177916169166564941e-01 2.166677676141262054e-01 2.156248554587364141e-01 2.146596847474575021e-01 2.137683752179145857e-01 2.129469040036201521e-01 2.121910886466503166e-01
2.081286223232746146e-01 2.073012490570545208e-01 2.069444350898265728e-01 2.066249074041843492e-01 2.063361537456512573e-01 2.060738240182399816e-01 2.058345402777194966e-01 2.056150880455970831e-01 2.054132351279258639e-01 2.052267208695411627e-01 2.050538948178291243e-01 2.048931878805160534e-01 2.047432732582092352e-01 2.046030831336975164e-01 2.044716227054595992e-01 2.043481341004371732e-01 2.042318601906299713e-01 2.041220523416996113e-01 2.040182560682296808e-01 2.039199675619602081e-01
2.262321232259273396e-01 2.244053357839584373e-01 2.230640026926994368e-01 2.218233391642570607e-01 2.206863063573837325e-01 2.196521127223968473e-01 2.187171220779418890e-01 2.178751543164253179e-01 2.171190494298934903e-01 2.164409035444259666e-01 2.158327159285545471e-01 2.152868193387985352e-01 2.147957557439804099e-01 2.143529036641120822e-01 2.139520272612571716e-01 2.135878312587738137e-01 2.132554060220718251e-01 2.129507845640182528e-01 2.126698476076126221e-01 2.124099183082580611e-01
2.634595409035682678e-01 2.597670376300811879e-01 2.562927440181374528e-01 2.529344084113836488e-01 2.497284097969532102e-01 2.467048288881778795e-01 2.438826559484005008e-01 2.412701507657766253e-01 2.388662312924861864e-01 2.366629134118556910e-01 2.346476860344409998e-01 2.328055426478385925e-01 2.311207376420497950e-01 2.295776064693927643e-01 2.281615570187568720e-01 2.268591158092022053e-01 2.256583587825298221e-01 2.245489029586315022e-01 2.235215365886688288e-01 2.225683525204658619e-01
2.994698110222816512e-01 2.932751408219337330e-01 2.879645365476608543e-01 2.831199407577514870e-01 2.787348470091819963e-01 2.747793644666671753e-01 2.712169116735458352e-01 2.680095145106315413e-01 2.651199376583099343e-01 2.625132513046264382e-01 2.601573249697685108e-01 2.580226218700408802e-01 2.560824522376060619e-01 2.543131595849990600e-01 2.526936349272728144e-01 2.512053358554839910e-01 2.498317930102348372e-01 2.485588693618774325e-01 2.473740211129188404e-01 2.462664905190467823e-01
2.801785872876644268e-01 2.709625625610351807e-01 2.629219050705433047e-01 2.557647153735160828e-01 2.495458655059337727e-01 2.442172896862030151e-01 2.396789717674255304e-01 2.358133552968502133e-01 2.325071449577808258e-01 2.296609894931316287e-01 2.271925778687000352e-01 2.250355248153209642e-01 2.231374724209308491e-01 2.214567245543003216e-01 2.199605165421962827e-01 2.186225315928459201e-01 2.174214208126068193e-01 2.163395547866821256e-01 2.153624129295349243e-01 2.144773888587951649e-01
3.341228809952735967e-01 3.269229809939861453e-01 3.205205748975277213e-01 3.145986476540565402e-01 3.091813442111015497e-01 3.042527948319911912e-01 2.997783392667770497e-01 2.957127308845520219e-01 2.920058712363243214e-01 2.886065486073494113e-01 2.854650676250457542e-01 2.825348198413848988e-01 2.797739043831825034e-01 2.771456465125083923e-01 2.746187973022460871e-01 2.721684876084327631e-01 2.697764080762863337e-01 2.674306738376617254e-01 2.651256453990936124e-01 2.628613391518592746e-01
3.309924590587616233e-01 3.210272224247455730e-01 3.118105854094028739e-01 3.030173682421445913e-01 2.947326105833053544e-01 2.869913463294506140e-01 2.798047152161597939e-01 2.731692202389240376e-01 2.670711033046245797e-01 2.614894933998584969e-01 2.563985140621662384e-01 2.517691576480865501e-01 2.475699788331985340e-01 2.437693327665328979e-01 2.403351719677448151e-01 2.372362801432609525e-01 2.344420248270034923e-01 2.319234231114387645e-01 2.296534386277198914e-01 2.276066908240318432e-01
2.734101298451423467e-01 2.698224818706512207e-01 2.667414891719818160e-01 2.637375915050506614e-01 2.608036392927169933e-01 2.579338929057121144e-01 2.551292696595192089e-01 2.523966118693351524e-01 2.497470074892044201e-01 2.471934407949447632e-01 2.447486686706542847e-01 2.424240222573280368e-01 2.402281263470649741e-01 2.381659540534019348e-01 2.362391149997711270e-01 2.344456821680069025e-01 2.327814733982086215e-01 2.312399935722350974e-01 2.298131513595580988e-01 2.284925514459610063e-01
2.915640254318714319e-01 2.846771381795406564e-01 2.783066129684448331e-01 2.722286847233772455e-01 2.665321543812751992e-01 2.612657418847084134e-01 2.564522126317024253e-01 2.520941036939621238e-01 2.481789988279342607e-01 2.446830871701240473e-01 2.415756389498710521e-01 2.388224649429321333e-01 2.363878712058067322e-01 2.342371585965156433e-01 2.323370552062988259e-01 2.306569048762321383e-01 2.291688349843025163e-01 2.278477814793586631e-01 2.266720479726791471e-01 2.256221064925193753e-01
2.529112146981060683e-01 2.476516918838024273e-01 2.426986323483288355e-01 2.380007841810584113e-01 2.336396016553044241e-01 2.296710456907749276e-01 2.261215041205286991e-01 2.229910284280776922e-01 2.202608700841665323e-01 2.178996127843856878e-01 2.158695497363805893e-01 2.141309525817632620e-01 2.126449941843747971e-01 2.113758322596550054e-01 2.102913556993007693e-01 2.093634013831615348e-01 2.085678260028362152e-01 2.078841015696525629e-01 2.072944839298725139e-01 2.067845632135868195e-01
2.641235592961311274e-01 2.600920334458350913e-01 2.566541436314582758e-01 2.532808101177215776e-01 2.500283375382423290e-01 2.469436377286911011e-01 2.440565422177314869e-01 2.413821730017662037e-01 2.389246712625026636e-01 2.366803114116191875e-01 2.346407628059387074e-01 2.327944196760654560e-01 2.311280527710914690e-01 2.296275758743286100e-01 2.282787036895752020e-01 2.270675703883170971e-01 2.259809581935405820e-01 2.250063255429267939e-01 2.241321621835231648e-01 2.233477267622947793e-01
2.866919162869453475e-01 2.853696471452712990e-01 2.844440180063247947e-01 2.835122185945511131e-01 2.825460788607597196e-01 2.815233403444289961e-01 2.804269465804100081e-01 2.792449241876602262e-01 2.779699853062629900e-01 2.765985023975372492e-01 2.751293432712554887e-01 2.735627278685569541e-01 2.718995362520217896e-01 2.701413020491599815e-01 2.682898068428039573e-01 2.663476157188415794e-01 2.643184012174606412e-01 2.622072687745094499e-01 2.600214061141014055e-01 2.577701535820960954e-01
3.122815573215484419e-01 3.080858564376831032e-01 3.048717573285102955e-01 3.020956081151962014e-01 2.996981906890869296e-01 2.976168075203895480e-01 2.957923549413681297e-01 2.941714972257614136e-01 2.927082908153533780e-01 2.913649299740791454e-01 2.901122048497200012e-01 2.889279055595397883e-01 2.877957978844642439e-01 2.867044082283973783e-01 2.856458654999732838e-01 2.846148890256881558e-01 2.836082923412323042e-01 2.826242142915725841e-01 2.816619399189949080e-01 2.807212999463081227e-01
2.459031666815280903e-01 2.434012055397033747e-01 2.414872595667839072e-01 2.396237140893936191e-01 2.378058850765228383e-01 2.360347719490528129e-01 2.343123269081115734e-01 2.326406647264957495e-01 2.310218209028244152e-01 2.294574731588363559e-01 2.279492823779583066e-01 2.264982804656028859e-01 2.251053771376609891e-01 2.237710136175155573e-01 2.224954618513584059e-01 2.212787660956382629e-01 2.201204380393028126e-01 2.190199321508407571e-01 2.179763045907020524e-01 2.169884994626045116e-01
3.371003128588199727e-01 3.278462083637714297e-01 3.189304479956626692e-01 3.101884925365447909e-01 3.017942513525486148e-01 2.938655501604079956e-01 2.864745037257671600e-01 2.796539600193500563e-01 2.734042748808860890e-01 2.677010697126388505e-01 2.625035926699638145e-01 2.577629685401916504e-01 2.534273037314415111e-01 2.494477218389511142e-01 2.457814487814903304e-01 2.423933377861976490e-01 2.392567086219787587e-01 2.363512939214706399e-01 2.336621624231338401e-01 2.311779549717903059e-01
3.827184808999299914e-01 3.749642605334520540e-01 3.675608019530773318e-01 3.602427681535482207e-01 3.529748965799808236e-01 3.456455083936452732e-01 3.381298393011092918e-01 3.303806237876415475e-01 3.224741353094577878e-01 3.145718751847744188e-01 3.068533103168010756e-01 2.994708542525768014e-01 2.925333054363727370e-01 2.861058948934078194e-01 2.802177801728248374e-01 2.748703011870384239e-01 2.700457125902175903e-01 2.657134902477264471e-01 2.618357259035110629e-01 2.583710390329361228e-01
2.318619502335786953e-01 2.294090580195188578e-01 2.272912630438804760e-01 2.252645646780729316e-01 2.233338324725627766e-01 2.215081737935543083e-01 2.197971903532743576e-01 2.182081776857376088e-01 2.167453221976756994e-01 2.154096612334251426e-01 2.141987875103950612e-01 2.131072854995727517e-01 2.121281057596206554e-01 2.112525880336761364e-01 2.104714088141918238e-01 2.097753834724426225e-01 2.091555228829383717e-01 2.086033172905445154e-01 2.081109279394149914e-01 2.076712943613529261e-01
2.087858496606349867e-01 2.076130664348602162e-01 2.069888095557689545e-01 2.064565888047218412e-01 2.060005941987037570e-01 2.056086324155330658e-01 2.052704551815986711e-01 2.049777600169181702e-01 2.047231419384479556e-01 2.045006723701953966e-01 2.043055048584938027e-01 2.041332274675369263e-01 2.039804753661155767e-01 2.038441546261310633e-01 2.037221093475818645e-01 2.036120849847793679e-01 2.035123705863952637e-01 2.034215232729911782e-01 2.033382859826088074e-01 2.032617670297622581e-01
