9.322918009576823817e-01 7.839405362433171653e-01 6.617817143118008838e-01 5.579233546729664983e-01 4.602723227432579667e-01 3.711944264871999688e-01 3.007262558390539353e-01 2.523192820546683035e-01 2.218032571952789911e-01 2.030574152804911214e-01 1.912988519016653177e-01 1.835262390039861247e-01 1.780178700014948823e-01 1.738157527148723736e-01 1.703900054749101500e-01 1.674464196898043100e-01 1.648200241290032897e-01 1.624170466605573959e-01 1.601841838238760862e-01 1.580906028207391401e-01
7.717723839730024071e-01 6.271061177982483192e-01 5.117825370680257890e-01 4.227288161762986496e-01 3.523016904342182176e-01 2.947539059905102676e-01 2.477603343868281516e-01 2.107519709815096620e-01 1.829583461608854100e-01 1.628515052201691959e-01 1.485908456068136818e-01 1.385150490629530329e-01 1.313411924021306854e-01 1.261558249733207016e-01 1.223339091525122019e-01 1.194539461242675321e-01 1.172317897109314833e-01 1.154752763520809772e-01 1.140535681214532859e-01 1.128759897415875513e-01
3.846061748312786244e-01 3.128726107365218945e-01 2.617103336046057160e-01 2.260507381334900812e-01 2.016005393862724260e-01 1.847492061711454858e-01 1.728652632327248306e-01 1.641767918126424697e-01 1.575429335294757094e-01 1.522481873258948459e-01 1.478509200562257431e-01 1.440833106994250656e-01 1.407842660212190733e-01 1.378580484422854968e-01 1.352468080818653162e-01 1.329134080745279778e-01 1.308310554060153619e-01 1.289770980179309745e-01 1.273298919748049318e-01 1.258679724799003363e-01
5.698296100384598883e-01 5.276281192873284454e-01 4.964711111424549017e-01 4.398358058300073092e-01 3.501617911853827647e-01 2.620242390086059414e-01 2.008208679021526999e-01 1.650527806640366135e-01 1.450794899650691139e-01 1.336686655734956597e-01 1.268022758440565667e-01 1.224099175125630268e-01 1.194250847578223335e-01 1.172813675520592430e-01 1.156661020324099842e-01 1.143990855349693442e-01 1.133712654036935358e-01 1.125144660042133177e-01 1.117838680051500000e-01 1.111494369676802318e-01
4.666854859143495515e-01 3.702477610659843932e-01 3.024883766088168890e-01 2.565282270312309043e-01 2.253167646797373802e-01 2.036519272369332612e-01 1.882017260557040661e-01 1.768872419552735553e-01 1.683939283422660194e-01 1.618680742767173719e-01 1.567439581034704987e-01 1.526384304510429446e-01 1.492866623867303011e-01 1.465027161035686865e-01 1.441530874045565680e-01 1.421413094224408258e-01 1.403958168160170383e-01 1.388634249501046747e-01 1.375037983474612646e-01 1.362860247182470508e-01
5.293384245014749467e-01 4.391356351607828556e-01 3.648979719191379201e-01 3.051016870383136959e-01 2.584026243379139443e-01 2.229027587730479376e-01 1.963706943778015523e-01 1.766562070028157849e-01 1.619758918514707935e-01 1.509688455042964839e-01 1.426363893257803217e-01 1.362588308606063892e-01 1.313208580622449440e-01 1.274526977550703988e-01 1.243877712707035232e-01 1.219318238692358169e-01 1.199425838433671732e-01 1.183139810536522479e-01 1.169669309339951696e-01 1.158409686933737220e-01
3.233847400116388604e-01 2.625863244759238935e-01 2.176331165747251439e-01 1.865632553517934944e-01 1.660099523059534454e-01 1.526015139573428381e-01 1.437594836557400391e-01 1.377661987801548082e-01 1.335559576225932576e-01 1.304857292526867274e-01 1.281676325981970788e-01 1.263620654155965806e-01 1.249165808223187957e-01 1.237298728385940183e-01 1.227328945067711202e-01 1.218773912987671793e-01 1.211291509331204053e-01 1.204636928578838723e-01 1.198630089196376508e-01 1.193139205337502007e-01
3.804509608662919873e-01 2.709054168473812862e-01 2.017156747696390029e-01 1.635205383888387598e-01 1.433632807241519980e-01 1.326431730426333166e-01 1.267600266216322713e-01 1.233898960147053053e-01 1.213576890085823895e-01 1.200569079024717267e-01 1.191666724462993460e-01 1.185126671171747165e-01 1.179981779819354454e-01 1.175680439337156713e-01 1.171903553744778059e-01 1.168466134485788704e-01 1.165252059465274187e-01 1.162194347381591830e-01 1.159247961896471696e-01 1.156384861981496204e-01
2.199224109365604807e-01 2.033753775409422870e-01 1.915980091644451100e-01 1.823555735254194510e-01 1.749476155376760156e-01 1.688545073961722764e-01 1.637072696341237976e-01 1.592502281727502245e-01 1.553089456498855658e-01 1.517659645239473332e-01 1.485435892916575629e-01 1.455907803028821945e-01 1.428745381138287474e-01 1.403731215628795381e-01 1.380710603389888880e-01 1.359561265356751258e-01 1.340172446464475697e-01 1.322433006970823166e-01 1.306227307853987385e-01 1.291433271171990860e-01
2.430582912266254503e-01 2.146386944502592098e-01 1.958836655691266193e-01 1.820446341857314132e-01 1.714589989557862293e-01 1.630934149771928743e-01 1.562769816070795070e-01 1.505780685506760974e-01 1.457238465733826094e-01 1.415454297419637408e-01 1.379352907463908262e-01 1.348201222298666957e-01 1.321419615310151230e-01 1.298487295873928804e-01 1.278920015948097066e-01 1.262241608192198328e-01 1.248015225565177327e-01 1.235843824967741977e-01 1.225373610365204508e-01 1.216305038146674594e-01
8.658262935227503121e-01 6.976453596565989068e-01 5.521239319916639854e-01 4.324096759948224400e-01 3.428274444834096268e-01 2.794738325878881602e-01 2.355655142231262156e-01 2.050713250099943374e-01 1.835719728813273721e-01 1.680747865268494845e-01 1.566156821494223417e-01 1.479169640813324804e-01 1.411425745382439423e-01 1.357396623998647633e-01 1.313357659045141235e-01 1.276767487858887773e-01 1.245855745312292179e-01 1.219365652091801144e-01 1.196393780183279826e-01 1.176275199226802237e-01
3.227649708976969012e-01 2.877022071182727680e-01 2.630569460801780446e-01 2.454291894659400008e-01 2.328976513072848198e-01 2.238998368754983037e-01 2.172972682118415877e-01 2.123000757396221183e-01 2.083735790103674046e-01 2.051567242294549953e-01 2.024065695703029522e-01 1.999566300958394993e-01 1.976928147673606972e-01 1.955345873534679313e-01 1.934242213517427533e-01 1.913195547461509771e-01 1.891901332139968861e-01 1.870131183415651432e-01 1.847722154855728216e-01 1.824569210410117992e-01
1.730871498049236790e-01 1.660904207336716398e-01 1.618638276378624175e-01 1.584616979258134939e-01 1.555662841047160405e-01 1.529920129710808374e-01 1.506300733215175658e-01 1.484172928007319592e-01 1.463172245840541896e-01 1.443085767072625480e-01 1.423798429104499441e-01 1.405245283117983468e-01 1.387393105996307108e-01 1.370229011913761397e-01 1.353740550775546503e-01 1.337927440949715774e-01 1.322781003324780547e-01 1.308298137318343046e-01 1.294468142057303428e-01 1.281277310961740912e-01
5.808431209585979138e-01 4.730461658574904305e-01 3.885016916270251364e-01 3.240716826356856428e-01 2.759756909671705061e-01 2.407810962444636993e-01 2.154699199739843474e-01 1.974471615616766873e-01 1.846110549356672070e-01 1.753725345304701366e-01 1.685967843187972937e-01 1.635020162055684512e-01 1.595609648012441539e-01 1.564204835318742104e-01 1.538435953193402483e-01 1.516698729115887601e-01 1.497904406776069675e-01 1.481298219843301955e-01 1.466354036497068691e-01 1.452704423229442821e-01
5.257011441959185127e-01 4.060452996714957186e-01 3.227364330718410224e-01 2.682539191003888712e-01 2.338315462321043092e-01 2.119480011612177028e-01 1.975709083676338296e-01 1.876521307975053676e-01 1.804078461974859271e-01 1.747988530993461742e-01 1.702152175456285443e-01 1.662923610210418623e-01 1.628107951581478086e-01 1.596368432044982799e-01 1.566875707358121872e-01 1.539125036448240336e-01 1.512803991883993060e-01 1.487713932245969817e-01 1.463737483322620492e-01 1.440800075232982758e-01
5.528173546417634032e-01 4.584862148575484797e-01 3.852299117000802520e-01 3.291909937094896765e-01 2.855458018393255970e-01 2.504009978153044491e-01 2.215106319891674558e-01 1.977612338568724148e-01 1.784844049877165051e-01 1.630914910401202178e-01 1.509725213555702661e-01 1.415187609605800256e-01 1.341703915623656818e-01 1.284507317507814217e-01 1.239761406395700760e-01 1.204492556070908965e-01 1.176446679257787814e-01 1.153938500850927029e-01 1.135718688264023557e-01 1.120848235074663468e-01
1.904875258915126324e-01 1.848831897554919224e-01 1.807135441992431812e-01 1.768971348926424991e-01 1.733370649116113826e-01 1.699868958094157279e-01 1.668247017869725901e-01 1.638395007501821932e-01 1.610253873083274945e-01 1.583766551010194201e-01 1.558869156565924619e-01 1.535477395681664470e-01 1.513490383236057724e-01 1.492797348210160580e-01 1.473281423402659218e-01 1.454832661774707880e-01 1.437344539890182127e-01 1.420726902145543202e-01 1.404897769819944964e-01 1.389790605148300551e-01
1.029707535239867910e+00 8.054866292048246113e-01 6.232041184883564400e-01 4.872126626211502054e-01 3.916711079363210390e-01 3.263669492056396892e-01 2.820171812977059767e-01 2.517713024961995005e-01 2.309657509066164460e-01 2.165000452939420950e-01 2.063127121096476890e-01 1.990247252862900607e-01 1.937072354456176870e-01 1.897309237660374515e-01 1.866673873434774589e-01 1.842236721192603011e-01 1.821992753537779175e-01 1.804549552593380235e-01 1.788949641815270331e-01 1.774523675211821805e-01
3.727930489648133561e-01 2.971694710955489205e-01 2.413138649429311111e-01 2.026503526931628663e-01 1.769452141423243918e-01 1.600585751977632865e-01 1.488974889808179214e-01 1.413933691542479110e-01 1.362278745886578712e-01 1.325738923773860656e-01 1.299118463290506176e-01 1.279125418321928054e-01 1.263647704987670428e-01 1.251311572920530968e-01 1.241212529366021028e-01 1.232746626972220788e-01 1.225504636691766847e-01 1.219200174792786084e-01 1.213634021254256373e-01 1.208659161912510188e-01
7.460457193962065636e-01 6.541280068243804369e-01 5.824874337198707730e-01 5.221033233971535958e-01 4.636967051864235301e-01 4.011353499017548119e-01 3.352034876149264098e-01 2.735221584298415110e-01 2.239276889085886069e-01 1.887767512403218106e-01 1.657381741693825516e-01 1.511458344348648175e-01 1.419335282334941439e-01 1.360247123829322058e-01 1.321291324071353357e-01 1.294705987494671751e-01 1.275836504629114521e-01 1.261875120413606111e-01 1.251101932590245325e-01 1.242450310723506868e-01
1.694088670059863966e-01 1.575834166046479468e-01 1.506602275237491906e-01 1.461680385848740105e-01 1.431444417926832080e-01 1.410068937356118157e-01 1.394124732684576817e-01 1.381587791873607751e-01 1.371248186640877942e-01 1.362376384388517270e-01 1.354517900953614296e-01 1.347382277774886450e-01 1.340781468234490681e-01 1.334589366830186974e-01 1.328720363098545854e-01 1.323117100656963918e-01 1.317735350190196164e-01 1.312545506528113026e-01 1.307527448015753102e-01 1.302660387451760604e-01
9.717755689844489453e-01 8.225889258831738937e-01 6.811616601233254631e-01 5.531916662920411953e-01 4.461852943361737101e-01 3.627185054344590487e-01 3.004505875759059808e-01 2.551189944957150124e-01 2.225079363894474360e-01 1.991355369659140728e-01 1.823481493722647340e-01 1.702066137047950067e-01 1.613323938609391994e-01 1.547609012635803027e-01 1.498213438451057311e-01 1.460470804199576478e-01 1.431128481891937587e-01 1.407898670015856613e-01 1.389160648826509581e-01 1.373753140680492035e-01
3.151185209787058517e-01 2.563448192134092363e-01 2.126045614139089601e-01 1.833859441708773352e-01 1.647898346322472229e-01 1.529161893156924523e-01 1.450857444797293283e-01 1.396817080234177277e-01 1.357644005661131914e-01 1.327875588304595900e-01 1.304277136962627981e-01 1.284886236125021286e-01 1.268478568794671468e-01 1.254267896364399393e-01 1.241735008189542161e-01 1.230526239950268108e-01 1.220392046017514109e-01 1.211152310876059401e-01 1.202670194303209483e-01 1.194841802473092657e-01
5.761756432827678243e-01 4.628327299561351693e-01 3.817565952098448401e-01 3.257289333402877407e-01 2.870544695062562934e-01 2.598000611804309190e-01 2.399322846857830926e-01 2.248241238389164232e-01 2.127968459762632769e-01 2.027963154762983389e-01 1.941756809502840075e-01 1.865468530729413044e-01 1.796821008622646321e-01 1.734502820298075565e-01 1.677745300531387207e-01 1.626064191386103752e-01 1.579105142131447814e-01 1.536559368669986603e-01 1.498126300051808302e-01 1.463499068841338235e-01
2.357168696448206924e-01 2.132511017564684142e-01 1.995040336810052495e-01 1.899648456275463138e-01 1.830193426460027806e-01 1.777152370102703660e-01 1.734839411824941613e-01 1.699770305864513054e-01 1.669762168638408151e-01 1.643397640995681308e-01 1.619741616584360611e-01 1.598171340208500713e-01 1.578249535709619622e-01 1.559675758238881771e-01 1.542234614677727156e-01 1.525761761050671295e-01 1.510140007548034236e-01 1.495273129688575731e-01 1.481091618537902777e-01 1.467528655007481475e-01
3.556299626571126082e-01 3.087874468186055377e-01 2.731038219662150213e-01 2.464665477685048234e-01 2.268763743448653225e-01 2.125047376705333502e-01 2.018952178505332984e-01 1.939628007361898221e-01 1.879257246264023629e-01 1.832319318052031965e-01 1.794957063898982574e-01 1.764484256164365050e-01 1.739035118181527784e-01 1.717310072387772391e-01 1.698397409945028025e-01 1.681652446497173548e-01 1.666611598165763930e-01 1.652939603892445986e-01 1.640388894826173838e-01 1.628771791308827321e-01
8.533378556941534354e-01 7.517927718199780562e-01 6.546951407799497247e-01 5.508293461313588102e-01 4.430724601208930746e-01 3.480964198336005122e-01 2.769842138141393462e-01 2.285229299217462484e-01 1.964857935532927646e-01 1.751070290617644798e-01 1.604278738237917556e-01 1.499884050246328149e-01 1.422965181246399757e-01 1.364395678060827677e-01 1.318465418860705618e-01 1.281509536615340061e-01 1.251105132815427956e-01 1.225604469001700669e-01 1.203860077568788267e-01 1.185050716396654075e-01
1.803087575500831041e-01 1.734112251456826903e-01 1.685787284933030483e-01 1.643222224246710661e-01 1.604962861957028586e-01 1.570182533096522171e-01 1.538372076977975733e-01 1.509191528696101070e-01 1.482393973403668408e-01 1.457777123098179528e-01 1.435172827915812410e-01 1.414421790943742874e-01 1.395373275357451315e-01 1.377888715756125648e-01 1.361831771157449023e-01 1.347074210597202226e-01 1.333496382436715200e-01 1.320988205587491360e-01 1.309443638217635542e-01 1.298770598694682088e-01
2.186480752087663904e-01 1.979174182936549176e-01 1.852628326043486706e-01 1.762714024074375496e-01 1.693578085303306668e-01 1.636651344224810678e-01 1.587287114001810495e-01 1.542939196340739616e-01 1.502225642651319470e-01 1.464426266960799639e-01 1.429193477705121007e-01 1.396381623297929808e-01 1.365938178822398152e-01 1.337839643470943030e-01 1.312057664431631465e-01 1.288540944643318531e-01 1.267209483683109372e-01 1.247956824768334666e-01 1.230657819937914649e-01 1.215168952941894503e-01
4.726634814270073703e-01 3.707470389764057628e-01 2.870042908759859457e-01 2.283384481746543182e-01 1.912714757249341369e-01 1.687016643698734664e-01 1.548681978334207066e-01 1.461363427783362590e-01 1.403915964742191158e-01 1.364244687417522084e-01 1.335377495572902251e-01 1.313235049066133753e-01 1.295395962207112339e-01 1.280393724876921491e-01 1.267328933189856011e-01 1.255644546891562519e-01 1.244987662501807757e-01 1.235133330551616421e-01 1.225932309030395156e-01 1.217290147251878785e-01
4.049543630611151523e-01 3.427194288372993336e-01 2.971209524944424807e-01 2.636605497077107452e-01 2.390286678075790316e-01 2.204782316461205427e-01 2.059975975751876798e-01 1.942524277791380927e-01 1.844218385964632168e-01 1.760170504823327098e-01 1.687380364164710045e-01 1.623822098225355115e-01 1.567986283078789678e-01 1.518686700239777476e-01 1.474986078031361170e-01 1.436155837774276689e-01 1.401627157442271732e-01 1.370949697867035744e-01 1.343742326553910849e-01 1.319660062249749799e-01
1.630854687839746464e-01 1.581462920457124832e-01 1.544646953046321936e-01 1.509459923207759902e-01 1.475831349939107917e-01 1.443828377127647500e-01 1.413528529554605451e-01 1.384977488592266937e-01 1.358184300735592875e-01 1.333122490718960662e-01 1.309739709086716053e-01 1.287965173088014004e-01 1.267718933522701263e-01 1.248909470159560442e-01 1.231445240322500412e-01 1.215238752961158714e-01 1.200202058535069227e-01 1.186250860686413888e-01 1.173307332978583833e-01 1.161295998672721846e-01
4.239135960342628184e-01 3.214837343203816866e-01 2.492386077000992295e-01 2.038476310010446380e-01 1.767965334349952400e-01 1.606300917510163628e-01 1.505903577044591657e-01 1.439767223960370657e-01 1.393165801855502650e-01 1.358104128448758274e-01 1.330195815325714570e-01 1.306981013948097792e-01 1.287049488478805848e-01 1.269557822780916501e-01 1.253979598358273551e-01 1.239968264419894634e-01 1.227276035227987394e-01 1.215720792298088798e-01 1.205157184507697765e-01 1.195467374206054950e-01
7.964206963937613404e-01 6.110380098961104567e-01 4.588716266764095164e-01 3.493820390623295635e-01 2.766672422277042798e-01 2.299514463683590415e-01 1.999889974028337680e-01 1.804526405081696705e-01 1.674016117066548792e-01 1.584550256893271503e-01 1.521638592634087794e-01 1.476262751035392340e-01 1.442673962098342533e-01 1.417136163898612689e-01 1.397179249406326484e-01 1.381146502663614106e-01 1.367910374444909483e-01 1.356696201534941804e-01 1.346969578368589215e-01 1.338352681323885796e-01
4.667594942974938044e-01 4.058626988530159019e-01 3.562429119832813962e-01 3.151344257220625722e-01 2.815373437106609145e-01 2.546033918857574241e-01 2.333441694080829742e-01 2.166765481233596802e-01 2.035835753381252389e-01 1.932120828330516904e-01 1.848953412473201829e-01 1.781300349533557759e-01 1.725440792739391382e-01 1.678628535568714164e-01 1.638829275220632653e-01 1.604530159384012222e-01 1.574588353931903884e-01 1.548140472918748956e-01 1.524519954249262677e-01 1.503211076930165424e-01
3.296339563932269567e-01 2.811351699370425172e-01 2.452757238919002769e-01 2.175373773255705467e-01 1.959990994210238646e-01 1.794635050918441388e-01 1.669167789886705500e-01 1.574410952464677382e-01 1.502656774292699948e-01 1.447900638484861668e-01 1.405672796408180270e-01 1.372709999291691907e-01 1.346648993610869982e-01 1.325773674470838159e-01 1.308824326575268038e-01 1.294878348289057735e-01 1.283244082238525208e-01 1.273407248000148762e-01 1.264973197400104388e-01 1.257643132295925281e-01
2.118311765789985535e-01 1.935140521824360027e-01 1.821605256199836653e-01 1.741128680109977622e-01 1.680737667530775026e-01 1.632310054451227288e-01 1.591012906283140182e-01 1.554057852923870220e-01 1.519902010262012548e-01 1.487761973962187789e-01 1.457276864722371057e-01 1.428307037428021564e-01 1.400821395590901297e-01 1.374823678098618940e-01 1.350325111486017637e-01 1.327329274080693844e-01 1.305831561330705881e-01 1.285811507701873913e-01 1.267236882820725330e-01 1.250070116063579928e-01
5.193829874046786976e-01 4.434407246157207050e-01 3.885323683590104493e-01 3.408460754375954860e-01 2.944314538591691899e-01 2.501945879231788905e-01 2.115398140042634711e-01 1.811003247486610290e-01 1.592769519429202696e-01 1.445909166845922300e-01 1.349745258773327738e-01 1.286651314422170012e-01 1.244346658204449341e-01 1.215026127215241974e-01 1.193898704898310875e-01 1.178048837115056868e-01 1.165686419786652606e-01 1.155687269772170123e-01 1.147342418471816866e-01 1.140185822977218821e-01
1.850976758805336353e-01 1.730836734618924344e-01 1.651444377281586773e-01 1.591834826197009445e-01 1.545297976204892676e-01 1.507566964559737266e-01 1.475880983204455876e-01 1.448431189699476707e-01 1.424025137771968708e-01 1.401880399871151817e-01 1.381487181223929050e-01 1.362513916986063112e-01 1.344744249316863760e-01 1.328033080999739546e-01 1.312280898028984621e-01 1.297413556929677692e-01 1.283377332659438319e-01 1.270123351481743101e-01 1.257607183745130808e-01 1.245788139046635490e-01
1.687621296243742020e-01 1.549479401565622416e-01 1.475752493122126918e-01 1.427890262511209707e-01 1.394482975406572123e-01 1.369746604643819476e-01 1.350543920120980956e-01 1.335063081925909612e-01 1.322204665205208574e-01 1.311272891602129620e-01 1.301803532789199414e-01 1.293475342021974950e-01 1.286058490769209917e-01 1.279377940788981594e-01 1.273302825103746760e-01 1.267725383222568780e-01 1.262562873505521654e-01 1.257745038520079184e-01 1.253215453996381346e-01 1.248926302821928430e-01
3.340215167158748777e-01 2.873210314547759436e-01 2.503442807550163574e-01 2.214455197023016686e-01 1.992684769933111832e-01 1.823471172421705089e-01 1.693904096505139123e-01 1.593645507865585342e-01 1.514874209556728579e-01 1.451885917712934237e-01 1.400597974844276783e-01 1.358121648896485623e-01 1.322414603759534679e-01 1.292026310227811225e-01 1.265906433272175613e-01 1.243284141330514153e-01 1.223577750171534750e-01 1.206333429145161062e-01 1.191189320920966604e-01 1.177846150123514207e-01
2.482678396719529834e-01 2.100021810205362216e-01 1.837459548925107766e-01 1.656551403104094822e-01 1.532075627180165545e-01 1.445402153598843165e-01 1.383958740695379608e-01 1.339499377482570586e-01 1.306635381537489538e-01 1.281819521146826402e-01 1.262691699445713245e-01 1.247653193172300196e-01 1.235602437259512992e-01 1.225774300277407691e-01 1.217619853964265475e-01 1.210746288168229462e-01 1.204864721170451902e-01 1.199762823682976876e-01 1.195279114431468809e-01 1.191292854491621256e-01
5.262659559762596917e-01 4.629397971113212162e-01 4.089465176034718930e-01 3.570498043857515125e-01 3.096734125539660210e-01 2.713126811385154769e-01 2.430449535697698504e-01 2.231702921539545081e-01 2.092905916273593847e-01 1.993910716474056322e-01 1.920577560365200054e-01 1.863710096478462253e-01 1.817498952150344849e-01 1.778309546411037390e-01 1.743855458498001221e-01 1.712695057690143685e-01 1.683910945057869035e-01 1.656921917200088468e-01 1.631354579329490628e-01 1.606965935975313287e-01
8.258419856429100037e-01 5.706403183838120174e-01 3.884433461817752842e-01 2.755841495925960838e-01 2.100753061536119182e-01 1.723143916543085630e-01 1.499842777798767179e-01 1.362419996957760226e-01 1.274017905379878357e-01 1.214588975775404839e-01 1.172927271238586450e-01 1.142556347430218056e-01 1.119614469136104157e-01 1.101716110415873057e-01 1.087352501394343585e-01 1.075534977354982435e-01 1.065604516360326715e-01 1.057109517716395414e-01 1.049735680346111644e-01 1.043253556747367888e-01
2.894345275498926839e-01 2.452529789390973658e-01 2.145828474380323259e-01 1.934622388432035156e-01 1.789491571842154460e-01 1.688625128913281426e-01 1.617185640886782405e-01 1.565346507530193665e-01 1.526653399737551708e-01 1.496850980375893370e-01 1.473124518129043381e-01 1.453588602039962985e-01 1.436970486422069482e-01 1.422406165802385658e-01 1.409302340412978138e-01 1.397247929777949982e-01 1.385958994657267018e-01 1.375235498137772072e-01 1.364941381220705907e-01 1.354979435750283401e-01
5.939238583810586558e-01 5.122259293700517357e-01 4.570895964468582040e-01 4.142531794941169410e-01 3.759696562658064178e-01 3.392686232877895058e-01 3.039430416096001730e-01 2.713215941376984075e-01 2.430480422452092060e-01 2.199657354131341058e-01 2.018284533172845785e-01 1.877443554997444142e-01 1.767092974483966961e-01 1.678859539330005701e-01 1.606657043844461341e-01 1.546325869858264923e-01 1.495066443830728453e-01 1.450976985692978005e-01 1.412719225883483920e-01 1.379309661686420330e-01
5.774595225414668187e-01 4.918577976081559000e-01 4.225379808488585187e-01 3.678466404660866718e-01 3.245906825945712448e-01 2.897246239139713020e-01 2.610682554636150621e-01 2.373032811902248684e-01 2.176924975961446740e-01 2.017350620886918522e-01 1.889270920256967690e-01 1.787099257588852241e-01 1.705277014743478425e-01 1.638925970716809399e-01 1.584165577104431621e-01 1.538104289100738209e-01 1.498689574643503886e-01 1.464487289404496628e-01 1.434487217292189642e-01 1.407959124469198298e-01
1.465648081945255532e-01 1.286486827855696791e-01 1.198838380314396074e-01 1.151725037797405038e-01 1.125201820938673269e-01 1.109465514470502900e-01 1.099601156920471112e-01 1.093052830011947696e-01 1.088443274090150209e-01 1.085004602188604367e-01 1.082296128599904289e-01 1.080054664360807215e-01 1.078124209943212009e-01 1.076406437848549946e-01 1.074838274683861533e-01 1.073380523517971641e-01 1.072007488932467806e-01 1.070699206749668453e-01 1.069445282583546958e-01 1.068235227419791072e-01
1.174419916868209901e+00 1.020439758598804536e+00 8.631614295393228442e-01 7.234429701976478055e-01 6.115068429906387326e-01 5.261158244166290743e-01 4.611985486019694047e-01 4.105963758818396148e-01 3.697085755732678058e-01 3.355352511108503633e-01 3.062562928831903397e-01 2.808067144872620768e-01 2.585615686676465130e-01 2.391298231001565133e-01 2.222301885024899060e-01 2.076233239248722329e-01 1.950804200949642075e-01 1.843730277158192599e-01 1.752738967221921518e-01 1.675634561610058748e-01
1.318396386283857247e+00 1.127647485430061325e+00 9.324316376756178748e-01 7.533408309915102796e-01 6.050756930088391217e-01 4.919593186884287928e-01 4.103031741012819200e-01 3.529495463520288534e-01 3.128256952576339289e-01 2.844028152897953854e-01 2.638031801581382507e-01 2.484364965558052141e-01 2.366032842546701431e-01 2.271871567890048071e-01 2.194498965516686328e-01 2.128962020948529377e-01 2.071900808066129696e-01 2.021009140089154166e-01 1.974701592139899708e-01 1.931887169741094146e-01
