1.811595636638230755e-01 1.725691432971837025e-01 1.665645089390454803e-01 1.620161051553441200e-01 1.585672874856390857e-01 1.559310068352992573e-01 1.538890778142376903e-01 1.522790184071345643e-01 1.509811721592268507e-01 1.499076516447439555e-01 1.489933957975124457e-01 1.481906550406165424e-01 1.474636208083393296e-01 1.467854118674222219e-01 1.461358258524887710e-01 1.454992007764576434e-01 1.448636997468838727e-01 1.442198761790859929e-01 1.435606069412460883e-01 1.428806031137355714e-01
1.671231945231556881e-01 1.648260677978396482e-01 1.629617291688919001e-01 1.612472499348223121e-01 1.596872721612453416e-01 1.582837348803877719e-01 1.570331232622265705e-01 1.559274474158883206e-01 1.549548270367085978e-01 1.541013359650969528e-01 1.533522175438702118e-01 1.526924464851617813e-01 1.521077916026115362e-01 1.515852132812142428e-01 1.511135343182831992e-01 1.506827068608254105e-01 1.502846400626003665e-01 1.499124854616820934e-01 1.495608197152614727e-01 1.492251242045313231e-01
5.364310876833041641e-01 4.905006491373933297e-01 4.493071607919409960e-01 4.108283556578680717e-01 3.739864379207574752e-01 3.392430722649442121e-01 3.074332439399586336e-01 2.791325453377794252e-01 2.545539121555339124e-01 2.336098131952141499e-01 2.160178681404795464e-01 2.013967804928142868e-01 1.893340473962598358e-01 1.794281897145992843e-01 1.713134013392937083e-01 1.646694164129439697e-01 1.592247688834322605e-01 1.547537611646112032e-01 1.510709663946181447e-01 1.480257919779978670e-01
5.588785253455358371e-01 5.087755779008148460e-01 4.648980080959154160e-01 4.267863299243617736e-01 3.938995801296550914e-01 3.655542601714841799e-01 3.411015690071508288e-01 3.199656695174053489e-01 3.016495883371680953e-01 2.857298598811030543e-01 2.718479374703020035e-01 2.597016757214442029e-01 2.490364637132733983e-01 2.396384874405339260e-01 2.313276621047407333e-01 2.239524454064667214e-01 2.173850194457918328e-01 2.115170490927994196e-01 2.062565942201763369e-01 2.015254249703138933e-01
6.911700266561229267e-01 6.293166792038521473e-01 5.698083955040238457e-01 5.122855427693593366e-01 4.581953276469721281e-01 4.088561452680732899e-01 3.650255079055205187e-01 3.269212414394132571e-01 2.943574922299012631e-01 2.668926250562072000e-01 2.439508761931210856e-01 2.249163641780614897e-01 2.091917021293193124e-01 1.962315171863883712e-01 1.855573120061308201e-01 1.767610755003988787e-01 1.695006039645522711e-01 1.634933068696409475e-01 1.585075819585472223e-01 1.543550752568990103e-01
1.967067776508629295e+00 1.895344674848020050e+00 1.805662386529147678e+00 1.698467902392148954e+00 1.576367465425282610e+00 1.443376239519566395e+00 1.304638018142431966e+00 1.165986664956435659e+00 1.033273821817711102e+00 9.113646690978203235e-01 8.032249059099194621e-01 7.096217471308409186e-01 6.294970298290718524e-01 5.607253218228288594e-01 5.009069125467923156e-01 4.479981305493220267e-01 4.006770014949143088e-01 3.583608342567458638e-01 3.209316861865715853e-01 2.883801044803658287e-01
3.443595311311946627e-01 3.151510675124154504e-01 2.877235372192808449e-01 2.623184539046633512e-01 2.395394134480011428e-01 2.196662330715480616e-01 2.026762750936904889e-01 1.883734152349643420e-01 1.764778822753578502e-01 1.666761173214763303e-01 1.586541877873241801e-01 1.521200593840330850e-01 1.468125859368592523e-01 1.425075043085962667e-01 1.390169741306453988e-01 1.361842844355851401e-01 1.338819771353155497e-01 1.320069676171988227e-01 1.304759232141077530e-01 1.292217572964727834e-01
8.945873335681971961e-01 8.409217719194689300e-01 7.884037931296916657e-01 7.376949394569192187e-01 6.892118381767068369e-01 6.431400116087024887e-01 5.995490093769808571e-01 5.584439963038948518e-01 5.198054528450191114e-01 4.836160361196379931e-01 4.498780379958043363e-01 4.186112335155485198e-01 3.898457423900253960e-01 3.636046004318632119e-01 3.398832993512042044e-01 3.186391866742633305e-01 2.997818825580179647e-01 2.831774337636306926e-01 2.686568586807698278e-01 2.560276756249368346e-01
8.609669402684084760e-01 7.941864777116279805e-01 7.384549460743436988e-01 6.929726977484278461e-01 6.560592040990013141e-01 6.259662416210630687e-01 6.012069997561638734e-01 5.806021131813031699e-01 5.632312890101093261e-01 5.483705161178340504e-01 5.354287649923198389e-01 5.238950847241267139e-01 5.132946731921380623e-01 5.031458749530327568e-01 4.929066867107087524e-01 4.818980425688881852e-01 4.691877723661673216e-01 4.534311444324612417e-01 4.327547173888081078e-01 4.050133738101232006e-01
2.389659253318313914e-01 2.179721391128259800e-01 2.007494152698768575e-01 1.869263547193258934e-01 1.761451859539374665e-01 1.678761308547109254e-01 1.615887857181951270e-01 1.568202844634652149e-01 1.531958000548183929e-01 1.504243565257638582e-01 1.482855431735515539e-01 1.466154345683753357e-01 1.452925091143697500e-01 1.442276271805167098e-01 1.433549514133483083e-01 1.426260705851018495e-01 1.420052079297602077e-01 1.414662662614137034e-01 1.409891903400421198e-01 1.405597833823412635e-01
1.892029020073823509e-01 1.760177441313862667e-01 1.666775311436504148e-01 1.598559671919792813e-01 1.549307544156909022e-01 1.513818935863673609e-01 1.488170263543724947e-01 1.469506547413766406e-01 1.455803055688738856e-01 1.445624489895999398e-01 1.437965056300163358e-01 1.432110415026545402e-01 1.427558951079845317e-01 1.423953789845109064e-01 1.421036435104906515e-01 1.418629097566008468e-01 1.416595673747360618e-01 1.414841670356691006e-01 1.413299575448036249e-01 1.411916853673756134e-01
1.053274273817660367e+00 9.763248181462403918e-01 9.040436783261611708e-01 8.391886437281573796e-01 7.830862172320485204e-01 7.358692931912446111e-01 6.969232319641196494e-01 6.652349311915167762e-01 6.396536351305257551e-01 6.190540240985865639e-01 6.024258047461625853e-01 5.889098146209568174e-01 5.778020871393340085e-01 5.685362389427973673e-01 5.606519717803166714e-01 5.537484762293024554e-01 5.474128144408632046e-01 5.411003533072925586e-01 5.339164343306037619e-01 5.242350358481598915e-01
1.541075195558369026e-01 1.510175867518410153e-01 1.490255078161135394e-01 1.473268804885446981e-01 1.458643334731459518e-01 1.445926879951730248e-01 1.434757872018962988e-01 1.424855588935315664e-01 1.415996302990242817e-01 1.408001336315646834e-01 1.400728476187214355e-01 1.394064116710796997e-01 1.387918324954807714e-01 1.382212980184704121e-01 1.376888419827446419e-01 1.371891422988846809e-01 1.367181005608290312e-01 1.362722912942990749e-01 1.358485103258862958e-01 1.354442961933091383e-01
1.446197698134928933e+00 1.341376412436366072e+00 1.234615851910784823e+00 1.128023166898638019e+00 1.023576158285141036e+00 9.245591199002228810e-01 8.344854640355333641e-01 7.555222615087404670e-01 6.880605183355510412e-01 6.310347878400353050e-01 5.824354818186702198e-01 5.397656814675428905e-01 5.004403191544770646e-01 4.622054175022549116e-01 4.236030810849115147e-01 3.843422764981050954e-01 3.453005615869915168e-01 3.080555648772588251e-01 2.741903050102155182e-01 2.447545820818049778e-01
3.909153976500249206e-01 3.370530759151734168e-01 2.922069866310903485e-01 2.558908303308999321e-01 2.270128685806412361e-01 2.042982133718032889e-01 1.865590681586581923e-01 1.727706010709516571e-01 1.620846692775376185e-01 1.538154059601947732e-01 1.474196583032608143e-01 1.424720773380249716e-01 1.386424182169139485e-01 1.356744578201323770e-01 1.333719171769917056e-01 1.315827782638371024e-01 1.301907307468354591e-01 1.291055107116699241e-01 1.282585922442376625e-01 1.275962437875568789e-01
9.007319336108775554e-01 8.074293932833824794e-01 7.263195026078028693e-01 6.585642018542057219e-01 6.030949720315402773e-01 5.576058595150243935e-01 5.193784637475619137e-01 4.857035775756230467e-01 4.541932039760285811e-01 4.231166718341410338e-01 3.916994654528116460e-01 3.601406158057215978e-01 3.292923193197839216e-01 3.001796760619072080e-01 2.736287639009969963e-01 2.501059315313978182e-01 2.297259732450765979e-01 2.123488114425265416e-01 1.976866537599016871e-01 1.853912661475624057e-01
3.600169824793556517e-01 3.202399877908465031e-01 2.864442777459044187e-01 2.583880701495218091e-01 2.355086687399307321e-01 2.170109974633669392e-01 2.020816540525993410e-01 1.899819483589089975e-01 1.800885435054078720e-01 1.719061807793332286e-01 1.650572836271021471e-01 1.592590428330004082e-01 1.543024177203915215e-01 1.500308069856691739e-01 1.463262001164321313e-01 1.430970017929348581e-01 1.402702537726145116e-01 1.377875606284942600e-01 1.356011619148193847e-01 1.336701076313329406e-01
8.423281012865482253e-01 7.577141633626160999e-01 6.776931946212062519e-01 6.042530793672074019e-01 5.384438245576239623e-01 4.805645289045060164e-01 4.304425422858912387e-01 3.875852446723729305e-01 3.513090321165509566e-01 3.208409018418751923e-01 2.953958690003491983e-01 2.742265184456482707e-01 2.566548494715243378e-01 2.420825357688590751e-01 2.299963088473305217e-01 2.199610970728099468e-01 2.116136622522026278e-01 2.046530738286674034e-01 1.988311565481126197e-01 1.939442322310060141e-01
1.194794415091164463e+00 1.093901923657395026e+00 9.901817808137275412e-01 8.873155275674071696e-01 7.884438686074827229e-01 6.959476910182275100e-01 6.114801537941820797e-01 5.359691221785033433e-01 4.696965715043313616e-01 4.124344301075325570e-01 3.635924937226445719e-01 3.223717506114030518e-01 2.878740280167562671e-01 2.591915958622712512e-01 2.354615982173709210e-01 2.158988684118958168e-01 1.998119895346462671e-01 1.866053972607756017e-01 1.757727357824114822e-01 1.668898105507833074e-01
5.984752222694805779e-01 5.424060536292381052e-01 4.971628191985655310e-01 4.575507106981240302e-01 4.188843779586022831e-01 3.798933978422974200e-01 3.418576958689845680e-01 3.065359037688176747e-01 2.751565717297853597e-01 2.482317747976048872e-01 2.257025620127387777e-01 2.071674943188554496e-01 1.920756419550161687e-01 1.798500455229077588e-01 1.699582534262754074e-01 1.619392158964183259e-01 1.554118674097116903e-01 1.500693816249258905e-01 1.456692768547509231e-01 1.420216582064676991e-01
2.187619845848530475e-01 2.125240812543779667e-01 2.080727423075586502e-01 2.043842859752476315e-01 2.013186258263885975e-01 1.987555803358554973e-01 1.965979217365384224e-01 1.947674567624926578e-01 1.932020466215908505e-01 1.918513887934386597e-01 1.906752994097769272e-01 1.896410992555320196e-01 1.887223334610462211e-01 1.878975096903741371e-01 1.871488480083644268e-01 1.864621228538453634e-01 1.858254260197281793e-01 1.852289286814630120e-01 1.846645831316709452e-01 1.841255535930395038e-01
5.808278675930705903e-01 5.535406772264468422e-01 5.351344551018337725e-01 5.232621582359161527e-01 5.160276011843893951e-01 5.117960558185632447e-01 5.092153696577640387e-01 5.071429485938639958e-01 5.043918104809850256e-01 4.992581465034345301e-01 4.889554452654618633e-01 4.697352819482262243e-01 4.390603293369121918e-01 3.988239750793207139e-01 3.551352165588571030e-01 3.142942354798651805e-01 2.798373529789387471e-01 2.525283852138091034e-01 2.316005933168344133e-01 2.157925442652776915e-01
1.307383048115298152e+00 1.222282316386699597e+00 1.139815988969057781e+00 1.062984529309906057e+00 9.933328755153343348e-01 9.311486732820049017e-01 8.759172067185864163e-01 8.266326788649894786e-01 7.819264199491590128e-01 7.400137169484515276e-01 6.985817443463020471e-01 6.550156016147229421e-01 6.072931794283795703e-01 5.551270126952567718e-01 5.002846251711161596e-01 4.457415661705590448e-01 3.944212321621307638e-01 3.483592840135315560e-01 3.085091831340832647e-01 2.749498159108407225e-01
1.183670480590662821e+00 1.070489403807660000e+00 9.627115845891068835e-01 8.648833922286576215e-01 7.793249899157944638e-01 7.063942187951443019e-01 6.451454910787287611e-01 5.938419576772139274e-01 5.503403118575806996e-01 5.123634407384087819e-01 4.777152733648767913e-01 4.445092375806416474e-01 4.114371176844724420e-01 3.780081267670902800e-01 3.446067877964378301e-01 3.122554381471127072e-01 2.821644666743122754e-01 2.553012049135213735e-01 2.321667692534629124e-01 2.128010469126456750e-01
3.458901472968864410e-01 3.076363353346823759e-01 2.713657111744396389e-01 2.392325313937908593e-01 2.124158102500223189e-01 1.910910238313954235e-01 1.747508635860867687e-01 1.625463153760938473e-01 1.535663169296276331e-01 1.470025190094020329e-01 1.422062333882786467e-01 1.386871620058082177e-01 1.360862088669091419e-01 1.341445778915658638e-01 1.326775876153260536e-01 1.315531683946028485e-01 1.306773838913068142e-01 1.299829621240496669e-01 1.294214137829840239e-01 1.289581792522221937e-01
5.342497765563893886e-01 4.910657766267831903e-01 4.385354355367235279e-01 3.816699349613372760e-01 3.266640132770771698e-01 2.782531735202021239e-01 2.386820735533547178e-01 2.080267074561561458e-01 1.851130492060474309e-01 1.683471160755974083e-01 1.562056571777065972e-01 1.474352675769478038e-01 1.410822383221238818e-01 1.364499868801795079e-01 1.330415594147052738e-01 1.305059378372971091e-01 1.285959137952886466e-01 1.271375565626658433e-01 1.260072065435815514e-01 1.251173538377042815e-01
5.358128400900750155e-01 4.808616155884465337e-01 4.308223171471217694e-01 3.860960987469297945e-01 3.466935531795025116e-01 3.123324752162443541e-01 2.826232892759185100e-01 2.571248318970901781e-01 2.353773140364501248e-01 2.169255053030792746e-01 2.013370232451779929e-01 1.882109747916911047e-01 1.771870284058968403e-01 1.679433616718597477e-01 1.602009568409994145e-01 1.537189071311149680e-01 1.482919241554918610e-01 1.437463719082006652e-01 1.399359734663812582e-01 1.367382881379035076e-01
5.423121742237799747e-01 4.884513763108407347e-01 4.454077872593916188e-01 4.109922697034198991e-01 3.828527758014388382e-01 3.589156148396432378e-01 3.376962599856778713e-01 3.183110935520380713e-01 3.003151746839284875e-01 2.835096522001549491e-01 2.678101500775664778e-01 2.531826828047633038e-01 2.396131321880966558e-01 2.270963533595204420e-01 2.156283222418278467e-01 2.051990582514554295e-01 1.957886311411857483e-01 1.873642640188336317e-01 1.798790328484028700e-01 1.732731642480939693e-01
4.977490479929710387e-01 4.852009884887223956e-01 4.679912989122587685e-01 4.456567110869172343e-01 4.193829962003076117e-01 3.908273621729212999e-01 3.615438186771779971e-01 3.329467034765974387e-01 3.063555809725221346e-01 2.827366847008670470e-01 2.625235765274556154e-01 2.456960979325231165e-01 2.319507393200183343e-01 2.208540821238420826e-01 2.119458861555904017e-01 2.048005276615731396e-01 1.990519092488102493e-01 1.943994030589237809e-01 1.906021609297022246e-01 1.874704967159777913e-01
4.491863430687226266e-01 4.024541794764809333e-01 3.630539111117832562e-01 3.301085559045895956e-01 3.027359805535524973e-01 2.800146076641976678e-01 2.611316326819360101e-01 2.453965148422866949e-01 2.322319123428314980e-01 2.211628653295338032e-01 2.118021780904382478e-01 2.038383076433092356e-01 1.970209374465048402e-01 1.911495626904070322e-01 1.860622785426676307e-01 1.816290821600705374e-01 1.777440786082297441e-01 1.743203984200954459e-01 1.712867106869816747e-01 1.685842476878315344e-01
8.413893835383351449e-01 7.827676369152595237e-01 7.265297223077504807e-01 6.734095390616130494e-01 6.237532973277848392e-01 5.776127171632833290e-01 5.349154872036888664e-01 4.955255615304179351e-01 4.592796093949073066e-01 4.260034803465532760e-01 3.955258752446388915e-01 3.676801469547547052e-01 3.423064843559132098e-01 3.192565963892639025e-01 2.983958623396029131e-01 2.796057586125243466e-01 2.627809130032619511e-01 2.478240025157902038e-01 2.346391917586584108e-01 2.231223697441237219e-01
1.229132766835391577e-01 1.221233747899532346e-01 1.219105181936174648e-01 1.217251248564571176e-01 1.215610340982675591e-01 1.214156395755708190e-01 1.212867509201168981e-01 1.211723224446177444e-01 1.210709533281624367e-01 1.209807288367301253e-01 1.209003787860274265e-01 1.208286844845861130e-01 1.207645290065556820e-01 1.207068055681884272e-01 1.206546404305845477e-01 1.206072930619120631e-01 1.205641465913504379e-01 1.205244483053684174e-01 1.204878573864698460e-01 1.204537855740636654e-01
6.979271447949577656e-01 6.237263005465502053e-01 5.544742253463482706e-01 4.915742434786261605e-01 4.355895425575181390e-01 3.865245865269389403e-01 3.441457960737170918e-01 3.080298607319127968e-01 2.775917281355941846e-01 2.521495253910325252e-01 2.309987365023698780e-01 2.134671699447790172e-01 1.989488247102735863e-01 1.869172331251684194e-01 1.769275524867225668e-01 1.686099266260862317e-01 1.616593579316395468e-01 1.558280231138346739e-01 1.509148545097559746e-01 1.467564621730707564e-01
3.150183393834231627e-01 2.789786265797670195e-01 2.483608038033708054e-01 2.231722415250260438e-01 2.028826074782409672e-01 1.867164083386524120e-01 1.739502459927461941e-01 1.639522351080086038e-01 1.561708963289857033e-01 1.501341889845207445e-01 1.454505491722375143e-01 1.418044942151755194e-01 1.389489696919918027e-01 1.366939139086753019e-01 1.348956931754946575e-01 1.334460674971341965e-01 1.322640448156744142e-01 1.312886551208794217e-01 1.304742782469838769e-01 1.297861758433282442e-01
5.445451422010774145e-01 4.871130934922257572e-01 4.401489439187571406e-01 4.022999155521392867e-01 3.718491556239314488e-01 3.471229593595490104e-01 3.267427492071874329e-01 3.096404970623553021e-01 2.950189799629152065e-01 2.822957441816106305e-01 2.710567632177844910e-01 2.610123933153227216e-01 2.519601818220689737e-01 2.437585320835932989e-01 2.363051599543541659e-01 2.295237765181809553e-01 2.233540986012667318e-01 2.177466936968266986e-01 2.126578512601554338e-01 2.080481607187539272e-01
1.410741050140932096e+00 1.279508407111279666e+00 1.148933733039302796e+00 1.026453918280312738e+00 9.167821890255436479e-01 8.218429674888148018e-01 7.415577543344743505e-01 6.746451831036393010e-01 6.192771151892521031e-01 5.735144538470922093e-01 5.355471762718662099e-01 5.037930288255051403e-01 4.769228435706463487e-01 4.538492504623718449e-01 4.336896634311415144e-01 4.157375278812833197e-01 3.994329530512913951e-01 3.843377480912022470e-01 3.701186418929137134e-01 3.565307698491960720e-01
7.603176138849812027e-01 6.962066375000540708e-01 6.366388306433532485e-01 5.823259311665606175e-01 5.335544190654581964e-01 4.902057656552642473e-01 4.519754418625961945e-01 4.184568409837083891e-01 3.891973251570016168e-01 3.637346335989423141e-01 3.416211537015624300e-01 3.224398505548015104e-01 3.058106171665713191e-01 2.913917711982503267e-01 2.788833553064614668e-01 2.680223384546115972e-01 2.585798154538497262e-01 2.503576998133212328e-01 2.431852788198739235e-01 2.369152199476957377e-01
5.416146904751849567e-01 5.168825077856570305e-01 4.930273826152551941e-01 4.676800627757984330e-01 4.408374308806378150e-01 4.131244546410743901e-01 3.851927796324162157e-01 3.576076252853818138e-01 3.308321438991697616e-01 3.052441785705741761e-01 2.811626078200060719e-01 2.588716878998093551e-01 2.386271343706175552e-01 2.206285433738958135e-01 2.049800110864453129e-01 1.916624293499626097e-01 1.805392100522294763e-01 1.713859108556061994e-01 1.639340045023709447e-01 1.579074287135154020e-01
1.329493517625378374e+00 1.210556847283150939e+00 1.094769731129781487e+00 9.873167869158351317e-01 8.913935917846993462e-01 8.082649879866201648e-01 7.378382558769266408e-01 6.791282205688184970e-01 6.306478278601116427e-01 5.906827367190271572e-01 5.574647116723826512e-01 5.292655094527389803e-01 5.044428421638584847e-01 4.814712981220122812e-01 4.589837098197404042e-01 4.358483054959015335e-01 4.112816659114832962e-01 3.849769385644322139e-01 3.571777368638981986e-01 3.286356239482119967e-01
3.102260212117107785e-01 2.838873404820333457e-01 2.622330436394986197e-01 2.443147203269086243e-01 2.295160989940632223e-01 2.172502843262918704e-01 2.070255926894242204e-01 1.984435216344718478e-01 1.911846273156697917e-01 1.849946725458721519e-01 1.796694319261587236e-01 1.750454492807989593e-01 1.709914530636333918e-01 1.674017595510667866e-01 1.641912088937533543e-01 1.612924649828346435e-01 1.586512941267574084e-01 1.562255270767491377e-01 1.539826399006415103e-01 1.518981036450713917e-01
1.482893716264516160e-01 1.472633705614134758e-01 1.467301750043407127e-01 1.461596120893955131e-01 1.455396461160853583e-01 1.448640439985320050e-01 1.441288733435794611e-01 1.433327615400776245e-01 1.424770658928901090e-01 1.415663189021870438e-01 1.406083927629515617e-01 1.396144816651940235e-01 1.385986702702939610e-01 1.375767292780801787e-01 1.365654948027804627e-01 1.355808823928237039e-01 1.346372692938894167e-01 1.337461866717785663e-01 1.329157718550413869e-01 1.321507412334904097e-01
1.029685610197629941e+00 9.410241852616308966e-01 8.619761280281913463e-01 7.938626740372205504e-01 7.359237389509871718e-01 6.860380163055378455e-01 6.413464437494985626e-01 5.987894261683686103e-01 5.558202604437246785e-01 5.111586246476508277e-01 4.651297646597958857e-01 4.192862911790143920e-01 3.755967938854155586e-01 3.357155963066907334e-01 3.006155526257134891e-01 2.705833439298294119e-01 2.453977693211459032e-01 2.245489232295040105e-01 2.074131127937289543e-01 1.933653832199342948e-01
5.910509344780074947e-01 5.505177922764096232e-01 5.208906728155853205e-01 4.954691026046202929e-01 4.654398007012787164e-01 4.243842594028683357e-01 3.733942155152181197e-01 3.198714476558325304e-01 2.714277222863305528e-01 2.319958774284532343e-01 2.019631719434548112e-01 1.798992089086095814e-01 1.639360778615809866e-01 1.524121473962441187e-01 1.440455725335050285e-01 1.379096304404083539e-01 1.333534717070870013e-01 1.299244435410946696e-01 1.273077272600494358e-01 1.252829941525124002e-01
1.990498016867786601e-01 1.895221771905198638e-01 1.823811752442270617e-01 1.766472984524443679e-01 1.720076639112085026e-01 1.682084891432896190e-01 1.650579407764598827e-01 1.624126913119107452e-01 1.601648333668708735e-01 1.582326599583029625e-01 1.565534129925072182e-01 1.550788144301623039e-01 1.537711337674409207e-01 1.525999920628964834e-01 1.515418785810470625e-01 1.505778822023421393e-01 1.496923763025551912e-01 1.488732573203742637e-01 1.481101409997790941e-01 1.473948534950614009e-01
7.190681037127797381e-01 6.644576962107384688e-01 6.099149531441344640e-01 5.554362602064065735e-01 5.011359052457555752e-01 4.470624549607055132e-01 3.939769615487602739e-01 3.437153135606967891e-01 2.984718488669750314e-01 2.597588244193684837e-01 2.279913933525040126e-01 2.027097890636650745e-01 1.829910351999569640e-01 1.677897453529294536e-01 1.561321435682475611e-01 1.471990535990335136e-01 1.403383135260082848e-01 1.350462242658249934e-01 1.309415814350359253e-01 1.277382339769974340e-01
1.362338166870176726e-01 1.353778410796075971e-01 1.351378152240067798e-01 1.349309021886438142e-01 1.347482171002775397e-01 1.345846851635724428e-01 1.344362761732190714e-01 1.342999165318906341e-01 1.341731254197656986e-01 1.340539327822625748e-01 1.339407321531325690e-01 1.338323895912617578e-01 1.337278774846345220e-01 1.336265299748629343e-01 1.335278236865997392e-01 1.334312042593955860e-01 1.333365265280008205e-01 1.332432521879672871e-01 1.331514477916061756e-01 1.330608292296528716e-01
2.017316070781089432e-01 1.836230870615691013e-01 1.703026573429815560e-01 1.603913995018228789e-01 1.531145683256909251e-01 1.477811489906162012e-01 1.438539174105971929e-01 1.409366326406598091e-01 1.387441686820238829e-01 1.370730748120695397e-01 1.357798247318714735e-01 1.347617730405181735e-01 1.339464668091386590e-01 1.332818169984966439e-01 1.327304895874112933e-01 1.322655984573066212e-01 1.318674218188971292e-01 1.315215232968330317e-01 1.312174794822931201e-01 1.309471222292631909e-01
7.101545282988809271e-01 6.341668499654314894e-01 5.625538016745307290e-01 4.967474119003088551e-01 4.373839043652333336e-01 3.846783545656080605e-01 3.386326317349449000e-01 2.990815749063039930e-01 2.656974993539660268e-01 2.379937420159694839e-01 2.153533678085659542e-01 1.970862471847794894e-01 1.824913675904099308e-01 1.709086541144642923e-01 1.617534233661717669e-01 1.545301669789478083e-01 1.488320291833952203e-01 1.443319573160261049e-01 1.407706211414188058e-01 1.379446554835885852e-01
1.681769694434478990e-01 1.663139774044975761e-01 1.649552469607442617e-01 1.635811049910262105e-01 1.621804904704913508e-01 1.607503962935879771e-01 1.592904365947470091e-01 1.578025789326056860e-01 1.562895842222497000e-01 1.547558397427201138e-01 1.532065740227699369e-01 1.516479206504300348e-01 1.500867868680506867e-01 1.485308139491826329e-01 1.469877983257174558e-01 1.454658880503848228e-01 1.439731605537235837e-01 1.425176695547998029e-01 1.411069370759651109e-01 1.397478874307125918e-01
1.347145046759396780e-01 1.330480853561311905e-01 1.320872203074395790e-01 1.312360226456076029e-01 1.304746480286121391e-01 1.297921568248421031e-01 1.291804201155900833e-01 1.286327627301216137e-01 1.281427726987749427e-01 1.277048207167535976e-01 1.273134384397417440e-01 1.269633370358496938e-01 1.266500284150242905e-01 1.263690062891691945e-01 1.261160845309495793e-01 1.258878417313099018e-01 1.256808972917497214e-01 1.254924659989774260e-01 1.253199595864862292e-01 1.251611644215881725e-01
