1.608742610216140845e+00 1.186644395795883655e+00 7.739777431299443844e-01 4.897745579669822158e-01 3.321755071324878350e-01 2.481996636627081809e-01 2.010588014600216411e-01 1.726889497420052155e-01 1.545322942334075855e-01 1.423079138150205869e-01 1.337217221129685663e-01 1.274677534983493510e-01 1.227659737574867960e-01 1.191313088126480513e-01 1.162523993034847020e-01 1.139239608380012148e-01 1.120060396217741061e-01 1.104019833146594465e-01 1.090430724853649752e-01 1.078789545095060060e-01
4.504096738213775319e-01 3.045048130303621425e-01 2.219629696756601211e-01 1.802785676345229071e-01 1.595944040641188721e-01 1.485694077238440547e-01 1.419478302076458975e-01 1.374360223114490520e-01 1.340236351639032264e-01 1.312481560185551621e-01 1.288872052729129747e-01 1.268261413648724689e-01 1.250000200793147109e-01 1.233683817088604001e-01 1.219025154411792766e-01 1.205804105103015916e-01 1.193838170543313065e-01 1.182973161153495351e-01 1.173075041919946632e-01 1.164026323333382656e-01
3.921721378507209144e-01 2.975793914809082841e-01 2.383162945683579836e-01 2.023550954757956655e-01 1.807737734375405025e-01 1.675229537593986573e-01 1.589355604883894435e-01 1.529731508489931002e-01 1.485420187166892059e-01 1.450535745552042621e-01 1.421816885523367047e-01 1.397373449493898023e-01 1.376047324668616123e-01 1.357092633773572810e-01 1.339997092820703894e-01 1.324398409249261110e-01 1.310027024964801889e-01 1.296680761629250000e-01 1.284202653355896451e-01 1.272470071224961474e-01
2.721537777208141162e-01 2.172576007196039549e-01 1.837373323651263490e-01 1.625374716398073349e-01 1.488068408891558558e-01 1.395439400384202722e-01 1.329724899784196224e-01 1.280760866461787273e-01 1.242742150952108188e-01 1.212288617447484229e-01 1.187326374289114084e-01 1.166525618237210377e-01 1.148971447392250350e-01 1.134008516330504840e-01 1.121139170698734200e-01 1.109978725969844454e-01 1.100223146816097092e-01 1.091626571265851414e-01 1.083993025897808660e-01 1.077160502823221594e-01
5.333324148158135047e-01 4.131039704009890623e-01 3.297915588319301761e-01 2.756686030328273640e-01 2.419738939404487699e-01 2.206920123100280795e-01 2.063030250370502527e-01 1.956168914586305652e-01 1.869422722607851084e-01 1.794133466482162598e-01 1.725953336805105265e-01 1.662768989056348790e-01 1.603619826957583538e-01 1.548127622902393252e-01 1.496189476922154538e-01 1.447813375480473119e-01 1.403006881289184105e-01 1.361745306849479753e-01 1.323950487375259444e-01 1.289488861896097571e-01
4.051739997047116293e-01 2.957775196743782087e-01 2.299024818680482085e-01 1.910078800446353975e-01 1.681055332786922929e-01 1.542159046333836103e-01 1.452964291785610873e-01 1.391400266578420863e-01 1.345655074995011080e-01 1.309412819653516524e-01 1.279255140013992875e-01 1.253300439310260084e-01 1.230473802069900618e-01 1.210135588853154393e-01 1.191874822438694498e-01 1.175401115289423648e-01 1.160496719332877597e-01 1.146979804325383157e-01 1.134699568618816601e-01 1.123520417765939833e-01
7.476201504599885306e-01 4.515575696724045129e-01 2.816996839107014372e-01 2.040674100816249892e-01 1.701342263072729011e-01 1.543840736150741688e-01 1.462784454226493946e-01 1.415510014444589515e-01 1.383984308317303680e-01 1.360177908092737309e-01 1.340366319194435940e-01 1.322758630476892072e-01 1.306486989371478669e-01 1.291129832901060648e-01 1.276483662240207317e-01 1.262455599661916616e-01 1.249011566210538188e-01 1.236143361125141421e-01 1.223847283329814739e-01 1.212131662108004160e-01
2.246840746107045539e-01 1.919635149650275596e-01 1.720833710208535261e-01 1.586377052403986354e-01 1.487185009196400620e-01 1.408614882454276018e-01 1.343734412640333054e-01 1.289205949380993754e-01 1.243243718519806834e-01 1.204673685319721660e-01 1.172532899118959859e-01 1.145939295645803241e-01 1.124056090973317573e-01 1.106107070564757988e-01 1.091391488132649051e-01 1.079301777670838153e-01 1.069319362512032995e-01 1.061020460036525004e-01 1.054057440610267765e-01 1.048155458779001514e-01
2.851017401739954771e-01 2.478777706995606289e-01 2.235335403867065862e-01 2.058985807001590673e-01 1.923824464157223579e-01 1.814910399215295955e-01 1.724042973050382010e-01 1.646619928177766312e-01 1.579882293066475485e-01 1.522008469887077831e-01 1.471674871240975235e-01 1.427835442012655998e-01 1.389629281265661043e-01 1.356316654814872791e-01 1.327255912509281155e-01 1.301882492505683220e-01 1.279701655887038325e-01 1.260278714590822302e-01 1.243231877029393195e-01 1.228232171589479504e-01
2.431731554301222731e-01 2.116926962733850781e-01 1.921364620164968118e-01 1.784563106880523164e-01 1.682619164837524384e-01 1.602160160755738694e-01 1.535846623172983649e-01 1.479585696593858357e-01 1.430985437973868180e-01 1.388570455461740627e-01 1.351349910802673582e-01 1.318603095347907483e-01 1.289763993989617996e-01 1.264360475368448422e-01 1.241980626975418972e-01 1.222257707935386906e-01 1.204864346376962186e-01 1.189505348709644778e-01 1.175911732815438926e-01 1.163849116314668170e-01
6.155345396159099813e-01 4.751332477146934519e-01 3.726942790125031268e-01 3.018570665550214249e-01 2.536326522428135055e-01 2.203690781819750422e-01 1.967697580566164228e-01 1.794207171595189609e-01 1.661879955382028207e-01 1.557536922709550631e-01 1.473019978730008006e-01 1.403207288327394109e-01 1.344797130269580476e-01 1.295553825479874022e-01 1.253884982047600294e-01 1.218572906003100864e-01 1.188637332509097227e-01 1.163255126596777767e-01 1.141719861235469535e-01 1.123418892332119917e-01
1.060923459427431270e+00 8.240844691323582216e-01 6.055627399604418537e-01 4.379627971675654208e-01 3.267261380804120652e-01 2.580889626918360658e-01 2.163646893389523096e-01 1.904739318042993623e-01 1.737220847420394287e-01 1.622699204832315500e-01 1.539588017202913883e-01 1.475771780405193689e-01 1.424409385444596332e-01 1.381566572329029352e-01 1.344927889760583750e-01 1.313070369901833956e-01 1.285069451354866055e-01 1.260292987732827830e-01 1.238277583441231428e-01 1.218659099496653686e-01
8.831575131516546939e-01 6.555529014903004326e-01 4.652334759826771693e-01 3.347553128009167489e-01 2.548321299345115976e-01 2.074017618752259373e-01 1.786920369230210748e-01 1.604972402658313424e-01 1.483281219657510419e-01 1.397652223729528576e-01 1.334786891099065675e-01 1.287086063440074091e-01 1.249981478174350957e-01 1.220560648871469311e-01 1.196858817792963298e-01 1.177480966304938204e-01 1.161402086881571510e-01 1.147851569123304188e-01 1.136245580706508884e-01 1.126142531494815496e-01
9.475360762351192623e-01 7.482814565522130090e-01 5.773291499252082293e-01 4.456053589217481292e-01 3.521162537406780646e-01 2.887834375537932097e-01 2.464587193727493242e-01 2.178548263758420811e-01 1.980005609244108178e-01 1.837313675135374136e-01 1.730825307965278559e-01 1.648360241204500087e-01 1.582286371290683724e-01 1.527739996090531349e-01 1.481563212350010816e-01 1.441669699549674999e-01 1.406641286797821466e-01 1.375499101169407323e-01 1.347543761506676541e-01 1.322268941439688206e-01
2.473845483013428770e-01 2.086465589562430945e-01 1.881811233609914646e-01 1.754180214600637444e-01 1.665269221621565598e-01 1.597778326447587549e-01 1.543516529169574047e-01 1.498258524382254098e-01 1.459601262770593155e-01 1.426044698688201662e-01 1.396563952625729244e-01 1.370425621361937296e-01 1.347069477092009138e-01 1.326060042128665295e-01 1.307050691994663671e-01 1.289756340982194105e-01 1.273943496930587671e-01 1.259414687084517981e-01 1.246005617379705721e-01 1.233578574243438253e-01
2.343494261428713810e-01 1.996037017181515605e-01 1.784742645919323023e-01 1.650731426849961214e-01 1.561484164698049293e-01 1.497645546728745003e-01 1.448655788716860238e-01 1.408845144306542230e-01 1.375117970137944290e-01 1.345720563528448044e-01 1.319617905456107188e-01 1.296151618775911729e-01 1.274880766426212952e-01 1.255484123132191709e-01 1.237712653513881322e-01 1.221367331874273487e-01 1.206282927955908274e-01 1.192316754459170625e-01 1.179349712247494547e-01 1.167273476265836551e-01
4.442635085968572595e-01 3.157903296127915205e-01 2.385675383820671513e-01 1.933958059145311492e-01 1.664059514819382357e-01 1.496237443199788797e-01 1.386987845346447923e-01 1.312520991827363925e-01 1.259560627012979162e-01 1.220469650474842599e-01 1.190685528531776061e-01 1.167373277936712833e-01 1.148700317245675284e-01 1.133436252345563777e-01 1.120729452313389690e-01 1.109973463750793532e-01 1.100725423841504430e-01 1.092662085169286007e-01 1.085538558159896694e-01 1.079173589634592617e-01
3.741236046947596927e-01 2.827860889583825865e-01 2.273118520993739344e-01 1.943168596178293239e-01 1.741236572898924306e-01 1.611018224991858094e-01 1.522093875519931194e-01 1.457920808345079533e-01 1.409232471510767915e-01 1.370641280151903563e-01 1.338916379958391134e-01 1.312045858521014574e-01 1.288742500822991077e-01 1.268154894374310948e-01 1.249698534375056624e-01 1.232973205577582165e-01 1.217683227267116336e-01 1.203615988348610694e-01 1.190602829307317728e-01 1.178518864721991161e-01
1.860392802860587891e-01 1.692839534953236580e-01 1.595672883186489421e-01 1.524007781408727169e-01 1.467847959464415875e-01 1.422189172403886814e-01 1.384193204506300456e-01 1.352039595047244691e-01 1.324454668964608617e-01 1.300490497184773608e-01 1.279436329229793057e-01 1.260751398862339501e-01 1.244018492411123611e-01 1.228915103850886231e-01 1.215193014044780306e-01 1.202652095782104913e-01 1.191134739655535651e-01 1.180511720676440807e-01 1.170674732318730121e-01 1.161535698076477247e-01
4.880695997027214572e-01 3.719760059565305754e-01 3.032911878079175838e-01 2.641607792675494948e-01 2.411155787110328685e-01 2.263387928903102808e-01 2.157957893610000510e-01 2.074572640657424971e-01 2.002979142963886294e-01 1.938004115223884716e-01 1.877068472653627418e-01 1.818961497396230642e-01 1.763209346681833267e-01 1.709711699187755618e-01 1.658552271127700928e-01 1.609892193228006363e-01 1.563892024569213390e-01 1.520684728212654546e-01 1.480347734689712591e-01 1.442902417201548937e-01
4.606294417451135548e-01 3.236926089494954750e-01 2.422136191092431612e-01 1.951556415818959112e-01 1.679841533152648392e-01 1.518239550961880124e-01 1.417674762776732766e-01 1.351766267274797373e-01 1.306210131392435969e-01 1.273048235913074588e-01 1.247724323921329398e-01 1.227537728624247398e-01 1.210840327555342821e-01 1.196589133200177402e-01 1.184110832109217942e-01 1.172954191471720226e-01 1.162813621580789936e-01 1.153483192340354485e-01 1.144818215383565929e-01 1.136724292306462297e-01
6.723210704424127382e-01 5.035150916656130349e-01 3.719280770891014720e-01 2.824984926372417493e-01 2.245761993976384541e-01 1.869384332030313012e-01 1.620672153202485921e-01 1.453461903610150374e-01 1.339086703469729300e-01 1.259368217414885416e-01 1.202633851544305799e-01 1.161337706893391386e-01 1.130553661979502023e-01 1.107038808666402502e-01 1.088629068614682116e-01 1.073863364470889759e-01 1.061741423048079003e-01 1.051566210013697850e-01 1.042853508832922715e-01 1.035258455615621631e-01
3.913551551907767379e-01 3.250060486985603125e-01 2.753898659799597359e-01 2.375032641869620487e-01 2.084957239826712716e-01 1.866291001637000457e-01 1.705552885044016864e-01 1.589417250134283754e-01 1.505495135208184398e-01 1.443830341592183819e-01 1.397247985486654853e-01 1.360898434886621544e-01 1.331601085519650840e-01 1.307282489116187163e-01 1.286584143390064050e-01 1.268601642540306829e-01 1.252714650996495094e-01 1.238491333884303436e-01 1.225620768149383311e-01 1.213873995689209589e-01
1.842709828144870610e-01 1.743182276473089487e-01 1.682314262993168108e-01 1.633067281101830415e-01 1.591246771160513274e-01 1.554575813759583869e-01 1.521725973208594984e-01 1.491881553931307391e-01 1.464504091115668427e-01 1.439213594153989084e-01 1.415732507512439120e-01 1.393836752441711679e-01 1.373345654623699397e-01 1.354108320717932745e-01 1.335994948475854593e-01 1.318895182035703384e-01 1.302709770703359138e-01 1.287355881431358207e-01 1.272761235748475772e-01 1.258864953268493958e-01
3.590055357379696721e-01 2.578985863088200658e-01 2.006793179563828855e-01 1.680751745996530988e-01 1.489230417591170530e-01 1.372646651460672773e-01 1.298892540001543305e-01 1.250175553420558583e-01 1.216426785674411815e-01 1.191848900949116774e-01 1.173041297492454782e-01 1.157974637439474486e-01 1.145406498207012236e-01 1.134572886249225060e-01 1.124984596163267209e-01 1.116329121237504274e-01 1.108399512493633693e-01 1.101060647524718661e-01 1.094215727277332850e-01 1.087799595131946212e-01
6.679517660988494310e-01 5.177388717819121355e-01 4.028433346314704844e-01 3.213850809408654863e-01 2.657669937238097413e-01 2.295892606116831380e-01 2.071541626937687397e-01 1.933548958227038483e-01 1.845228770561516407e-01 1.784313490614294895e-01 1.738466057553887389e-01 1.701126763783395168e-01 1.668865139596164282e-01 1.639884743909351406e-01 1.613239968765992627e-01 1.588421045406721577e-01 1.565138487808576395e-01 1.543213417651713715e-01 1.522526277585711796e-01 1.502988772719981991e-01
1.990618330975280625e-01 1.701011516992002592e-01 1.535576823726296503e-01 1.433101626764982928e-01 1.366332630626857225e-01 1.320308853872120269e-01 1.286790574900806006e-01 1.261124255694449081e-01 1.240587832219898767e-01 1.223538229987025244e-01 1.208948575984686580e-01 1.196158152446150785e-01 1.184727073600515684e-01 1.174355355510488114e-01 1.164831425808370152e-01 1.156002422515302885e-01 1.147755843820050387e-01 1.140005861339159349e-01 1.132686234428547378e-01 1.125745691801421366e-01
1.728000552253797784e-01 1.571695723198354155e-01 1.492280642315745309e-01 1.436202818504534739e-01 1.392334582749754079e-01 1.355865655740490228e-01 1.324487605274771440e-01 1.296978803802266988e-01 1.272626267292071012e-01 1.250962435174733378e-01 1.231634511514357599e-01 1.214353294012835288e-01 1.198861318168928797e-01 1.184923149173846418e-01 1.172332445731444767e-01 1.160907142587257052e-01 1.150492874333940568e-01 1.140955039193795595e-01 1.132183627417543970e-01 1.124086734117008685e-01
2.354902021819725577e-01 1.868533868109625573e-01 1.613973334616093658e-01 1.471818311799142909e-01 1.386323262407677115e-01 1.331022934312932060e-01 1.293290293620520948e-01 1.266524953581392721e-01 1.246870741329621501e-01 1.231903793261153596e-01 1.220051824045367550e-01 1.210298361064633399e-01 1.201984359312336936e-01 1.194680492282350348e-01 1.188108003597699303e-01 1.182075667920798878e-01 1.176455036395782361e-01 1.171153919439529983e-01 1.166104820261170960e-01 1.161260355328602167e-01
6.809950613151886101e-01 4.804720571004145180e-01 3.532276606652885453e-01 2.787881538458168440e-01 2.351669516600668475e-01 2.082617988064885128e-01 1.904744401201605708e-01 1.778841420635580983e-01 1.684506073221564426e-01 1.610759826004505291e-01 1.551384978741407461e-01 1.502631931751966521e-01 1.462068119086325224e-01 1.428001390211284249e-01 1.399188895337283578e-01 1.374669056385755539e-01 1.353677045553922653e-01 1.335595018789172139e-01 1.319910352118313368e-01 1.306203511357307556e-01
7.318722026127943980e-01 5.103840582944394466e-01 3.534363851953821745e-01 2.590769033681135647e-01 2.065571800543693770e-01 1.775046889806981276e-01 1.608470828788267637e-01 1.507331075829279055e-01 1.441695932795118984e-01 1.396087439608527381e-01 1.362304795884119735e-01 1.335840286431521085e-01 1.314136842659718307e-01 1.295688994905412894e-01 1.279574220906215531e-01 1.265214662766084019e-01 1.252220550901256557e-01 1.240330277697648809e-01 1.229353601625189224e-01 1.219148520519956896e-01
1.083288620319217355e+00 8.620600389316678269e-01 6.135247497991076493e-01 3.997084850901588271e-01 2.641612366660831546e-01 1.931710372729867342e-01 1.581168612220790193e-01 1.402811478193593253e-01 1.305605514114722698e-01 1.248245501736528207e-01 1.211601498578966096e-01 1.186369882524013486e-01 1.167775763500685515e-01 1.153250481537978073e-01 1.141344001549441656e-01 1.131208411899569943e-01 1.122331779080559533e-01 1.114392452474567141e-01 1.107182454588473836e-01 1.100564144279633227e-01
9.894180937318014513e-01 7.275393732969860361e-01 5.239358365442603471e-01 3.786542114042095175e-01 2.821550155407749338e-01 2.208463725951241852e-01 1.823986501632316459e-01 1.580746326340886354e-01 1.423621754057239619e-01 1.319384792149139729e-01 1.248177413395023944e-01 1.198041546493186643e-01 1.161660773417679537e-01 1.134472976743927525e-01 1.113574751267151497e-01 1.097076363783617142e-01 1.083726420073844593e-01 1.072677779225887224e-01 1.063344171937478655e-01 1.055316051844420178e-01
6.654435194854159130e-01 4.874751207754047799e-01 3.682951634965138665e-01 2.908069323282688745e-01 2.382353300787508621e-01 2.014875898975878876e-01 1.756996625382453159e-01 1.575747764483094171e-01 1.446838600211776682e-01 1.353127250843681462e-01 1.283197846208349868e-01 1.229660717932711117e-01 1.187735502114810465e-01 1.154271603992674533e-01 1.127131993480725153e-01 1.104821620119764702e-01 1.086263955848653512e-01 1.070663512828468750e-01 1.057420440408168294e-01 1.046075635391753161e-01
1.942635983787477094e-01 1.837187714315950959e-01 1.765596052771434277e-01 1.702535884804092237e-01 1.646639972075354397e-01 1.597408148931572236e-01 1.554500052052648629e-01 1.517469938579597555e-01 1.485711603763047728e-01 1.458496149349957638e-01 1.435069486801512639e-01 1.414717585826292534e-01 1.396824439801275797e-01 1.380883670365437854e-01 1.366500858357176107e-01 1.353374432632699631e-01 1.341282720095477998e-01 1.330054501187987737e-01 1.319566576304350702e-01 1.309720073649077721e-01
1.984391885504737663e-01 1.895341426196466839e-01 1.842047381541488116e-01 1.796499340946320356e-01 1.754734057793393698e-01 1.714793502935208491e-01 1.675762460054829595e-01 1.637296036817133538e-01 1.599364527221769083e-01 1.562114064022898652e-01 1.525783445779234082e-01 1.490645935246720788e-01 1.456965097622014704e-01 1.424970950093120414e-01 1.394840722484514128e-01 1.366692951158620384e-01 1.340587394900285279e-01 1.316524266690976275e-01 1.294462700517442499e-01 1.274317670492746413e-01
1.666785705275833640e-01 1.543032318167388561e-01 1.454281422309577354e-01 1.382272191904485303e-01 1.326247121207416169e-01 1.284360681334510423e-01 1.253723627142608044e-01 1.231223588821012543e-01 1.214198688353644723e-01 1.200699804049872865e-01 1.189453022804445870e-01 1.179689792214776434e-01 1.170962231582961949e-01 1.163018637677305372e-01 1.155708839607359484e-01 1.148940119311009783e-01 1.142647323054552522e-01 1.136780078301671826e-01 1.131299681734526524e-01 1.126169881064561229e-01
4.456909051236159769e-01 3.273093376871838434e-01 2.567272220742597977e-01 2.159795001731254216e-01 1.916867684666067329e-01 1.763605667743831928e-01 1.660568670462816976e-01 1.586558648291975238e-01 1.529865133715793413e-01 1.483853476564399865e-01 1.444709661556407843e-01 1.410211670130956940e-01 1.379053155833389610e-01 1.350460133212618430e-01 1.323979071778012551e-01 1.299346911242173497e-01 1.276409985569262051e-01 1.255083368226451168e-01 1.235312592309492224e-01 1.217055186668585531e-01
4.369135211249522421e-01 3.435476753313559950e-01 2.735960076469928226e-01 2.248076536878943488e-01 1.933530093170702513e-01 1.736685300804674537e-01 1.611880917847156591e-01 1.529397177696228127e-01 1.471713759563863244e-01 1.428849383071064960e-01 1.395120850577950544e-01 1.367256758548319462e-01 1.343336670286953416e-01 1.322218730114400331e-01 1.303203941322862991e-01 1.285856857243925233e-01 1.269899286935105842e-01 1.255144403688609467e-01 1.241462353337556140e-01 1.228757032146677308e-01
4.727050764059822496e-01 3.788470778055488819e-01 3.111023676116019265e-01 2.637791519239545135e-01 2.316094555705785762e-01 2.098371326550841354e-01 1.948270944319665521e-01 1.840805295109748940e-01 1.759850082546472461e-01 1.695399190671741940e-01 1.641407506912946623e-01 1.594287833943963117e-01 1.551935876719653662e-01 1.513128842040896427e-01 1.477151711843907866e-01 1.443592088110745020e-01 1.412198474258184455e-01 1.382813406269997325e-01 1.355332141555845860e-01 1.329665675805881686e-01
9.091663666816021117e-01 6.647738410625606553e-01 4.817723720450885483e-01 3.608453119119803820e-01 2.850913810459314579e-01 2.377797339111566433e-01 2.075820308591937724e-01 1.876631212917618530e-01 1.740221694521096596e-01 1.643142552673339252e-01 1.571414785256547431e-01 1.516544636969411053e-01 1.473240371440260876e-01 1.438131044705369399e-01 1.408999463553482212e-01 1.384344071269879295e-01 1.363119619734061427e-01 1.344582491426990489e-01 1.328177502958715062e-01 1.313493260722316258e-01
4.727470754315800106e-01 3.208839424396864870e-01 2.340002543851733285e-01 1.892680081538856141e-01 1.658765849471092180e-01 1.526008371077477999e-01 1.442676251567900081e-01 1.385087899677455436e-01 1.341941430699080118e-01 1.307557979179546359e-01 1.278911705361679141e-01 1.254313350701704577e-01 1.232762036635540459e-01 1.213628066354431184e-01 1.196487551708924069e-01 1.181041382443709098e-01 1.167059237592911747e-01 1.154360658314544652e-01 1.142796519142575545e-01 1.132238191436044927e-01
6.875303793232887539e-01 5.044331797018094532e-01 3.649427289050072298e-01 2.696254462242359540e-01 2.091876342624891527e-01 1.723684446711558904e-01 1.501584142586216419e-01 1.365996204555267601e-01 1.281071222052560243e-01 1.226052881622126667e-01 1.188997479290992421e-01 1.162962250225245964e-01 1.143843750871019471e-01 1.129160781708196670e-01 1.117388448532437850e-01 1.107563520184703526e-01 1.099075195568252616e-01 1.091524370858132920e-01 1.084650030465854759e-01 1.078280384455865687e-01
2.287598731962498244e-01 1.864587927470802153e-01 1.654254067735746458e-01 1.541046073508914593e-01 1.473446213948773342e-01 1.428041244443738755e-01 1.394162009053979967e-01 1.366756420816818696e-01 1.343324496172135785e-01 1.322556090418947894e-01 1.303725989616941749e-01 1.286397850734647408e-01 1.270285656221676607e-01 1.255189405707642369e-01 1.240962953050620821e-01 1.227492229500785487e-01 1.214693588367663363e-01 1.202505557239055695e-01 1.190876498655416005e-01 1.179772463184781406e-01
7.605771805000768326e-01 5.912956157387344591e-01 4.580259870896042917e-01 3.596659567563801896e-01 2.917604316468714321e-01 2.467207797733135533e-01 2.170915817143395654e-01 1.972223225867492102e-01 1.833764611030346825e-01 1.732453295978484686e-01 1.654403881897451301e-01 1.591307229554513591e-01 1.538169946253765408e-01 1.491968577375518967e-01 1.450864132585411304e-01 1.413729327210445086e-01 1.379864934766374118e-01 1.348818173690233269e-01 1.320286303851753440e-01 1.294047527108341533e-01
9.543055449938401269e-01 7.676607626033364884e-01 6.032287119329953207e-01 4.719947727229737433e-01 3.773809149488806525e-01 3.135235700756311417e-01 2.711267007887363523e-01 2.422692729532718581e-01 2.216745899617671989e-01 2.061764009296894185e-01 1.939390018582344000e-01 1.839003382623195515e-01 1.754360465705394612e-01 1.681677235662937253e-01 1.618543502688407909e-01 1.563331816717982159e-01 1.514855762943625450e-01 1.472193771600723289e-01 1.434586264938116085e-01 1.401389211229980003e-01
3.134717557122530529e-01 2.415049857296253377e-01 1.970755314617417819e-01 1.713068068756183615e-01 1.563063011387930690e-01 1.471661411982495282e-01 1.412372205150313753e-01 1.371290479449089605e-01 1.341014441283187031e-01 1.317489304410992268e-01 1.298403611016692716e-01 1.282390380697324972e-01 1.268596710456768029e-01 1.256471621093805946e-01 1.245632234716322340e-01 1.235812069103121719e-01 1.226813363912515331e-01 1.218486234126612555e-01 1.210718930093571538e-01 1.203423717897385420e-01
4.550828155234921679e-01 3.291349562345567414e-01 2.504907432907202969e-01 2.039263982372358508e-01 1.759845764654164590e-01 1.581228836160062101e-01 1.457848003189212704e-01 1.366664130714343728e-01 1.295993582429946500e-01 1.239678762981202415e-01 1.194243718439247509e-01 1.157503516534052340e-01 1.127894510943588113e-01 1.104169336162158233e-01 1.085258593480102757e-01 1.070224691589828636e-01 1.058254620328079876e-01 1.048657603820902229e-01 1.040866209310479518e-01 1.034431848749227389e-01
1.182935577095486135e+00 8.955919919325969758e-01 6.319193545975576587e-01 4.301839535392354974e-01 3.006601024442352443e-01 2.252457623276859500e-01 1.825147588702384360e-01 1.579324450297281135e-01 1.432976315390988020e-01 1.342231318959966335e-01 1.283580280188471034e-01 1.244110821653157534e-01 1.216496267332695391e-01 1.196435099211521497e-01 1.181322809087578252e-01 1.169531768327578963e-01 1.160017322050407584e-01 1.152092416181039886e-01 1.145295145029389533e-01 1.139308569279455646e-01
1.532534157112240836e+00 1.238996488577686295e+00 9.445817592845560107e-01 7.034210353427624574e-01 5.267583931342233461e-01 4.012273130679386846e-01 3.131993978622995001e-01 2.539760943595320009e-01 2.166988503187894932e-01 1.945654522627592031e-01 1.817549893260002047e-01 1.742633135616779294e-01 1.697056962549686465e-01 1.667581018060445841e-01 1.647028257697820686e-01 1.631485443562269155e-01 1.618806080520153179e-01 1.607788625359535262e-01 1.597747305035591148e-01 1.588286921381950323e-01
