2.863583126664161482e-01 2.730022513866424694e-01 2.616762675344944111e-01 2.520927141606807975e-01 2.441294614970684063e-01 2.375667512416839711e-01 2.321518485248088848e-01 2.276364906132221089e-01 2.237976904213428431e-01 2.204454784095287445e-01 2.174233719706535339e-01 2.146051363646984123e-01 2.118912149965763159e-01 2.092070928215980508e-01 2.065021573007106703e-01 2.037507571280002538e-01 2.009508487582206682e-01 1.981221851706504722e-01 1.953009903430938665e-01 1.925319424271583479e-01
2.588111457228660650e-01 2.557774688303470767e-01 2.531033118069171972e-01 2.502844651788473374e-01 2.473279865831136681e-01 2.442610950022935934e-01 2.411183290928602119e-01 2.379367648065090213e-01 2.347526668757200230e-01 2.316000346094369833e-01 2.285093248635530483e-01 2.255059687793254941e-01 2.226111263036728016e-01 2.198409797251224540e-01 2.172074353694915805e-01 2.147182731330394834e-01 2.123779018223285742e-01 2.101869459450244892e-01 2.081442828476428863e-01 2.062458625435829029e-01
3.614394515752792358e-01 3.547306162118911699e-01 3.480001044273376420e-01 3.410143643617630227e-01 3.338329806923866494e-01 3.265331551432609780e-01 3.191981291770935036e-01 3.119107699394226274e-01 3.047486701607703963e-01 2.977805429697036876e-01 2.910644742846488775e-01 2.846461451053619585e-01 2.785588014125823797e-01 2.728238558769225941e-01 2.674516594409942494e-01 2.624419081211090132e-01 2.577849701046943665e-01 2.534628742933273116e-01 2.494502332806587119e-01 2.457157820463180542e-01
2.046658653020858865e-01 2.018844313919544164e-01 2.000017385184764962e-01 1.983395855128765040e-01 1.968677312135696522e-01 1.955591048300266144e-01 1.943899987637996707e-01 1.933398880064487457e-01 1.923913358151912723e-01 1.915294949710369121e-01 1.907419672608375583e-01 1.900181104242801566e-01 1.893492993712425354e-01 1.887280920147895724e-01 1.881481897830963035e-01 1.876045008003711656e-01 1.870926082134246882e-01 1.866089652478694905e-01 1.861503423750400510e-01 1.857141487300396077e-01
2.307302157580852497e-01 2.273733686655759756e-01 2.244432650506496540e-01 2.216647230833768967e-01 2.190412861853837934e-01 2.165683161467313878e-01 2.142335881292820043e-01 2.120204362273216125e-01 2.099097167700529065e-01 2.078819597885012693e-01 2.059180995821952853e-01 2.040007655695080802e-01 2.021148844808340062e-01 2.002492856048047609e-01 1.983972550183534522e-01 1.965575433522462889e-01 1.947344524040818259e-01 1.929376419447362545e-01 1.911808021739125341e-01 1.894796794094145420e-01
2.459250889159738940e-01 2.441145492158830199e-01 2.424636651016771893e-01 2.405855320766568106e-01 2.384106167033314683e-01 2.358821319416165296e-01 2.329671075940132063e-01 2.296696456894278537e-01 2.260399018973112129e-01 2.221734061464667453e-01 2.181987426429986832e-01 2.142558549344539542e-01 2.104735472798347495e-01 2.069516963511705276e-01 2.037539700418710686e-01 2.009079587459564331e-01 1.984122221916914119e-01 1.962449036538601033e-01 1.943726827204227403e-01 1.927575004100799683e-01
3.356583884358406156e-01 3.317652690410614058e-01 3.279120764136314592e-01 3.236187314987182817e-01 3.188876363635063105e-01 3.137546002864837758e-01 3.082839244604110851e-01 3.025660234689712680e-01 2.967107006907462874e-01 2.908401244878768832e-01 2.850781509280204684e-01 2.795393964648246743e-01 2.743217334151267783e-01 2.694981998205184803e-01 2.651140272617339977e-01 2.611871507763862676e-01 2.577103632688522161e-01 2.546573096513748413e-01 2.519876748323440774e-01 2.496531158685684204e-01
2.834608399868011608e-01 2.810733979940414629e-01 2.789762979745865068e-01 2.769094869494438393e-01 2.748595988750457964e-01 2.728206858038902394e-01 2.707876747846603149e-01 2.687551593780517778e-01 2.667167156934738270e-01 2.646648478507995783e-01 2.625914806127548351e-01 2.604881605505943165e-01 2.583471301198005943e-01 2.561614415049552895e-01 2.539262157678603971e-01 2.516391935944557456e-01 2.493016806244850170e-01 2.469181433320045416e-01 2.444970494508743319e-01 2.420499882102012668e-01
3.001373939216137043e-01 2.861700794100761613e-01 2.737270155549049178e-01 2.626042580604553422e-01 2.527959913760423616e-01 2.442092536389827706e-01 2.367155522853136018e-01 2.301769912987947364e-01 2.244602301716804582e-01 2.194435619562864204e-01 2.150193905085325263e-01 2.110947335883975040e-01 2.075902690738439527e-01 2.044389969110488869e-01 2.015843164548277722e-01 1.989788823015987973e-01 1.965828928165137823e-01 1.943628619797527768e-01 1.922909099049866233e-01 1.903436967916786737e-01
2.352134001255035411e-01 2.292649424076080300e-01 2.245579162240028404e-01 2.205508098006248585e-01 2.171160399913787953e-01 2.141386845707893283e-01 2.115220376849174522e-01 2.091893580555915788e-01 2.070814311504363958e-01 2.051537939906120378e-01 2.033733823895454429e-01 2.017157825827598505e-01 2.001630547642707925e-01 1.987017658352851768e-01 1.973220410943031244e-01 1.960165238380432162e-01 1.947791200876236029e-01 1.936053752899170033e-01 1.924915066361427285e-01 1.914340807497501296e-01
2.225566302239894989e-01 2.196153345704078552e-01 2.170873863250017133e-01 2.145606157183647111e-01 2.120479493588209030e-01 2.095621329545974687e-01 2.071163620799779947e-01 2.047240842133760397e-01 2.023989156633615449e-01 2.001536489278078201e-01 1.979999357461929288e-01 1.959476625174284004e-01 1.940047288686037041e-01 1.921763907745480671e-01 1.904654758796095748e-01 1.888721581548452322e-01 1.873943934589624438e-01 1.860280881449580259e-01 1.847677100822329443e-01 1.836064732074737527e-01
1.733117433264851626e-01 1.711496973782777875e-01 1.697405989840626850e-01 1.685964281857013636e-01 1.676595514267683051e-01 1.668853675946593285e-01 1.662388604879379284e-01 1.656932133808731999e-01 1.652285510860383444e-01 1.648298754170537117e-01 1.644856728427112058e-01 1.641869467310607400e-01 1.639265916310250759e-01 1.636986963264644157e-01 1.634986421838402759e-01 1.633224181272089348e-01 1.631666171364486162e-01 1.630286057479679585e-01 1.629058295860886518e-01 1.627964098379015845e-01
2.299341741204261880e-01 2.229927799105644315e-01 2.167818731069564853e-01 2.109152472019195645e-01 2.054442551732063305e-01 2.004086773097515095e-01 1.958297187089920177e-01 1.917096027731895469e-01 1.880344107747077831e-01 1.847788372635841281e-01 1.819096054136753182e-01 1.793896106630563647e-01 1.771807409822940826e-01 1.752464057505130901e-01 1.735519465804100103e-01 1.720661884173750877e-01 1.707608552277088132e-01 1.696114163845777456e-01 1.685963929444551368e-01 1.676972172036766962e-01
2.479763276875019129e-01 2.448946665227413055e-01 2.422575986385345492e-01 2.396802990138530709e-01 2.371498811244964477e-01 2.346649186313152224e-01 2.322271627187728893e-01 2.298391576111316614e-01 2.275041912496089946e-01 2.252256210148334548e-01 2.230067071318626304e-01 2.208508332073688407e-01 2.187610299885273113e-01 2.167400173842906896e-01 2.147904023528099116e-01 2.129142279922962289e-01 2.111130686104297771e-01 2.093883240222930986e-01 2.077407412230968531e-01 2.061707541346549932e-01
2.544874995946884155e-01 2.505869390815496645e-01 2.468506123870611302e-01 2.430557318776845888e-01 2.392547649145126409e-01 2.355060754716396254e-01 2.318628012388944670e-01 2.283694241940975311e-01 2.250591347366571460e-01 2.219532404839992534e-01 2.190623083710670493e-01 2.163873040676116966e-01 2.139228610694408339e-01 2.116581128537654843e-01 2.095789560675621055e-01 2.076698318123817444e-01 2.059147340059280518e-01 2.042978207767009724e-01 2.028040927648544212e-01 2.014199478924274533e-01
3.182654084358364499e-01 3.059502841439097898e-01 2.939513687975704448e-01 2.822139372583478689e-01 2.708744747191667579e-01 2.600772050395607771e-01 2.499422115460038230e-01 2.405545947141945473e-01 2.319616620987653699e-01 2.241759997978806374e-01 2.171812316775321994e-01 2.109391642734408379e-01 2.053976655006408691e-01 2.004964955151081196e-01 1.961726306378841489e-01 1.923643261194229181e-01 1.890128845721483208e-01 1.860641266405582417e-01 1.834693919867277090e-01 1.811849059164524212e-01
2.136432805657386691e-01 2.122721664607524761e-01 2.115641903877258367e-01 2.109977807104587433e-01 2.105395613610744343e-01 2.101648500561714150e-01 2.098543865978717837e-01 2.095924980938434490e-01 2.093671265244483881e-01 2.091689443588256869e-01 2.089902915060520283e-01 2.088254544138908320e-01 2.086699984967708699e-01 2.085200586915016141e-01 2.083729694783687525e-01 2.082261392474174522e-01 2.080776891112327553e-01 2.079259493947029080e-01 2.077693064510822418e-01 2.076066209375858340e-01
2.874269589781761058e-01 2.799676173925400025e-01 2.732030951976776034e-01 2.668113262951374298e-01 2.608609603345394268e-01 2.554086254537105694e-01 2.504785403609275929e-01 2.460611303150653795e-01 2.421202160418033655e-01 2.386028058826923370e-01 2.354471185803413413e-01 2.325907284021377641e-01 2.299737031012773492e-01 2.275422678887843997e-01 2.252493081241846162e-01 2.230554517358541433e-01 2.209286419302225191e-01 2.188439233601093270e-01 2.167833369225263540e-01 2.147354111820459488e-01
3.047467380762099998e-01 3.007574060559272677e-01 2.971469482779502957e-01 2.936033567786216492e-01 2.901153972744941467e-01 2.866801711916923678e-01 2.832915961742401012e-01 2.799361556768417136e-01 2.765905848145485124e-01 2.732201540470123313e-01 2.697785964608192533e-01 2.662089616060256958e-01 2.624470311403274692e-01 2.584282046556472534e-01 2.540972959995269620e-01 2.494215092062950223e-01 2.444025637209415458e-01 2.390846931934356712e-01 2.335543186962604489e-01 2.279291692376136658e-01
2.586306443810462707e-01 2.531718610227107757e-01 2.482437574863433916e-01 2.435667867958545563e-01 2.391522484272718407e-01 2.350082980841398106e-01 2.311448902636766556e-01 2.275697150826454240e-01 2.242839018255472217e-01 2.212780900299549103e-01 2.185318497568368989e-01 2.160165749490260967e-01 2.136974263936281260e-01 2.115373247116804079e-01 2.094989969581365630e-01 2.075466039404273155e-01 2.056461336091160719e-01 2.037655494734644801e-01 2.018753025308251403e-01 1.999484444409608819e-01
2.872596746683120927e-01 2.826831439137458823e-01 2.782741352915764077e-01 2.738085648417472595e-01 2.692928591370582492e-01 2.647404572367668130e-01 2.601652848720550359e-01 2.555825367569923290e-01 2.510091602802276833e-01 2.464637580513954207e-01 2.419666978716850381e-01 2.375401565432548601e-01 2.332080855965614208e-01 2.289955747127533081e-01 2.249281007051467940e-01 2.210293230414390464e-01 2.173199439048767168e-01 2.138156786561012379e-01 2.105262413620948847e-01 2.074561420083045893e-01
2.809078827500343101e-01 2.773841202259063610e-01 2.741739678382873469e-01 2.709983110427856556e-01 2.678545796871185103e-01 2.647506597638130121e-01 2.617004150152206221e-01 2.587206968665122786e-01 2.558293911814689681e-01 2.530430540442466514e-01 2.503754135966300698e-01 2.478363162279129117e-01 2.454314619302749578e-01 2.431623649597167980e-01 2.410267829895019476e-01 2.390194970369338978e-01 2.371332612633705039e-01 2.353597459197044328e-01 2.336905455589294300e-01 2.321172907948493846e-01
4.333135586604475731e-01 4.163837878406047577e-01 3.996945853531360671e-01 3.835452459752559662e-01 3.684976786375045998e-01 3.548518440127372831e-01 3.427032423019409357e-01 3.320065203309059410e-01 3.226350642740726249e-01 3.144267091155052429e-01 3.072132414579391568e-01 3.008381196856498851e-01 2.951619201898574851e-01 2.900655391812324568e-01 2.854487583041190879e-01 2.812285405397415006e-01 2.773357227444648854e-01 2.737129878997802690e-01 2.703136256337165810e-01 2.670988479256630188e-01
3.037618431448936285e-01 2.949659821391105718e-01 2.871642613410949618e-01 2.799390882253646740e-01 2.732433480024337724e-01 2.670488455891609214e-01 2.613577082753181235e-01 2.561940824985504128e-01 2.515889629721641541e-01 2.475637277960777149e-01 2.441176587343215909e-01 2.412220346927642922e-01 2.388205185532569774e-01 2.368356895446777355e-01 2.351783743500709400e-01 2.337567833065986589e-01 2.324836143851280179e-01 2.312809318304061834e-01 2.300818011164665333e-01 2.288318073749542325e-01
4.044168440997600311e-01 3.839485546201467647e-01 3.638315563648938933e-01 3.447153843194246114e-01 3.273153916001320107e-01 3.119724473357200489e-01 2.987283554673194619e-01 2.874287368357181793e-01 2.778190717101097218e-01 2.696151530742645352e-01 2.625450909137725941e-01 2.563687902688980280e-01 2.508853229880332880e-01 2.459319061040878274e-01 2.413796034455299444e-01 2.371289083361625694e-01 2.331049221754074030e-01 2.292524290084838878e-01 2.255335785448551178e-01 2.219231057167053156e-01
2.688975477218628063e-01 2.627114851772784920e-01 2.572103653848171190e-01 2.521247605979442530e-01 2.474542500078678042e-01 2.431898356229066915e-01 2.393152490258216858e-01 2.358085581660270824e-01 2.326438246667384968e-01 2.297928758710622854e-01 2.272259490936994475e-01 2.249128755182027706e-01 2.228236552327871323e-01 2.209285320714116096e-01 2.191981718316674266e-01 2.176032539829611812e-01 2.161144342646002803e-01 2.147017678990960077e-01 2.133348071575164873e-01 2.119830152392387368e-01
2.634220832586288696e-01 2.563908180594444142e-01 2.501462340354919656e-01 2.444267907738685575e-01 2.392346447706222567e-01 2.345635458827018682e-01 2.303910186886787281e-01 2.266811931133270175e-01 2.233894276618957619e-01 2.204676693677902199e-01 2.178678637742996194e-01 2.155446681380271956e-01 2.134568166732788153e-01 2.115674817562103183e-01 2.098444840312004012e-01 2.082603012025356359e-01 2.067912736535072460e-01 2.054176327586174078e-01 2.041228067874908403e-01 2.028932559490203846e-01
2.779896655678749107e-01 2.742536205053329734e-01 2.710370662808418429e-01 2.678144735097884865e-01 2.646025475859641873e-01 2.614213269948959528e-01 2.582909637689590476e-01 2.552303221821785040e-01 2.522561022639274730e-01 2.493821102380752441e-01 2.466193839907646068e-01 2.439756956696510215e-01 2.414559426903724604e-01 2.390621501207351729e-01 2.367938911914825306e-01 2.346484038233757063e-01 2.326211330294609136e-01 2.307060447335243236e-01 2.288959622383117676e-01 2.271827587485313327e-01
4.027505736052989782e-01 3.952177555859088809e-01 3.882013660669326738e-01 3.810564480721950753e-01 3.737560920417308807e-01 3.662647041678428472e-01 3.585578683018684210e-01 3.506310692429542297e-01 3.425020717084407695e-01 3.342116603255271823e-01 3.258201819658279597e-01 3.174036440253257818e-01 3.090468966960907005e-01 3.008360482752323040e-01 2.928519184887409255e-01 2.851635956764221325e-01 2.778256408870219962e-01 2.708764097839593821e-01 2.643382079899311288e-01 2.582189014554023831e-01
2.290080694854259580e-01 2.268902859091758706e-01 2.252300058305263530e-01 2.235914343595504783e-01 2.219592727720737513e-01 2.203227187693118927e-01 2.186714039742946591e-01 2.169942270219326064e-01 2.152798268198966858e-01 2.135170422494411524e-01 2.116963496804237232e-01 2.098116061091422901e-01 2.078611996769905157e-01 2.058497174084186476e-01 2.037884059548377980e-01 2.016950453817844269e-01 1.995928640663623688e-01 1.975078432261943850e-01 1.954666401445865620e-01 1.934942215681076105e-01
2.356113921105861542e-01 2.336439560353756051e-01 2.319180839508771796e-01 2.302589682489633582e-01 2.286537779867648945e-01 2.270943871885538201e-01 2.255738595873117425e-01 2.240856841951608669e-01 2.226239164173603180e-01 2.211831745505332958e-01 2.197585537284612589e-01 2.183452226221561376e-01 2.169379483163356714e-01 2.155300492420792469e-01 2.141125858575105567e-01 2.126734632998704966e-01 2.111966539174318369e-01 2.096621312201022991e-01 2.080462851002812252e-01 2.063235861808061511e-01
3.130862703919410905e-01 3.087196728587150441e-01 3.050470098853111378e-01 3.015501162409782165e-01 2.982045841217040860e-01 2.949870693683624423e-01 2.918761768937110923e-01 2.888521540164947776e-01 2.858960375189781300e-01 2.829891395568847612e-01 2.801121291518211542e-01 2.772455334663391224e-01 2.743692815303802601e-01 2.714641472697257862e-01 2.685120710730552473e-01 2.654980292916298001e-01 2.624111601710319430e-01 2.592466580867767156e-01 2.560074931383132801e-01 2.527053898572921842e-01
2.170739177614450510e-01 2.158978659659624155e-01 2.149744636565446843e-01 2.141430015861988112e-01 2.133927659690380008e-01 2.127141470462083905e-01 2.120984446257352940e-01 2.115380395576357819e-01 2.110261334106326159e-01 2.105568289384245895e-01 2.101248232647776604e-01 2.097254565358162015e-01 2.093545559421181590e-01 2.090084850043058273e-01 2.086839183047413948e-01 2.083779579401016102e-01 2.080879142135381721e-01 2.078114673495292664e-01 2.075464869663119216e-01 2.072909836471080736e-01
3.011759349703788669e-01 2.973434975743293740e-01 2.932510557770728887e-01 2.887433850765228072e-01 2.838821113109588623e-01 2.787547829747200057e-01 2.734618160128593489e-01 2.681074756383896029e-01 2.627919879555702387e-01 2.576044857501983421e-01 2.526197811961173878e-01 2.478948485851287797e-01 2.434701323509216309e-01 2.393698912858963079e-01 2.356052309274673517e-01 2.321760636568069580e-01 2.290738764405250427e-01 2.262837284803390636e-01 2.237857666611671459e-01 2.215573787689208984e-01
3.102696134150028096e-01 2.996297706663608729e-01 2.904561004042625627e-01 2.823229664564132491e-01 2.750659480690956227e-01 2.684959521889686562e-01 2.624247854948043579e-01 2.566800940036773615e-01 2.511252322793006697e-01 2.456810313463211048e-01 2.403354093432426564e-01 2.351343724131584045e-01 2.301555547118186995e-01 2.254788056015968323e-01 2.211627805233001842e-01 2.172359016537666332e-01 2.136982214450836304e-01 2.105296200513839810e-01 2.076971587538719299e-01 2.051628541946411144e-01
2.547893922217190354e-01 2.491637659817934058e-01 2.440017832443118206e-01 2.391213063523173199e-01 2.345374105870723647e-01 2.302550595253705923e-01 2.262648824602365438e-01 2.225485163927078125e-01 2.190825366228818794e-01 2.158429773151874509e-01 2.128071331977844372e-01 2.099552638083696243e-01 2.072710788995027476e-01 2.047415869683027190e-01 2.023569218814373072e-01 2.001089412719011251e-01 1.979921089857816785e-01 1.960013663768768177e-01 1.941326446831226349e-01 1.923821114003658184e-01
3.403636087477207028e-01 3.335625188052654400e-01 3.271211433410644576e-01 3.206358191370963784e-01 3.141688477993011541e-01 3.077623021602630682e-01 3.014442056417465099e-01 2.952319338917732128e-01 2.891369283199310414e-01 2.831680154800415017e-01 2.773360481858253568e-01 2.716563394665718056e-01 2.661507818102836764e-01 2.608470928668975564e-01 2.557782047986984497e-01 2.509781229496002020e-01 2.464792856574058444e-01 2.423079407215118497e-01 2.384817159175872670e-01 2.350069770216941800e-01
2.249152609705925010e-01 2.221998956799507152e-01 2.202752544730901818e-01 2.186873862892389220e-01 2.173745246231555961e-01 2.162856768071651503e-01 2.153775407373905160e-01 2.146134480834007152e-01 2.139624546468257837e-01 2.133988578617572740e-01 2.129013229906558946e-01 2.124522782862186543e-01 2.120371934771537736e-01 2.116441121697425765e-01 2.112631052732467651e-01 2.108861443400383007e-01 2.105064578354358673e-01 2.101186275482177790e-01 2.097182759642600980e-01 2.093017239868640855e-01
2.396866826713085208e-01 2.313489741086959817e-01 2.242486321926117077e-01 2.178447280824184484e-01 2.120896421372890361e-01 2.069710473716258881e-01 2.024700146913528398e-01 1.985515642166137684e-01 1.951668727397918579e-01 1.922594830393791199e-01 1.897703683376312234e-01 1.876421882212161996e-01 1.858214828372001526e-01 1.842606176435947485e-01 1.829179584980011042e-01 1.817574848234653484e-01 1.807490283250808849e-01 1.798671862483024464e-01 1.790910847485065460e-01 1.784033165872097038e-01
3.638340458273887634e-01 3.594218677282333130e-01 3.549810349941253662e-01 3.499384680390357771e-01 3.442498856782913452e-01 3.379100719094276228e-01 3.309540268778801142e-01 3.234574210643768044e-01 3.155289721488952481e-01 3.073009797930717490e-01 2.989169844985008484e-01 2.905209153890609963e-01 2.822466108202934532e-01 2.742088781297206679e-01 2.664994506537914365e-01 2.591851070523262246e-01 2.523081357777118838e-01 2.458894179761409726e-01 2.399331669509410792e-01 2.344303382933139723e-01
2.398301486670970928e-01 2.371591736376285620e-01 2.348401387780904848e-01 2.325873003900051084e-01 2.303929331153631299e-01 2.282561347633600135e-01 2.261780665814876468e-01 2.241603578627109628e-01 2.222049377113580748e-01 2.203133243322372425e-01 2.184861309826374165e-01 2.167235634475946360e-01 2.150251305848359940e-01 2.133892077952623256e-01 2.118133337795734539e-01 2.102942551486194078e-01 2.088278205506503560e-01 2.074087864533066816e-01 2.060310435853898448e-01 2.046875491552054838e-01
3.367136329412460105e-01 3.342445024847984225e-01 3.326263886690139504e-01 3.310640370845794878e-01 3.295382511615753129e-01 3.280313673615455894e-01 3.265275821089744790e-01 3.250132000446319669e-01 3.234761190414428556e-01 3.219061261415481767e-01 3.202943307161331132e-01 3.186331117153167747e-01 3.169159853458404785e-01 3.151373532414436518e-01 3.132925158739089944e-01 3.113776713609695546e-01 3.093896859884261996e-01 3.073258933424949380e-01 3.051846209168433965e-01 3.029646909236907715e-01
3.506230786442756653e-01 3.464135220646858415e-01 3.422013860940933405e-01 3.375071245431899847e-01 3.323258119821548284e-01 3.266836822032928578e-01 3.206335872411728016e-01 3.142507636547088867e-01 3.076259738206863492e-01 3.008573675155639671e-01 2.940456524491310009e-01 2.872865673899650529e-01 2.806668838858604187e-01 2.742614808678627281e-01 2.681304058432579240e-01 2.623186650872230685e-01 2.568570592999458446e-01 2.517627498507499784e-01 2.470415788888931374e-01 2.426895806193351823e-01
2.499860748928040277e-01 2.378123303316533599e-01 2.271860375534743015e-01 2.179043686576187522e-01 2.099644505232572678e-01 2.032510562706738577e-01 1.976088074967265185e-01 1.928771762363612752e-01 1.889080511406064089e-01 1.855731072463095155e-01 1.827647395245730888e-01 1.803949581459164675e-01 1.783918425440788325e-01 1.766965110599994782e-01 1.752604807913303309e-01 1.740435029566287928e-01 1.730117661133408480e-01 1.721369202248752006e-01 1.713948371820151750e-01 1.707651372998952866e-01
2.845148429274558799e-01 2.754809746146202332e-01 2.671616402268409685e-01 2.591311293840408148e-01 2.514700394868850664e-01 2.442352208495140176e-01 2.374647876620292752e-01 2.311801078915595997e-01 2.253877750039100514e-01 2.200822296738624562e-01 2.152477401494979903e-01 2.108609032630920366e-01 2.068931230902671947e-01 2.033125403523445007e-01 2.000853967666625932e-01 1.971777816116809801e-01 1.945566099882125866e-01 1.921902768313884791e-01 1.900492687523364921e-01 1.881065973639488298e-01
2.396850332617759816e-01 2.357856810092925914e-01 2.320411205291748047e-01 2.282978045940399214e-01 2.245740783214568992e-01 2.209327465295791715e-01 2.174518391489982660e-01 2.141977879405021767e-01 2.112105974555015531e-01 2.085024553537368763e-01 2.060636579990386963e-01 2.038714376091957103e-01 2.018970605731010559e-01 2.001104876399040222e-01 1.984844207763671875e-01 1.969947379827499401e-01 1.956212005019187794e-01 1.943470948934555020e-01 1.931589044630527552e-01 1.920458114147186313e-01
2.493551680445671159e-01 2.442076063156127796e-01 2.393214243650436390e-01 2.342584304511547144e-01 2.291269414126873016e-01 2.240496166050434113e-01 2.191379174590110668e-01 2.144762289524078380e-01 2.101170593500137351e-01 2.060846044868230864e-01 2.023823776096105587e-01 1.990004444867372602e-01 1.959215150028467134e-01 1.931247615814208896e-01 1.905885307490825520e-01 1.882913820073008615e-01 1.862130784243345161e-01 1.843348197638988439e-01 1.826390977948904037e-01 1.811096805334091175e-01
3.362642014026641646e-01 3.333572915196418851e-01 3.299923741817474276e-01 3.258794414997100986e-01 3.209743782877921836e-01 3.152887487411499268e-01 3.088897207379341370e-01 3.018919596076011791e-01 2.944453033804893538e-01 2.867215088009834045e-01 2.788985362648964128e-01 2.711458697915077320e-01 2.636113888025283791e-01 2.564124050736427129e-01 2.496332067251205433e-01 2.433259359002113431e-01 2.375140786170959473e-01 2.321990197896957320e-01 2.273652413487434465e-01 2.229862758517265342e-01
2.455660098046064388e-01 2.426540833711624268e-01 2.402618079632520554e-01 2.380305319279432397e-01 2.359399100020527773e-01 2.339758730307221479e-01 2.321269978955388114e-01 2.303836017102003086e-01 2.287371651455759880e-01 2.271801297739148018e-01 2.257057462260126934e-01 2.243078047409653719e-01 2.229806880280375547e-01 2.217192571237683318e-01 2.205187833681702680e-01 2.193747836910188154e-01 2.182832050696015269e-01 2.172399130463600059e-01 2.162409998476505224e-01 2.152824567444622528e-01
2.391904404759407077e-01 2.346404127776622883e-01 2.308966797590255859e-01 2.275177331268787295e-01 2.244052375108003539e-01 2.214818467944860425e-01 2.186898862570524349e-01 2.159892357140779373e-01 2.133555428683757693e-01 2.107771807163953681e-01 2.082526750117540404e-01 2.057875840365886722e-01 2.033920225501060497e-01 2.010779161751270194e-01 1.988574407249689147e-01 1.967414350062608730e-01 1.947388888150453634e-01 1.928557274490594886e-01 1.910952457040548391e-01 1.894579032808542118e-01
