2.225596371293067921e-01 2.149382914602756545e-01 2.091523885726928600e-01 2.040868434309959512e-01 1.996445478498935777e-01 1.957468099892139546e-01 1.923242874443530925e-01 1.893164902925491277e-01 1.866700821369886298e-01 1.843381857872009311e-01 1.822806984931230612e-01 1.804622425884008508e-01 1.788524203002452850e-01 1.774249971657991531e-01 1.761569899320602484e-01 1.750285578519105989e-01 1.740225068479776260e-01 1.731240005046129349e-01 1.723201157897710778e-01 1.715993465483188762e-01
1.884477643668651670e-01 1.840041498839855294e-01 1.806685763597488392e-01 1.777953103184700123e-01 1.752966651320457536e-01 1.731124141812324657e-01 1.711966265738010529e-01 1.695131689310073742e-01 1.680322524905204784e-01 1.667289158701896756e-01 1.655816234648227747e-01 1.645715130865573750e-01 1.636818517744541290e-01 1.628976143151521783e-01 1.622056248039007165e-01 1.615938460826873702e-01 1.610516732186079158e-01 1.605699405819177583e-01 1.601404217630624793e-01 1.597560844570398431e-01
2.223118101060390372e-01 2.128547793626785201e-01 2.063492123782634802e-01 2.013357491791248344e-01 1.973950335383415355e-01 1.942106752097606526e-01 1.915637239813804682e-01 1.893068072199821372e-01 1.873400008678436368e-01 1.855942288041114718e-01 1.840209434926509957e-01 1.825857263803482011e-01 1.812634666264057171e-01 1.800360952317714702e-01 1.788901390135288205e-01 1.778155708312988414e-01 1.768047948181629136e-01 1.758517441153526206e-01 1.749517987668514352e-01 1.741011305153369881e-01
2.672139322757721147e-01 2.595970466732978599e-01 2.528731605410575733e-01 2.465180230140686102e-01 2.405773743987083546e-01 2.350632527470588595e-01 2.299504679441451982e-01 2.251936087012290921e-01 2.207432910799980164e-01 2.165557748079299794e-01 2.125975504517555181e-01 2.088468828797340471e-01 2.052921396493911643e-01 2.019295269250869773e-01 1.987605053186416726e-01 1.957881224155426092e-01 1.930152752995490939e-01 1.904421199858188640e-01 1.880656875669956263e-01 1.858797974884510151e-01
2.583956892788410453e-01 2.442385707795619865e-01 2.333586953580379375e-01 2.243041482567787182e-01 2.167891930043697457e-01 2.105259089171886422e-01 2.052648733556270699e-01 2.008038763701915641e-01 1.969841389358043537e-01 1.936826427280902985e-01 1.908046588301658686e-01 1.882765667140483823e-01 1.860406926274299488e-01 1.840516874939203129e-01 1.822726414352655311e-01 1.806736928969621681e-01 1.792301659286022197e-01 1.779216066747903724e-01 1.767307353019714478e-01 1.756430774927139338e-01
2.602743813395499983e-01 2.564355954527854919e-01 2.533583876490592690e-01 2.503941094875335449e-01 2.475084817409515248e-01 2.446734252572059509e-01 2.418637686967849698e-01 2.390554073452949568e-01 2.362260791659355208e-01 2.333556327223777760e-01 2.304269139468669847e-01 2.274264988303184576e-01 2.243464601039886486e-01 2.211854241788387410e-01 2.179494895040988978e-01 2.146532082557678356e-01 2.113191808760166157e-01 2.079767072200775224e-01 2.046602292358875308e-01 2.014065256714820951e-01
3.063880929350852877e-01 2.973898559808730857e-01 2.897509926557541027e-01 2.826267987489700095e-01 2.759191823005676114e-01 2.695620030164718739e-01 2.635135012865066351e-01 2.577502974867820762e-01 2.522606757283210599e-01 2.470411190390586764e-01 2.420919531583786144e-01 2.374153119325637940e-01 2.330124244093894903e-01 2.288826346397399847e-01 2.250222310423851124e-01 2.214239183068275330e-01 2.180769094824790977e-01 2.149678198993205946e-01 2.120811727643013012e-01 2.094004957377910703e-01
4.171581761538982192e-01 3.975522816181182861e-01 3.775312572717666737e-01 3.579097962379455544e-01 3.402447891235351740e-01 3.251541528105735823e-01 3.124676308035850281e-01 3.016555890440940635e-01 2.921536731719970859e-01 2.835070127248763838e-01 2.753994062542915455e-01 2.676348459720611639e-01 2.601093083620071300e-01 2.527822887897491211e-01 2.456548458337783902e-01 2.387525895237922746e-01 2.321125295758247331e-01 2.257741226255893796e-01 2.197730948030948706e-01 2.141372720897197768e-01
3.324955014884471982e-01 3.176124006509780662e-01 3.052214324474334939e-01 2.942372056841850436e-01 2.846170553565025574e-01 2.762152081727981545e-01 2.688510274887084828e-01 2.623488214612006986e-01 2.565554741024971275e-01 2.513463014364242798e-01 2.466228222846984786e-01 2.423100101947784357e-01 2.383489724993705650e-01 2.346942862868308943e-01 2.313087946176528853e-01 2.281611570715904314e-01 2.252244883775711137e-01 2.224739673733711343e-01 2.198872801661491405e-01 2.174443688988685619e-01
3.478743398189544922e-01 3.375637370347976951e-01 3.286025786399841553e-01 3.195915880799293785e-01 3.105617970228194968e-01 3.015729245543479764e-01 2.927026963233947954e-01 2.840373215079307623e-01 2.756623899936676003e-01 2.676542273163795560e-01 2.600728359818458291e-01 2.529595306515693420e-01 2.463364717364311118e-01 2.402086856961250239e-01 2.345673170685768083e-01 2.293930283188819752e-01 2.246584886312484874e-01 2.203325724601745694e-01 2.163817098736763034e-01 2.127720847725868281e-01
2.802280586957931474e-01 2.684204611182212652e-01 2.586945000290870600e-01 2.499437922239303722e-01 2.420145253837108490e-01 2.348115843534469560e-01 2.282946713268756977e-01 2.224362708628177532e-01 2.171864616870880227e-01 2.124684888124465931e-01 2.081935158371925332e-01 2.042773708701133839e-01 2.006526651978492726e-01 1.972729770839214414e-01 1.941109925508499034e-01 1.911544422805309396e-01 1.884000555425882351e-01 1.858483462780713968e-01 1.835001008212566453e-01 1.813536474108695951e-01
2.546417841315269381e-01 2.482623654603958174e-01 2.429962429404258772e-01 2.381531417369842640e-01 2.337141928076744146e-01 2.296638119220733576e-01 2.259835457801818714e-01 2.226519533991813682e-01 2.196443524956703253e-01 2.169339019060134988e-01 2.144927304983139105e-01 2.122925999760627847e-01 2.103059887886047363e-01 2.085062479972839278e-01 2.068682488799095109e-01 2.053691154718398915e-01 2.039873239398002636e-01 2.027040839195251576e-01 2.015026664733886586e-01 2.003685587644576938e-01
3.064043495804071315e-01 2.816902950406074413e-01 2.598912450671195806e-01 2.410309162735939092e-01 2.255693057179450900e-01 2.134260897338390306e-01 2.041396600008010820e-01 1.971106866002082791e-01 1.917741778492927651e-01 1.876726198196411177e-01 1.844640590250491985e-01 1.819030906260013514e-01 1.798168872296810050e-01 1.780843861401081030e-01 1.766203813254833277e-01 1.753643369674682539e-01 1.742725595831871033e-01 1.733132845163345426e-01 1.724624764919281128e-01 1.717020335793495167e-01
2.420638571679592232e-01 2.347301872074604168e-01 2.289193622767925207e-01 2.240042997896671273e-01 2.198192438483238254e-01 2.162192606925964489e-01 2.130742800235748413e-01 2.102749946713447504e-01 2.077376969158649389e-01 2.054065413773059900e-01 2.032492367923259824e-01 2.012510685622692086e-01 1.994063955545425371e-01 1.977119018137455109e-01 1.961620090901851632e-01 1.947480426728725456e-01 1.934573481976985809e-01 1.922752764821052673e-01 1.911861397325992640e-01 1.901747731864452395e-01
2.470295971632003873e-01 2.321114450693130549e-01 2.200434681773185686e-01 2.100288991630077373e-01 2.018546688556671076e-01 1.952301178872585252e-01 1.898613618314266283e-01 1.854886527359485560e-01 1.818980199843645007e-01 1.789216797798872105e-01 1.764312727749347554e-01 1.743296385556459549e-01 1.725423348695039882e-01 1.710120671242475465e-01 1.696935347467661004e-01 1.685508274286985353e-01 1.675553452223539352e-01 1.666834951192140701e-01 1.659164737910032161e-01 1.652381974458694558e-01
1.879805880784988503e-01 1.858152061700820978e-01 1.848819428682327293e-01 1.840474131703376814e-01 1.832850906252861123e-01 1.825801643729209889e-01 1.819216753542423348e-01 1.813020464777946594e-01 1.807150659710168861e-01 1.801562698930501971e-01 1.796222306787967626e-01 1.791098427027463802e-01 1.786168840527534440e-01 1.781414297223091192e-01 1.776818754523992461e-01 1.772369045019149825e-01 1.768051026016473903e-01 1.763855855166912012e-01 1.759775029122829515e-01 1.755799305438995317e-01
1.913704214990138985e-01 1.873022861778736170e-01 1.844117513298988431e-01 1.820449882745742709e-01 1.800798496603965848e-01 1.784271223843097720e-01 1.770191714167594910e-01 1.758039530366659053e-01 1.747419184446334928e-01 1.738029082119464941e-01 1.729637825489044323e-01 1.722068759053945464e-01 1.715184458345174745e-01 1.708877875655889500e-01 1.703065443038940530e-01 1.697681892663240322e-01 1.692673082649707728e-01 1.687995044142007739e-01 1.683613283932209048e-01 1.679498154669999965e-01
2.194494031369686182e-01 2.116217489540576924e-01 2.056453862786292996e-01 2.005277144908904907e-01 1.961106530576944285e-01 1.922708942741155613e-01 1.889144578576087974e-01 1.859684015065431462e-01 1.833736438304185978e-01 1.810813180357217778e-01 1.790506689250469241e-01 1.772473860904574261e-01 1.756419380381703255e-01 1.742095138505101171e-01 1.729285209625959496e-01 1.717806072160601716e-01 1.707495845481753483e-01 1.698218458145856757e-01 1.689850119873881340e-01 1.682285987213253953e-01
2.584763148427009494e-01 2.483054152131080605e-01 2.404566033184528384e-01 2.338839052617549819e-01 2.283684454858302959e-01 2.237049528956413236e-01 2.197202853858470917e-01 2.162755182385444619e-01 2.132616353034973156e-01 2.105940791964530934e-01 2.082072353363036976e-01 2.060505226254463196e-01 2.040844377875327964e-01 2.022783011198043823e-01 2.006082309782505069e-01 1.990556256473064445e-01 1.976055619120597739e-01 1.962466537952423096e-01 1.949693627655506023e-01 1.937662853300571308e-01
2.502643615007400513e-01 2.363809734582900945e-01 2.253588661551475525e-01 2.160754920542240221e-01 2.083208128809928839e-01 2.018878621608019008e-01 1.965821028500795431e-01 1.922226036339998168e-01 1.886444059014320274e-01 1.857025167346000594e-01 1.832725922018289544e-01 1.812522874027490682e-01 1.795586077868938368e-01 1.781256926804780927e-01 1.769020041078329109e-01 1.758472678810358014e-01 1.749301680177450247e-01 1.741260888427496045e-01 1.734156522154808033e-01 1.727835918962955519e-01
2.173732817173004150e-01 2.124065461754798823e-01 2.086542388796806258e-01 2.052474506199359894e-01 2.021193581819534235e-01 1.992274554073810711e-01 1.965418471395969369e-01 1.940417167544364885e-01 1.917127031087875466e-01 1.895448888838291157e-01 1.875305750966071994e-01 1.856632220745086659e-01 1.839359691739082259e-01 1.823417344689369224e-01 1.808725191652774678e-01 1.795198512077331443e-01 1.782751144468784354e-01 1.771292890608310577e-01 1.760739491134881984e-01 1.751008442044258151e-01
3.015884187817573503e-01 2.941957116127014160e-01 2.879572230577469028e-01 2.818741065263747902e-01 2.758762001991271751e-01 2.699322992563247814e-01 2.640422442555427351e-01 2.582346302270889238e-01 2.525613284111022927e-01 2.470882695913314830e-01 2.418829014897346530e-01 2.370035102963447549e-01 2.324895018339157016e-01 2.283566039800643821e-01 2.245967751741409224e-01 2.211825963854789634e-01 2.180735075473785312e-01 2.152221372723579496e-01 2.125804644823074407e-01 2.101043106615543277e-01
2.740922653675079146e-01 2.618283954262733415e-01 2.513043317198753179e-01 2.415560261905193296e-01 2.325116734206676417e-01 2.242329454421997104e-01 2.168268264085054520e-01 2.103609900176525160e-01 2.048262232542037986e-01 2.001462788879871391e-01 1.962055794894695393e-01 1.928783780336379983e-01 1.900468171387910965e-01 1.876106468588113751e-01 1.854887941479682889e-01 1.836177630722522769e-01 1.819483669102192058e-01 1.804429642111063103e-01 1.790727810561656974e-01 1.778153582662344023e-01
2.632274364680051715e-01 2.555762261897325249e-01 2.481014303863048609e-01 2.405817822366952963e-01 2.331794778257608447e-01 2.260583613812923442e-01 2.193501563370227891e-01 2.131450955569744177e-01 2.074942021071910780e-01 2.024150326848030146e-01 1.978998029232025280e-01 1.939221155643463257e-01 1.904430611431598697e-01 1.874156062304973558e-01 1.847898210585117440e-01 1.825155964493751504e-01 1.805452863872051283e-01 1.788353489339351565e-01 1.773470062017440674e-01 1.760468043386936299e-01
2.070731720328330971e-01 2.003095375001430478e-01 1.952177438139915400e-01 1.908523458242416260e-01 1.871173419058322906e-01 1.839253197610378199e-01 1.811949162185192141e-01 1.788530193269252666e-01 1.768359382450580553e-01 1.750899221003055506e-01 1.735697989165782829e-01 1.722382119297981296e-01 1.710643950104713540e-01 1.700228891521692320e-01 1.690931946784257900e-01 1.682582803815603212e-01 1.675042587518691950e-01 1.668198478221893377e-01 1.661957547068595997e-01 1.656241235136985679e-01
3.298477941751480347e-01 3.231797379255294533e-01 3.174056640267371998e-01 3.116480615735053861e-01 3.058340105414390497e-01 2.999111264944076538e-01 2.938365855813026561e-01 2.875744912028312950e-01 2.811005890369415172e-01 2.744096839427948020e-01 2.675215888023376731e-01 2.604855903983115950e-01 2.533764928579330666e-01 2.462881979346275285e-01 2.393233373761177174e-01 2.325827312469482544e-01 2.261566916108131431e-01 2.201175934076309293e-01 2.145175483822822637e-01 2.093863004446029630e-01
2.525223892927169755e-01 2.453939345479011491e-01 2.394489473104476907e-01 2.338634428381919927e-01 2.286214855313301042e-01 2.237187227606773354e-01 2.191512224078178417e-01 2.149125160276889879e-01 2.109923498332500480e-01 2.073768173158168915e-01 2.040497176349163055e-01 2.009935685992240983e-01 1.981899549067020483e-01 1.956209126114845376e-01 1.932687541842460499e-01 1.911161491274833701e-01 1.891457810997962952e-01 1.873409347236156541e-01 1.856856857240199998e-01 1.841646444797515880e-01
2.436626766622066453e-01 2.365247823297977336e-01 2.303382672369480022e-01 2.243277192115783747e-01 2.185445757210254802e-01 2.130489535629749298e-01 2.078913931548595495e-01 2.031086298823356617e-01 1.987210430204868206e-01 1.947339762747287706e-01 1.911397159099578746e-01 1.879204034805297963e-01 1.850513422489166171e-01 1.825036112964153190e-01 1.802467240393161862e-01 1.782497888803482033e-01 1.764835052192211262e-01 1.749202387034893003e-01 1.735349874943494797e-01 1.723050420731306043e-01
2.920700517296790921e-01 2.830521243810653620e-01 2.750332385301589855e-01 2.671347787976264820e-01 2.594065070152282715e-01 2.519031304121017723e-01 2.446758529543876515e-01 2.377724584937095653e-01 2.312363949418067832e-01 2.251065289974212569e-01 2.194145318865776129e-01 2.141823737323284016e-01 2.094191613793373041e-01 2.051190234720706995e-01 2.012624019384384177e-01 1.978182277083396778e-01 1.947478325664997179e-01 1.920089955627918288e-01 1.895604366064071733e-01 1.873630423843860582e-01
2.044628395140171140e-01 1.982607094943523440e-01 1.936449998617172374e-01 1.896802510321140278e-01 1.862995198369026273e-01 1.834284672141075212e-01 1.809891302883624986e-01 1.789079438149928925e-01 1.771199017763137873e-01 1.755704359710216489e-01 1.742145688831806261e-01 1.730163512378931068e-01 1.719470831751823414e-01 1.709841033071279603e-01 1.701092637330293700e-01 1.693081916123628516e-01 1.685695409774780329e-01 1.678840498626232025e-01 1.672444654256105556e-01 1.666448624432086967e-01
3.798222822695970780e-01 3.501203414052724838e-01 3.239076034724712172e-01 3.017947363853454856e-01 2.842281636595725969e-01 2.708243438601493636e-01 2.608239465951919800e-01 2.534130668640136586e-01 2.478849393129348710e-01 2.436881440877914362e-01 2.404174813628196794e-01 2.377854532003402799e-01 2.355916252732276894e-01 2.336974549293518166e-01 2.320077684521675010e-01 2.304572737216949441e-01 2.290007418394088834e-01 2.276076647639274642e-01 2.262569090723991483e-01 2.249340671300888161e-01
2.761384071409702101e-01 2.606883178651333011e-01 2.483526876568794284e-01 2.380400389432907049e-01 2.294973498582839888e-01 2.223940238356590382e-01 2.164186424016952548e-01 2.113143113255500916e-01 2.068822005391121044e-01 2.029740154743194525e-01 1.994813595712184862e-01 1.963255776464939151e-01 1.934493863582611162e-01 1.908109599351882901e-01 1.883792798221111398e-01 1.861311444640159629e-01 1.840486131608486120e-01 1.821176284551620506e-01 1.803264272212982133e-01 1.786654065549373727e-01
1.959966053068637748e-01 1.924729416519403435e-01 1.899827031791210263e-01 1.877270612120628401e-01 1.856607657670974743e-01 1.837599597871303614e-01 1.820117981731891599e-01 1.804081660509109508e-01 1.789431993663311016e-01 1.776112656295299463e-01 1.764072700589895126e-01 1.753246832638978847e-01 1.743564467877149471e-01 1.734948006272316046e-01 1.727308724820613983e-01 1.720551642775535461e-01 1.714583682268857878e-01 1.709311977028846741e-01 1.704643620550632399e-01 1.700496693700551953e-01
3.083741310238838351e-01 2.950873039662837982e-01 2.831154296547174209e-01 2.719947541505098321e-01 2.617227847874164515e-01 2.523134350776672363e-01 2.437751772999763589e-01 2.361004294455051333e-01 2.292600008845329385e-01 2.232055065035820074e-01 2.178721977770328444e-01 2.131861774623393935e-01 2.090704302489757582e-01 2.054498180747032221e-01 2.022551710903644495e-01 1.994242402911186318e-01 1.969035948812961623e-01 1.946478693187236875e-01 1.926191264390945401e-01 1.907859744131565061e-01
2.174746920168399711e-01 2.085776701569557190e-01 2.019998423755168804e-01 1.966369162499904677e-01 1.922457510232925548e-01 1.886195784807205289e-01 1.855929873883724324e-01 1.830370187759399470e-01 1.808523914217948780e-01 1.789634558558464150e-01 1.773122765123844036e-01 1.758545851707458418e-01 1.745561702549457417e-01 1.733909161388874076e-01 1.723376465588808137e-01 1.713801593333482698e-01 1.705051188915968075e-01 1.697019951045513064e-01 1.689617928117513601e-01 1.682772336900234256e-01
3.158001038059592425e-01 2.963752553239464849e-01 2.789301765523851118e-01 2.635738400183618158e-01 2.505465620197355747e-01 2.397230546921491623e-01 2.307854365371167782e-01 2.233715608902275551e-01 2.171539888344705127e-01 2.118647294864058617e-01 2.072946081310510502e-01 2.032838039752095927e-01 1.997116512432694502e-01 1.964871350117027848e-01 1.935417476203292741e-01 1.908241459168493748e-01 1.882961048465222054e-01 1.859293751977384168e-01 1.837037705164402679e-01 1.816049752524122596e-01
2.591514354944229326e-01 2.470196986198425204e-01 2.373262776434421628e-01 2.290250886976718803e-01 2.219151431322097801e-01 2.158183161914348502e-01 2.105761080980300959e-01 2.060516045987605960e-01 2.021278689801692952e-01 1.987068624794483263e-01 1.957068023085594133e-01 1.930595907568931624e-01 1.907090598344802768e-01 1.886087998747825734e-01 1.867205786705017079e-01 1.850126045942306618e-01 1.834590215981006522e-01 1.820381468534469638e-01 1.807323539257049694e-01 1.795268808305263419e-01
3.606310988962650455e-01 3.353804071247577512e-01 3.126357461512088709e-01 2.927772966027260004e-01 2.760692007839679607e-01 2.622770501673221677e-01 2.509404660761356265e-01 2.415603393316269054e-01 2.336963658034801605e-01 2.269990997761487939e-01 2.212062521278858052e-01 2.161268452554941100e-01 2.116231615841388802e-01 2.075955393910408064e-01 2.039703749120235499e-01 2.006924959272146092e-01 1.977187725901603799e-01 1.950147223472595281e-01 1.925519823282957066e-01 1.903062720596790380e-01
2.231431293487548817e-01 2.176945048570632923e-01 2.133505839109420821e-01 2.092770738899707716e-01 2.054648101329803467e-01 2.019175688922405232e-01 1.986380559206008811e-01 1.956252153217792611e-01 1.928728890419006414e-01 1.903711752593517381e-01 1.881064900755882174e-01 1.860626637190580246e-01 1.842220928519964218e-01 1.825656519830226865e-01 1.810748498886823599e-01 1.797309607267379705e-01 1.785170579701662041e-01 1.774174129217863105e-01 1.764175979793071725e-01 1.755054017901420682e-01
4.388069054856896245e-01 4.149037287756800474e-01 3.887347692996263593e-01 3.616333086043596046e-01 3.360426829755306377e-01 3.136103244125842959e-01 2.949162447452545188e-01 2.797535282373428411e-01 2.675467735528945790e-01 2.576585710048675537e-01 2.495343992114067155e-01 2.427409616112709001e-01 2.369602477550506459e-01 2.319631177186965987e-01 2.275859341025352478e-01 2.237101790308952398e-01 2.202494704723358121e-01 2.171385687589645341e-01 2.143266296386718839e-01 2.117736107110977095e-01
3.203774222731590182e-01 3.090142238140106135e-01 2.996473985910415583e-01 2.911037203669548101e-01 2.832726734876632735e-01 2.760332447290420599e-01 2.692739596962928639e-01 2.628990182280540600e-01 2.568292522430419833e-01 2.510024848580360568e-01 2.453722250461578269e-01 2.399084943532943659e-01 2.345969334244727977e-01 2.294377884268760659e-01 2.244443857669830289e-01 2.196388790011405967e-01 2.150485947728157099e-01 2.107008394598960943e-01 2.066194233298301597e-01 2.028222414851188760e-01
2.120123821496963379e-01 2.067761002480983656e-01 2.029623872041702304e-01 1.995802390575408813e-01 1.965602649748325326e-01 1.938494768738746599e-01 1.914053646475076809e-01 1.891937935352325517e-01 1.871866691857576315e-01 1.853607837855816010e-01 1.836966353654861384e-01 1.821775424480438221e-01 1.807888762652873904e-01 1.795178092271089432e-01 1.783530680090189002e-01 1.772843503206968374e-01 1.763023518025875203e-01 1.753988219425082207e-01 1.745660864189267081e-01 1.737972611561417469e-01
2.276379595696925995e-01 2.201503999531269073e-01 2.141192889213562045e-01 2.088763847947120722e-01 2.043217493593692813e-01 2.003607782721519570e-01 1.969021034240722723e-01 1.938628286123275646e-01 1.911707535386085455e-01 1.887647269666195005e-01 1.865949262678623100e-01 1.846214376389980205e-01 1.828122562170028664e-01 1.811427454650401947e-01 1.795942038297653198e-01 1.781519167125225067e-01 1.768048872053623322e-01 1.755448228865861826e-01 1.743653921782970517e-01 1.732613193243741911e-01
3.069609984755515830e-01 2.897944147884845556e-01 2.751385989785194441e-01 2.624575841426849410e-01 2.516007864475250377e-01 2.423155507445335366e-01 2.343326774239540000e-01 2.274071775376796667e-01 2.213385763019323216e-01 2.159754759073257424e-01 2.112092915922403336e-01 2.069624368846416373e-01 2.031775324046611875e-01 1.998082198202610071e-01 1.968134603649377701e-01 1.941547772288322316e-01 1.917952168732881546e-01 1.896995882689952728e-01 1.878351321816444375e-01 1.861716622859239667e-01
2.908741108328103953e-01 2.678577217459678916e-01 2.493125267326831707e-01 2.344937287271022797e-01 2.229679325968026982e-01 2.140808394551277083e-01 2.071817443519830826e-01 2.017248867452144656e-01 1.972946509718895014e-01 1.935954648256301980e-01 1.904270190000534047e-01 1.876582999527454387e-01 1.852048076689243317e-01 1.830115316808223758e-01 1.810406456887722060e-01 1.792639026045799167e-01 1.776584854722023099e-01 1.762049169838428575e-01 1.748858815431594826e-01 1.736855211853980951e-01
3.552246148884296573e-01 3.324886740744114055e-01 3.117552120983600461e-01 2.935480178892612702e-01 2.785389637947082719e-01 2.665578386187553162e-01 2.570584705471992693e-01 2.494468161463737621e-01 2.432239264249801691e-01 2.380153906345367498e-01 2.335557568073272638e-01 2.296618145704269476e-01 2.262075614929199285e-01 2.231064268946647555e-01 2.202978774905204884e-01 2.177384345233440432e-01 2.153959390521049400e-01 2.132457995414733798e-01 2.112677948176860943e-01 2.094453516602516052e-01
2.017915657907724258e-01 1.961664162576198522e-01 1.921662739664316277e-01 1.888526102155446973e-01 1.860706403851509205e-01 1.837011910229921219e-01 1.816545651853084531e-01 1.798630543425679129e-01 1.782755716145038583e-01 1.768530143424868473e-01 1.755655165016651031e-01 1.743899602815508765e-01 1.733084771037101679e-01 1.723072284087538708e-01 1.713754710555076555e-01 1.705049565806985024e-01 1.696893637254834053e-01 1.689238933846354540e-01 1.682048339024186101e-01 1.675293975323438600e-01
2.523410484194755776e-01 2.460264703631400984e-01 2.416645821928977977e-01 2.380353581905365057e-01 2.349580177664756797e-01 2.323002812266349859e-01 2.299621525406837508e-01 2.278665539622306835e-01 2.259530055522918635e-01 2.241731810569763117e-01 2.224873432517051608e-01 2.208623832464218228e-01 2.192702966928481989e-01 2.176871418952942006e-01 2.160916626453399658e-01 2.144660326838493392e-01 2.127953323721885615e-01 2.110680034756660384e-01 2.092763927578926153e-01 2.074176079034805165e-01
3.280586938001215369e-01 2.995841066353023274e-01 2.741894565708935527e-01 2.525023946166038424e-01 2.349484888836741447e-01 2.211709674820303839e-01 2.104838232696056299e-01 2.021763626486063059e-01 1.956503534317016735e-01 1.904482174664735850e-01 1.862355694174766541e-01 1.827720197290182147e-01 1.798851336538791756e-01 1.774500438570976169e-01 1.753751747310161591e-01 1.735924406349658999e-01 1.720496621727943543e-01 1.707068021595478102e-01 1.695320049673318952e-01 1.685000099241733551e-01
2.209082713723182767e-01 2.178279832005500793e-01 2.158755882084369693e-01 2.141170440614223458e-01 2.124985775351524442e-01 2.109844155609607586e-01 2.095488288998603732e-01 2.081729267537593964e-01 2.068430155515670887e-01 2.055494524538516998e-01 2.042852225899696450e-01 2.030456478893756800e-01 2.018270242214202925e-01 2.006274692714214436e-01 1.994452904164790985e-01 1.982794862985610973e-01 1.971293833851814337e-01 1.959946653246879555e-01 1.948750896751880735e-01 1.937707047164440033e-01
