3.292414925992488972e-01 3.140235891938209511e-01 3.005270227789879067e-01 2.878026437759399481e-01 2.758458891510963684e-01 2.646621274948119940e-01 2.542554424703121208e-01 2.446256454288959492e-01 2.357725118100643114e-01 2.276990455389022727e-01 2.204077221453189794e-01 2.138918398320674985e-01 2.081295639276504461e-01 2.030802544951438859e-01 1.986879980564117409e-01 1.948854790627956302e-01 1.916005313396453857e-01 1.887610431760549656e-01 1.862988834828138429e-01 1.841530061513185490e-01
2.587975227832794434e-01 2.351062561571597986e-01 2.188733983039855835e-01 2.077136366069316786e-01 2.001561591029167309e-01 1.949853719770908433e-01 1.913417403399944317e-01 1.886615890264511097e-01 1.865914861857891072e-01 1.849151870608329862e-01 1.835012124478817008e-01 1.822687734663486492e-01 1.811677111685275898e-01 1.801650172472000211e-01 1.792390350997447868e-01 1.783744353055954079e-01 1.775602203607559160e-01 1.767880968749523107e-01 1.760518654435873076e-01 1.753465320169925734e-01
2.542078910768031941e-01 2.471907220780849568e-01 2.416552966833114546e-01 2.363223332166671797e-01 2.311969347298145350e-01 2.262937608361244302e-01 2.216242194175720159e-01 2.171948614716529835e-01 2.130071665346622567e-01 2.090582680702209595e-01 2.053424406051635731e-01 2.018515755236148790e-01 1.985770231485366744e-01 1.955097402632236525e-01 1.926412786543369171e-01 1.899640423059463512e-01 1.874716520309448187e-01 1.851583188772201460e-01 1.830187928676605125e-01 1.810473099350929371e-01
2.165522783994674738e-01 2.105200365185737610e-01 2.065246909856796320e-01 2.029712831974029574e-01 1.997480231523513783e-01 1.967908972501754838e-01 1.940602071583271138e-01 1.915300285816192716e-01 1.891818585991859314e-01 1.870020413398742753e-01 1.849788555502891452e-01 1.831024268269538791e-01 1.813628920912742637e-01 1.797515219449996871e-01 1.782592217624187347e-01 1.768775156140327542e-01 1.755977861583232769e-01 1.744122019410133395e-01 1.733130435645580392e-01 1.722933305054903108e-01
2.423609539866447560e-01 2.330085258185863595e-01 2.259909248352050815e-01 2.201351213455200184e-01 2.152785073220729872e-01 2.112767936289310367e-01 2.079917384684085713e-01 2.052945582568645455e-01 2.030689440667629297e-01 2.012148039042949699e-01 1.996482037007808741e-01 1.983005946874618619e-01 1.971176381409168177e-01 1.960568536818027563e-01 1.950853689014911685e-01 1.941781330108642567e-01 1.933161665499210369e-01 1.924855376780033045e-01 1.916753900051116899e-01 1.908783824741840385e-01
2.188448286056518532e-01 2.053995205461978946e-01 1.957753245532512787e-01 1.884713943302631367e-01 1.829916985332965818e-01 1.788821598887443409e-01 1.757782857865095028e-01 1.734048001468181666e-01 1.715597727149724971e-01 1.700984451174736012e-01 1.689178496599197388e-01 1.679447487741708711e-01 1.671273700892925151e-01 1.664285677671432373e-01 1.658216394484043066e-01 1.652871824800968281e-01 1.648108778148889564e-01 1.643820898979902190e-01 1.639926234632730351e-01 1.636361579596996296e-01
3.124237561225891024e-01 2.919820076227188088e-01 2.740868264436721602e-01 2.581968113780021556e-01 2.446864369511604353e-01 2.334990367293357794e-01 2.243490162491798279e-01 2.168832686543464561e-01 2.107641559839248668e-01 2.057028508186340421e-01 2.014677079021930661e-01 1.978796771168708779e-01 1.948037078976631031e-01 1.921386116743087902e-01 1.898091031610965596e-01 1.877582748234271903e-01 1.859423139691352977e-01 1.843266008794307576e-01 1.828832414746284496e-01 1.815892058610916182e-01
2.598147757351398357e-01 2.498187790811061959e-01 2.415755693614482780e-01 2.342027507722377888e-01 2.276241448521613975e-01 2.217760074138641346e-01 2.165937007963657512e-01 2.120102131366729814e-01 2.079579855501651753e-01 2.043701337277889218e-01 2.011825230717659008e-01 1.983360724151134458e-01 1.957774998247623355e-01 1.934600268304348114e-01 1.913437382876873039e-01 1.893948358297347923e-01 1.875847211480140553e-01 1.858901873230934254e-01 1.842921738326549486e-01 1.827752569317817599e-01
1.945319236069917579e-01 1.881435184553265638e-01 1.842382545396685500e-01 1.812113743275403921e-01 1.787970843911171059e-01 1.768286435678601276e-01 1.751889640092849643e-01 1.737951264157891196e-01 1.725893320329487390e-01 1.715308196470141378e-01 1.705906840041279682e-01 1.697476520203053951e-01 1.689857497811317333e-01 1.682927641831338528e-01 1.676591606251895405e-01 1.670768537372350759e-01 1.665400232747197284e-01 1.660432676598429802e-01 1.655823156796395745e-01 1.651534842886030752e-01
2.404349446296691895e-01 2.330693969130516185e-01 2.275648513436317466e-01 2.223842287063598766e-01 2.175184090435504924e-01 2.129699097573757305e-01 2.087399040162563335e-01 2.048257632553577290e-01 2.012212893366813748e-01 1.979157638549804699e-01 1.948955796658992656e-01 1.921439564228057950e-01 1.896425270289182619e-01 1.873716961592435948e-01 1.853119273483753160e-01 1.834435674548149098e-01 1.817482393234968185e-01 1.802086325734853778e-01 1.788087219744920742e-01 1.775338359922170595e-01
3.266510525345802107e-01 3.020225390791893005e-01 2.804449710249901084e-01 2.612767796218395389e-01 2.446750319004058760e-01 2.305629023909568920e-01 2.187087759375572205e-01 2.088188226521015267e-01 2.006025494635105266e-01 1.938013282418251104e-01 1.881928095221519492e-01 1.835863019526004780e-01 1.798158409446477812e-01 1.767371246218681358e-01 1.742247334122657698e-01 1.721715895086526893e-01 1.704874585568904866e-01 1.690977921336889178e-01 1.679422623664140746e-01 1.669725816696882303e-01
2.448529858887195654e-01 2.382072465121746196e-01 2.330608463287353604e-01 2.282950934767723206e-01 2.238320624828338545e-01 2.196160046756267525e-01 2.156046910583973020e-01 2.117680777609348419e-01 2.080866168439388375e-01 2.045494258403778021e-01 2.011524479091167383e-01 1.978965714573860113e-01 1.947855786979198478e-01 1.918252500891685364e-01 1.890214380621910162e-01 1.863796043395996027e-01 1.839036452770233254e-01 1.815954859554767542e-01 1.794547575712203968e-01 1.774789772927761189e-01
2.581233307719230652e-01 2.502344653010368236e-01 2.444173672795295627e-01 2.391817772388458163e-01 2.344053393602371083e-01 2.300007054209709245e-01 2.259024053812027089e-01 2.220585238933563133e-01 2.184272682666778542e-01 2.149768508970737457e-01 2.116837127506732974e-01 2.085331659018993256e-01 2.055170392990112171e-01 2.026328063011169356e-01 1.998814904689788785e-01 1.972660188376903490e-01 1.947893816232681152e-01 1.924539116024971130e-01 1.902598468959331435e-01 1.882059553265571505e-01
2.294776098430156841e-01 2.191313353180885382e-01 2.122723974287509807e-01 2.067613937705755356e-01 2.021768495440482982e-01 1.982398647814989090e-01 1.947746714949607771e-01 1.916729936748743091e-01 1.888676886260509391e-01 1.863159156590700194e-01 1.839882048964500416e-01 1.818618604168295849e-01 1.799179388210177533e-01 1.781387789919972320e-01 1.765081199631094999e-01 1.750114169344305914e-01 1.736346743628382761e-01 1.723655967414379209e-01 1.711931111291050966e-01 1.701076570153236267e-01
2.557379233837127619e-01 2.419787608087062836e-01 2.314844942092895430e-01 2.224543483555316836e-01 2.145681634545326122e-01 2.076309029757976432e-01 2.015450856089592013e-01 1.962582513689994923e-01 1.917182438075542561e-01 1.878545545041561127e-01 1.845808297395706288e-01 1.818070763349532992e-01 1.794487488269805864e-01 1.774320395290851504e-01 1.756952044367790233e-01 1.741876450181007452e-01 1.728686410933732986e-01 1.717051792889833506e-01 1.706709238886833235e-01 1.697443766146898292e-01
2.638710072636604176e-01 2.564284259080886752e-01 2.507327046990394659e-01 2.454229944944381625e-01 2.404414311051368824e-01 2.357426622509956327e-01 2.312896713614463751e-01 2.270523604750633306e-01 2.230070486664771923e-01 2.191347923874855108e-01 2.154218941926956121e-01 2.118587371706962541e-01 2.084401021897792916e-01 2.051637469232082400e-01 2.020293879508972268e-01 1.990374343097209842e-01 1.961881244182586692e-01 1.934812344610691015e-01 1.909157333523034961e-01 1.884904520213603885e-01
2.483109050989150968e-01 2.345992928743362294e-01 2.261319294571876581e-01 2.201353770494461071e-01 2.157404437661170904e-01 2.123819550871849093e-01 2.097181852161884297e-01 2.075409504771232594e-01 2.057179807126522098e-01 2.041603791713714477e-01 2.028055889904498976e-01 2.016073802113532987e-01 2.005305615067481950e-01 1.995481532812118652e-01 1.986393444240093231e-01 1.977876591682433960e-01 1.969806678593158666e-01 1.962081074714660534e-01 1.954628606140613456e-01 1.947386711835861206e-01
2.685262583196162955e-01 2.489279216527938710e-01 2.342517225444316897e-01 2.228610143065452576e-01 2.140492895245552085e-01 2.071733202040195454e-01 2.017349550127983115e-01 1.973697702586650893e-01 1.938127373158931854e-01 1.908698293566703785e-01 1.883979696035385232e-01 1.862911909818649181e-01 1.844700443744659302e-01 1.828754903376102470e-01 1.814626906812190910e-01 1.801974965631961689e-01 1.790537145733833435e-01 1.780112625658512027e-01 1.770539721846580428e-01 1.761692731082439289e-01
2.447456803917884838e-01 2.384164024889469102e-01 2.335658808052539781e-01 2.287503913044929560e-01 2.240263877809047788e-01 2.194550639390945301e-01 2.150875870883464935e-01 2.109617380797862984e-01 2.071025907993316595e-01 2.035231612622737940e-01 2.002263140678405828e-01 1.972064712643623319e-01 1.944520200788974751e-01 1.919471316039562114e-01 1.896730810403823853e-01 1.876103195548057545e-01 1.857387781143188532e-01 1.840390060842037323e-01 1.824925583600997825e-01 1.810823522508144268e-01
2.152980370819568556e-01 2.018011659383773804e-01 1.938639611750841152e-01 1.884704016894102052e-01 1.846580149978399310e-01 1.818217436224222050e-01 1.796034550666809060e-01 1.777929691970348280e-01 1.762648113071918488e-01 1.749418414384126541e-01 1.737751972675323497e-01 1.727323140949010849e-01 1.717905934154987380e-01 1.709336554631590843e-01 1.701490783318877209e-01 1.694273152574896912e-01 1.687603884190320980e-01 1.681419928744435355e-01 1.675667464360594827e-01 1.670302552729845125e-01
2.810806028544902690e-01 2.738362511992454285e-01 2.685142035782337455e-01 2.634050291776657282e-01 2.584786607325076924e-01 2.537252566218375915e-01 2.491381782293319580e-01 2.447087192535400413e-01 2.404265645146369812e-01 2.362823082506656514e-01 2.322725220024585702e-01 2.284028501808643419e-01 2.246860004961490631e-01 2.211365202069282554e-01 2.177665807306766454e-01 2.145837257802486464e-01 2.115905754268169459e-01 2.087848998606204876e-01 2.061599993705749423e-01 2.037056896090507496e-01
3.043476995825767362e-01 2.917530122399329962e-01 2.817514070868492038e-01 2.726728659868240534e-01 2.643610861897468522e-01 2.567125383019447371e-01 2.496665939688682556e-01 2.431872880458831876e-01 2.372498390078544572e-01 2.318301066756248419e-01 2.269006943702697732e-01 2.224294149875640780e-01 2.183793768286705073e-01 2.147107198834419250e-01 2.113825027644634369e-01 2.083546175062656325e-01 2.055890764296054718e-01 2.030514152348041612e-01 2.007112610340118508e-01 1.985423365235328697e-01
2.328585137426853191e-01 2.231738431751728036e-01 2.160511596500873654e-01 2.099903039634227753e-01 2.047743627429008395e-01 2.002553027868270996e-01 1.963219903409481049e-01 1.928862015902995941e-01 1.898755536973476543e-01 1.872294406592845961e-01 1.848965294659137837e-01 1.828330720961093836e-01 1.810012201219797223e-01 1.793688158690929513e-01 1.779081479460001003e-01 1.765954727679490965e-01 1.754106247425079312e-01 1.743364330381154959e-01 1.733582826703786717e-01 1.724636720120906741e-01
2.291800367832183827e-01 2.220072169601917389e-01 2.166761940717697177e-01 2.119982601702213310e-01 2.078953336179256428e-01 2.043064709007740010e-01 2.011731269955635004e-01 1.984371767938137021e-01 1.960422940552234705e-01 1.939357972145080433e-01 1.920699380338191931e-01 1.904028916358947721e-01 1.888989625871181355e-01 1.875288018584251315e-01 1.862680147588252899e-01 1.850977571308612957e-01 1.840022982656955852e-01 1.829695530235767309e-01 1.819901949167251620e-01 1.810565462708473294e-01
2.531673327088356240e-01 2.452616509795188804e-01 2.397550883889198181e-01 2.348307257890701327e-01 2.303207266330719039e-01 2.261275440454482977e-01 2.221970748901367088e-01 2.184990853071212824e-01 2.150175929069519098e-01 2.117427578568458479e-01 2.086678281426429804e-01 2.057867330312729004e-01 2.030927491188049272e-01 2.005782064795494091e-01 1.982343307137489352e-01 1.960518768429756198e-01 1.940208408236503701e-01 1.921311263740062836e-01 1.903732492029666934e-01 1.887375445663929119e-01
2.683922116458415941e-01 2.400897073745727472e-01 2.207348529994487829e-01 2.078766158223152027e-01 1.994696365296840801e-01 1.938823643326759438e-01 1.900476840138435319e-01 1.873097500205039845e-01 1.852718797326088074e-01 1.836928702890872900e-01 1.824241021275520291e-01 1.813719174265861489e-01 1.804757079482078586e-01 1.796952280402183411e-01 1.790030118823051353e-01 1.783795996010303364e-01 1.778110463917255413e-01 1.772869108617305678e-01 1.767991973459720478e-01 1.763418976962566331e-01
2.041719797253608581e-01 1.994188407063484103e-01 1.963651321828365215e-01 1.936026336252689439e-01 1.910928174853324946e-01 1.888082319498062267e-01 1.867249405384063810e-01 1.848212552070617742e-01 1.830780985206365563e-01 1.814783340692520119e-01 1.800071917474269922e-01 1.786512328684329853e-01 1.773990792036056474e-01 1.762404698878526632e-01 1.751665952056646325e-01 1.741695082932710748e-01 1.732422153651714258e-01 1.723784791678190098e-01 1.715729736536741323e-01 1.708206205815076817e-01
2.277447789907455500e-01 2.196473482251167231e-01 2.133049644529819433e-01 2.073362252116203175e-01 2.017601469159126248e-01 1.966170001029968195e-01 1.919393585622310716e-01 1.877386175096034948e-01 1.840048123151064030e-01 1.807112058997154269e-01 1.778207755088806186e-01 1.752924182265996889e-01 1.730850598588585809e-01 1.711597369611263242e-01 1.694806905463338009e-01 1.680156791955232654e-01 1.667363860458135616e-01 1.656178538873791795e-01 1.646382656693458624e-01 1.637791861593723419e-01
2.887560479342937692e-01 2.555799129605293429e-01 2.312973693013191112e-01 2.139951176941394806e-01 2.019916985929012254e-01 1.936789070069789842e-01 1.878478434681892517e-01 1.836685593426227447e-01 1.805923837423324685e-01 1.782615239918231842e-01 1.764431090652942569e-01 1.749847041070461406e-01 1.737849088013172227e-01 1.727759696543216816e-01 1.719110581278801009e-01 1.711578227579593769e-01 1.704929457604885124e-01 1.698995262384414562e-01 1.693649025261402263e-01 1.688795459270477362e-01
2.680585771799087746e-01 2.588241481781005660e-01 2.508294945955276689e-01 2.433568099141120988e-01 2.365905019640922591e-01 2.306308495998382613e-01 2.254803600907325789e-01 2.210661202669143566e-01 2.172758938372135185e-01 2.139899675548076752e-01 2.111018940806388966e-01 2.085257259011268627e-01 2.061973172426223855e-01 2.040707667171955120e-01 2.021145036816597018e-01 2.003071476519107941e-01 1.986344985663890950e-01 1.970866312086582139e-01 1.956552362442016690e-01 1.943326747417449818e-01
2.459892136976122856e-01 2.297557567059993755e-01 2.170915460586547718e-01 2.072242224961519108e-01 1.996275720000267040e-01 1.937600818276405401e-01 1.891627971082925908e-01 1.854890187084674846e-01 1.824909636378288236e-01 1.799960164725780409e-01 1.778839886933565040e-01 1.760700860619545116e-01 1.744935850799083643e-01 1.731093256175517958e-01 1.718837275356054350e-01 1.707906956970691725e-01 1.698095515370368902e-01 1.689240026473999012e-01 1.681207957118749652e-01 1.673890222609043243e-01
2.254938064515590590e-01 2.179259917140007052e-01 2.124399018287658758e-01 2.075175173580646459e-01 2.030828303098678456e-01 1.990844030678272369e-01 1.954803945124149456e-01 1.922341500222682908e-01 1.893116909265518122e-01 1.866808813065290451e-01 1.843117456883192062e-01 1.821767415851354710e-01 1.802502354234457038e-01 1.785093170404434271e-01 1.769333226233720802e-01 1.755040074884891554e-01 1.742049288749694946e-01 1.730215446650981981e-01 1.719413457810878842e-01 1.709530690312385526e-01
2.380314373970031649e-01 2.308712518215179366e-01 2.262461122870445263e-01 2.221937030553817749e-01 2.185448461771011264e-01 2.152010166645050016e-01 2.121009719371795554e-01 2.092049428820610124e-01 2.064862723648548115e-01 2.039264114201068956e-01 2.015117457509040810e-01 1.992316679656505607e-01 1.970778584480285534e-01 1.950430530309677224e-01 1.931210871040821009e-01 1.913059520721435425e-01 1.895925673842430159e-01 1.879757139086723206e-01 1.864502970874309662e-01 1.850116671621799547e-01
2.482035222649574269e-01 2.364201509952545133e-01 2.275101515650749251e-01 2.195444896817207447e-01 2.124228307604789645e-01 2.061098611354827970e-01 2.005782777070999057e-01 1.957835018634796198e-01 1.916617903113365107e-01 1.881380382180213862e-01 1.851334601640701183e-01 1.825732342898845617e-01 1.803892765939235643e-01 1.785216313600540283e-01 1.769191718101501554e-01 1.755382835865020863e-01 1.743427817523479362e-01 1.733023259043693642e-01 1.723916165530681721e-01 1.715899106860160894e-01
2.126966828107833829e-01 2.026937238872051350e-01 1.950302910804748435e-01 1.886864309757947944e-01 1.834946321696042937e-01 1.792850334942340806e-01 1.758915397524833668e-01 1.731605475395917859e-01 1.709580253064632294e-01 1.691716630756855133e-01 1.677108774334192254e-01 1.665041197836399089e-01 1.654962585121393104e-01 1.646444501727819532e-01 1.639162512123584770e-01 1.632866911590099279e-01 1.627365356311201994e-01 1.622509356588125173e-01 1.618181836605072088e-01 1.614292623475193922e-01
3.131161083281039925e-01 2.918735139071941265e-01 2.744075195491313957e-01 2.591513481736182900e-01 2.458355018496513333e-01 2.342381659150123696e-01 2.241916264593601105e-01 2.155528312921524137e-01 2.081830060482025013e-01 2.019415870308876038e-01 1.966874776780605238e-01 1.922844080626964491e-01 1.886055301129817841e-01 1.855360476672649472e-01 1.829740062355995067e-01 1.808303312957286746e-01 1.790281441807747009e-01 1.775021971762180406e-01 1.761978325247764710e-01 1.750700904428958982e-01
2.727963949739933280e-01 2.563766366243362405e-01 2.445088201761245750e-01 2.350545158982276783e-01 2.272916781902313277e-01 2.206803432106971830e-01 2.148708179593086243e-01 2.096557450294494751e-01 2.049186627566814412e-01 2.005948229134082716e-01 1.966467526555061296e-01 1.930481739342212733e-01 1.897766612470150049e-01 1.868097366392612591e-01 1.841242684423923526e-01 1.816963360458612453e-01 1.795022627711296004e-01 1.775188853591680438e-01 1.757246296107768946e-01 1.740992595255374809e-01
2.939381830394268147e-01 2.805373928695917285e-01 2.697486273944377788e-01 2.609212994575500488e-01 2.537649115920067033e-01 2.478821258246898529e-01 2.428995268046856004e-01 2.385305571556091409e-01 2.345820906758308289e-01 2.309354117512703031e-01 2.275216975808143638e-01 2.243029907345771845e-01 2.212589752674102850e-01 2.183787691593170044e-01 2.156555962562561046e-01 2.130846831202506952e-01 2.106611260771751315e-01 2.083798238635063138e-01 2.062346459925174791e-01 2.042190006375312894e-01
1.758404494822025377e-01 1.721724554896354731e-01 1.701674617454409510e-01 1.685442388802766700e-01 1.672077853232622202e-01 1.660960012674331798e-01 1.651640429347753514e-01 1.643774653598666091e-01 1.637091649696230944e-01 1.631373425945639721e-01 1.626440633274614800e-01 1.622148733586072922e-01 1.618379845656454652e-01 1.615039343386888426e-01 1.612051262892782721e-01 1.609354271553456728e-01 1.606900206580758050e-01 1.604650385119020806e-01 1.602573946490883916e-01 1.600645586289465294e-01
2.340939480066299427e-01 2.280871061980724313e-01 2.237714178860187586e-01 2.199223786592483521e-01 2.164388632774353061e-01 2.132416798174381345e-01 2.102641597390174921e-01 2.074519649147987255e-01 2.047628444433212402e-01 2.021665601432323378e-01 1.996434670686721702e-01 1.971835510432720096e-01 1.947844685614109062e-01 1.924502503871917680e-01 1.901887200772762188e-01 1.880103768408298570e-01 1.859261955320835047e-01 1.839464803040027630e-01 1.820795798301696744e-01 1.803319518268108324e-01
3.125452932715415688e-01 2.970573076605796947e-01 2.850772613286972068e-01 2.743528074026107544e-01 2.644589209556579834e-01 2.551830565929412709e-01 2.464822408556938127e-01 2.384045472741126992e-01 2.310223567485809315e-01 2.243867978453636114e-01 2.185077673196792469e-01 2.133523507416248410e-01 2.088551029562950023e-01 2.049328240752220087e-01 2.014972369372844685e-01 1.984645861387252797e-01 1.957609350979328255e-01 1.933245521783828746e-01 1.911058129370212522e-01 1.890661874413490373e-01
2.666113743185997143e-01 2.508178138732909956e-01 2.390605881810188293e-01 2.294290536642074607e-01 2.215201237797737033e-01 2.150039276480674721e-01 2.096135896444320801e-01 2.051327440142631520e-01 2.013856236636638597e-01 1.982302032411098480e-01 1.955522200465202309e-01 1.932601113617420097e-01 1.912807016074657418e-01 1.895552484691143125e-01 1.880364507436752264e-01 1.866864307224750386e-01 1.854747618734836623e-01 1.843764701485633983e-01 1.833716362714767345e-01 1.824440236389636982e-01
2.740105900168419151e-01 2.667652523517608509e-01 2.609750097990036211e-01 2.556406009197235152e-01 2.507323594391345778e-01 2.462233553826808918e-01 2.420825289189815488e-01 2.382759390771388985e-01 2.347692596912384078e-01 2.315300206840038288e-01 2.285291625559330020e-01 2.257416035234928176e-01 2.231458118557929915e-01 2.207242844998836551e-01 2.184619081020355291e-01 2.163457721471786499e-01 2.143648654222488348e-01 2.125094091892242298e-01 2.107706302404403764e-01 2.091405469179153376e-01
2.963833156973123550e-01 2.730705945938825541e-01 2.527828852832317286e-01 2.352778304368257634e-01 2.206897726655006331e-01 2.087362484633922544e-01 1.989430738985538405e-01 1.908776206523180030e-01 1.842556463181972415e-01 1.789142053201794591e-01 1.747233944386243909e-01 1.715252895653247844e-01 1.691319212689995632e-01 1.673545246198773484e-01 1.660288150608539570e-01 1.650262152776122149e-01 1.642520262300968259e-01 1.636393850296735675e-01 1.631418694183230378e-01 1.627277318015694640e-01
2.264618698507547268e-01 2.175418046116829041e-01 2.105717425048351243e-01 2.047448969632387206e-01 1.998674422502517700e-01 1.957766947150230419e-01 1.923333391547203119e-01 1.894183343648910556e-01 1.869333232939243417e-01 1.847973561286926358e-01 1.829455460608005457e-01 1.813261453807354096e-01 1.798978298902511597e-01 1.786279222369193953e-01 1.774902361631393310e-01 1.764638440310954959e-01 1.755314403772354204e-01 1.746792928874492667e-01 1.738958297669887521e-01 1.731716215610504261e-01
2.706813268363476022e-01 2.514356999099254808e-01 2.350400815904140350e-01 2.217811803519725844e-01 2.119451534748077459e-01 2.049580974876880624e-01 2.000143715739250150e-01 1.964312396943569128e-01 1.937299937009811512e-01 1.916012474894523698e-01 1.898510074615478438e-01 1.883587360382080189e-01 1.870485299825668246e-01 1.858714736998081096e-01 1.847958156466484037e-01 1.837999869883060466e-01 1.828691685199737571e-01 1.819927921891212330e-01 1.811629681289196048e-01 1.803740483522415228e-01
2.378093850612640336e-01 2.293246072530746582e-01 2.228682431578636047e-01 2.170891143381595556e-01 2.118925742805004009e-01 2.072183573246002275e-01 2.030193436145782404e-01 1.992542767524719260e-01 1.958851447701454029e-01 1.928752598166465770e-01 1.901901926100253992e-01 1.877969528734683979e-01 1.856644195318221946e-01 1.837635236978530928e-01 1.820667074620723747e-01 1.805485990643501404e-01 1.791860102117061593e-01 1.779575929045677241e-01 1.768445155024528370e-01 1.758299441635608751e-01
3.119322605431079642e-01 2.894736726582050057e-01 2.700866445899009483e-01 2.531027582287788125e-01 2.385445058345794789e-01 2.262544086575508095e-01 2.160051593184471042e-01 2.075432729721069236e-01 2.006068214774131830e-01 1.949377053976059093e-01 1.902974215149879356e-01 1.864796045422554005e-01 1.833145852386951491e-01 1.806671154499054077e-01 1.784317478537559565e-01 1.765266194939613398e-01 1.748883692920207844e-01 1.734679222106933483e-01 1.722262957692146379e-01 1.711332498490810428e-01
3.259393270313739599e-01 3.097274112701415838e-01 2.960125190019607389e-01 2.837629169225692749e-01 2.729175940155982860e-01 2.633092549443245001e-01 2.547385773062705860e-01 2.470242771506309387e-01 2.400210407376289490e-01 2.336223125457763672e-01 2.277559056878089849e-01 2.223728924989700206e-01 2.174381813406944253e-01 2.129238095879554815e-01 2.088042792677879400e-01 2.050539848208427496e-01 2.016473954916000455e-01 1.985580365359783106e-01 1.957593019306659576e-01 1.932254387438297194e-01
2.175180131196975675e-01 2.107218712568283137e-01 2.057267786562442802e-01 2.010827581584453683e-01 1.968198651075363237e-01 1.929663911461830250e-01 1.895325002074241538e-01 1.865092153847217604e-01 1.838715153932571345e-01 1.815828147530555714e-01 1.796006986498832614e-01 1.778814655542373668e-01 1.763839825987815746e-01 1.750718930363655002e-01 1.739143723994493462e-01 1.728855302184820197e-01 1.719650688022374974e-01 1.711361904442310344e-01 1.703859436511993286e-01 1.697035411745309863e-01
