4.012302860878162458e-01 3.566899001005640613e-01 3.167597888973250342e-01 2.808553113631205855e-01 2.500859005749225816e-01 2.248141083726659384e-01 2.046217567659914527e-01 1.887751838471740384e-01 1.763547214027494092e-01 1.664569194801151786e-01 1.583679760619997878e-01 1.516017946042120534e-01 1.458536146953701984e-01 1.409329043142497628e-01 1.367092924565076750e-01 1.330810371600091579e-01 1.299593080952763657e-01 1.272641396895050903e-01 1.249236236698925556e-01 1.228751633316278458e-01
4.430000312669653550e-01 3.734252475559833306e-01 3.126039303717698115e-01 2.614050073399084573e-01 2.211076997895725094e-01 1.909038419974967704e-01 1.689150402159430020e-01 1.531193025619722869e-01 1.417780880909413066e-01 1.335570943914353714e-01 1.274939431482925989e-01 1.229185795877128784e-01 1.193722399137914225e-01 1.165432857070118206e-01 1.142208004416897932e-01 1.122620592708699350e-01 1.105706781079061340e-01 1.090806066361255933e-01 1.077469009906053543e-01 1.065379784372635225e-01
5.667410869660670647e-01 5.024643746591936910e-01 4.446751732818665648e-01 3.911649053765813844e-01 3.425965085471034399e-01 3.012180956155197098e-01 2.676465080429625276e-01 2.408591617791353279e-01 2.195782433576823622e-01 2.027472080080769956e-01 1.894792290718760319e-01 1.790063310999539803e-01 1.706830477386915845e-01 1.639884715838070273e-01 1.585165922539454320e-01 1.539573629887308892e-01 1.500766991468844846e-01 1.466983792369137563e-01 1.436894513515289962e-01 1.409488948580110423e-01
6.033854225265167237e-01 5.410227902515362119e-01 4.842941498435902603e-01 4.240438089471353922e-01 3.633008734496903092e-01 3.098851873728563078e-01 2.671127594466088384e-01 2.343173919094260760e-01 2.095516667445190273e-01 1.908305557258427043e-01 1.765346683468669575e-01 1.654538051132112830e-01 1.567171930521726597e-01 1.497087522782385438e-01 1.439938355050981167e-01 1.392631909810006507e-01 1.352941394597292069e-01 1.319229961559176545e-01 1.290271459240466267e-01 1.265131768677383584e-01
3.105252291491706340e-01 2.704105122442706510e-01 2.388116213857574555e-01 2.152364395101903916e-01 1.978330992516566800e-01 1.846176771165164709e-01 1.742101341919078672e-01 1.657599220275816632e-01 1.587248856474252623e-01 1.527292292556376163e-01 1.474991048492665935e-01 1.428341223081224520e-01 1.385933144512819237e-01 1.346838526643114042e-01 1.310504804106312760e-01 1.276643154618795906e-01 1.245118363975780129e-01 1.215862542809918456e-01 1.188813862306415114e-01 1.163886145217111340e-01
5.698871840555511659e-01 4.981264141114297717e-01 4.334531744112973817e-01 3.745080570108257345e-01 3.216126304911449685e-01 2.759757353004533842e-01 2.384366319680703006e-01 2.087537423282628812e-01 1.858554691821336646e-01 1.684483793098479620e-01 1.553287189034745219e-01 1.454483679495751913e-01 1.379463640460744378e-01 1.321604981645941868e-01 1.276060858601704151e-01 1.239395577902905610e-01 1.209201399586163489e-01 1.183793607889674637e-01 1.161981952155474590e-01 1.142917519086040501e-01
5.182308213660987706e-01 4.260448664350178771e-01 3.465170565291919025e-01 2.832814068348125103e-01 2.368283229361986819e-01 2.040835307014640387e-01 1.810561555437743553e-01 1.645530459901783649e-01 1.524007144744973508e-01 1.431895088439341657e-01 1.360116215399466422e-01 1.302774418133776646e-01 1.255971010867506232e-01 1.217073657218133986e-01 1.184262897499138434e-01 1.156247716303914763e-01 1.132084602584654959e-01 1.111069867110199977e-01 1.092661143376972149e-01 1.076435009870965603e-01
4.893614262162370165e-01 4.353739196767128505e-01 3.926764628698765636e-01 3.572422985961202224e-01 3.259873416470508989e-01 2.969836638998822331e-01 2.697312612528912634e-01 2.446475699404254689e-01 2.223767822049558252e-01 2.032695344724925191e-01 1.871932983884471435e-01 1.736720339181192785e-01 1.621491991183029446e-01 1.521768566712171367e-01 1.434746390680083916e-01 1.358948768475966018e-01 1.293554611358558870e-01 1.237838754616677750e-01 1.190896952191542318e-01 1.151631881969660820e-01
5.093778075322102916e-01 4.461269799291039950e-01 3.920721852101996530e-01 3.485624801379435533e-01 3.137295064730074023e-01 2.841875026378039570e-01 2.568976638947333413e-01 2.301494652243855077e-01 2.043663073771312955e-01 1.812645872123505308e-01 1.621052324500396880e-01 1.470476642159530833e-01 1.355373389750570701e-01 1.268161004736939046e-01 1.201905178700917592e-01 1.151107579865492947e-01 1.111657041595162793e-01 1.080564041701200101e-01 1.055670172252303057e-01 1.035420804270688611e-01
4.565839963954931857e-01 3.953491584421135463e-01 3.424537907890043975e-01 2.989394493959844357e-01 2.642526853457093372e-01 2.366828130278736397e-01 2.142129921633750267e-01 1.952332766028121169e-01 1.788107085041701905e-01 1.645804948778822885e-01 1.524498318787664286e-01 1.423321070289239321e-01 1.340373702021315783e-01 1.272929823689628315e-01 1.218063608789816538e-01 1.173126045073149687e-01 1.135941431281389663e-01 1.104817751937662296e-01 1.078473807996488121e-01 1.055945811138371965e-01
4.773602047396866555e-01 4.345243682473483027e-01 3.923014810433892441e-01 3.489381980053463117e-01 3.068403920427772436e-01 2.689414182122789043e-01 2.370529159621037329e-01 2.116403449116478486e-01 1.920759917448049137e-01 1.772140491236950666e-01 1.658894093088383592e-01 1.571456168803775089e-01 1.502660332894083794e-01 1.447284780002701110e-01 1.401512733786285103e-01 1.362530478948104917e-01 1.328275075221120038e-01 1.297280202557794804e-01 1.268568629817491411e-01 1.241559821257760682e-01
4.235856398857867910e-01 3.670026057426002963e-01 3.163042719336226494e-01 2.745002091489732177e-01 2.426943099498748702e-01 2.191418554447591427e-01 2.013681346923112958e-01 1.874387481436133318e-01 1.761773465573787667e-01 1.669222982972860259e-01 1.592658394575119096e-01 1.529064704477786918e-01 1.475926423072815019e-01 1.431119968369603257e-01 1.392911930195987191e-01 1.359937607310712226e-01 1.331150336377322774e-01 1.305755958706140418e-01 1.283150703553110339e-01 1.262867667991668108e-01
5.802955227930877147e-01 4.914019892062060357e-01 4.136769939014630082e-01 3.522815923390589798e-01 3.055044660279236379e-01 2.695438707228413611e-01 2.416156383730640178e-01 2.196376427254745078e-01 2.019879136606323178e-01 1.874893184237459154e-01 1.753370463200144558e-01 1.649747863579523188e-01 1.560042416562100742e-01 1.481413431139453896e-01 1.411939209201733547e-01 1.350408994541112406e-01 1.296067272824075189e-01 1.248368275820394002e-01 1.206800226320046965e-01 1.170807661660364790e-01
4.583683208262891440e-01 3.905298874029176637e-01 3.351524735720260995e-01 2.907088125275640866e-01 2.540599154790106895e-01 2.231537584116631556e-01 1.972797442333830975e-01 1.761082385154895680e-01 1.592160445387627576e-01 1.460142421952696223e-01 1.358226827578619123e-01 1.279824556513631251e-01 1.219284588110167572e-01 1.172119986062170882e-01 1.134912038684706137e-01 1.105121916928328563e-01 1.080880066216923230e-01 1.060815826494945213e-01 1.043925842584576408e-01 1.029471657660906148e-01
4.201132157538086109e-01 3.592466076463460833e-01 3.105965881608426793e-01 2.724788760207593197e-01 2.430726057291030806e-01 2.204351366683840741e-01 2.029461358115076941e-01 1.893134562671184573e-01 1.785122490115463867e-01 1.697539624013006676e-01 1.624569256789982208e-01 1.562095536664128426e-01 1.507353206910193033e-01 1.458586386591196049e-01 1.414745134115219238e-01 1.375220703426748570e-01 1.339631544146686892e-01 1.307684315927326590e-01 1.279090920649468832e-01 1.253542993403971295e-01
4.162844190075702389e-01 3.642708705757831678e-01 3.172054824992756039e-01 2.772773016616701947e-01 2.452013401887961630e-01 2.200979197134711185e-01 2.004763706117955735e-01 1.849543139122033497e-01 1.724341899264527356e-01 1.621207643608795490e-01 1.534815677095321129e-01 1.461727679095929378e-01 1.399643844953971095e-01 1.346869182970840406e-01 1.302012124127941151e-01 1.263855617825174749e-01 1.231322687494684903e-01 1.203470753357396422e-01 1.179491001939459299e-01 1.158704052886969232e-01
4.558323282208766591e-01 3.979246398873510504e-01 3.467856251914054333e-01 3.017770633753389387e-01 2.618343402538448328e-01 2.277140380535274677e-01 2.002079934300854680e-01 1.789659345895051878e-01 1.629038285324350133e-01 1.507865859381854468e-01 1.415414046822115746e-01 1.343522572645451940e-01 1.286403335141949322e-01 1.240078164043370568e-01 1.201819627254735734e-01 1.169740385300246932e-01 1.142502560361754183e-01 1.119128356355940934e-01 1.098881835609790830e-01 1.081195468496298356e-01
3.053878606623038894e-01 2.629364221077412633e-01 2.306611625943332800e-01 2.057871536351740249e-01 1.867232054332271241e-01 1.720338803110644244e-01 1.605727389734238342e-01 1.514972392143681679e-01 1.442026963818352769e-01 1.382535264396574370e-01 1.333327437879051891e-01 1.292072580137755833e-01 1.257038226706208572e-01 1.226928611856419604e-01 1.200767404999351085e-01 1.177813977954792757e-01 1.157501835713628663e-01 1.139396456576650951e-01 1.123158434886136064e-01 1.108519345009699453e-01
3.969718565195216597e-01 3.399217508270948040e-01 2.868471743735790391e-01 2.422485756720931249e-01 2.087277112844094507e-01 1.847497489398625681e-01 1.675887423881249616e-01 1.550447295793037361e-01 1.456483830930846990e-01 1.384523058942704610e-01 1.328367596185853483e-01 1.283839613597297091e-01 1.248021771632221583e-01 1.218815913854996297e-01 1.194680582149703629e-01 1.174467712956175081e-01 1.157314369767118434e-01 1.142564082836906858e-01 1.129716944444226073e-01 1.118386781855952028e-01
8.779470349526309336e-01 7.470167449346990507e-01 6.173165119680197321e-01 5.018371650128803374e-01 4.110475462000431346e-01 3.437201588689640652e-01 2.942499827562914949e-01 2.576413056567889992e-01 2.301660082815942532e-01 2.091580867303127755e-01 1.927596247984911249e-01 1.796870355772262062e-01 1.690517716805334247e-01 1.602354499408102095e-01 1.528045436309184990e-01 1.464500996120477738e-01 1.409486285957973484e-01 1.361349266948309322e-01 1.318852274082178144e-01 1.281053448787979332e-01
5.715844960371339045e-01 5.038415657905715994e-01 4.407806903198798198e-01 3.823564396841538926e-01 3.298470724073558902e-01 2.844463829449523362e-01 2.466063279929380792e-01 2.160842251566646166e-01 1.920787510473746795e-01 1.734966451313812164e-01 1.592067096178652608e-01 1.481894000933971223e-01 1.396113153768237802e-01 1.328358088675304360e-01 1.273955764374113675e-01 1.229538770977524065e-01 1.192692903481656630e-01 1.161681166145717703e-01 1.135243729315698197e-01 1.112454315519426085e-01
3.326638845722482141e-01 2.905035078962850958e-01 2.564079084806143993e-01 2.287577350076753779e-01 2.068621068715583433e-01 1.897725936607457808e-01 1.764770256727933861e-01 1.660788901755586300e-01 1.578611432202160492e-01 1.512791447015479074e-01 1.459290491556748670e-01 1.415131477126851667e-01 1.378105628397315874e-01 1.346558736311271876e-01 1.319241674803197373e-01 1.295199711062014203e-01 1.273704052623361449e-01 1.254193579033017203e-01 1.236239184578880601e-01 1.219512112601660175e-01
4.860651677637573553e-01 4.390860677585937122e-01 3.903012659376327020e-01 3.417821792692302685e-01 2.964253655530046938e-01 2.563745562703115821e-01 2.231692467746324848e-01 1.972130352057865910e-01 1.777330355036974563e-01 1.633339412730441531e-01 1.526230088278680286e-01 1.445012287903227888e-01 1.381921176114701555e-01 1.331720607899478659e-01 1.290926558792125367e-01 1.257199538871645872e-01 1.228933996660634825e-01 1.204991461971076233e-01 1.184533811354776811e-01 1.166923186613712526e-01
5.224393557684198219e-01 4.572192689371877283e-01 3.953014471409551089e-01 3.385258429520126566e-01 2.913344513298943839e-01 2.544155503799447882e-01 2.260270894516452356e-01 2.040621158599879026e-01 1.868090795762964162e-01 1.730516729376393725e-01 1.619618769619793897e-01 1.529627634452049301e-01 1.456264556905478014e-01 1.396172868189960725e-01 1.346640488045571238e-01 1.305471346077615724e-01 1.270905598695799277e-01 1.241548817766466445e-01 1.216309824655741056e-01 1.194344650073890096e-01
5.329873203945498794e-01 4.638179812795920065e-01 3.905201972812937794e-01 3.253785980259999433e-01 2.742859161552042013e-01 2.377942421473562828e-01 2.129931887052953221e-01 1.961773001775145575e-01 1.844311073422431890e-01 1.758300047181546588e-01 1.691780748032033488e-01 1.637408626079559226e-01 1.590667503885924705e-01 1.548788250423967783e-01 1.510094375722110249e-01 1.473596016317605950e-01 1.438734548911452249e-01 1.405206479504704509e-01 1.372862113825976949e-01 1.341640277020633154e-01
4.066692338424036102e-01 3.575568475806358282e-01 3.111854371558038790e-01 2.690503745646492528e-01 2.331401591965550357e-01 2.036969338696508203e-01 1.805200544097715354e-01 1.630347307717397720e-01 1.502061181228236952e-01 1.408524008956010265e-01 1.339492848798545244e-01 1.287326602847315427e-01 1.246737263078102897e-01 1.214179091390542448e-01 1.187294357879909446e-01 1.164509254871362032e-01 1.144763854281700272e-01 1.127334422065177921e-01 1.111719417243148267e-01 1.097565301241411329e-01
5.013779160294210557e-01 4.328512626937117691e-01 3.640609649440739171e-01 3.022647921697232953e-01 2.515332878489971447e-01 2.124261958837450892e-01 1.836371564748696950e-01 1.628938543982803855e-01 1.479483221098780721e-01 1.370668495446443480e-01 1.290391873288899705e-01 1.230352113908156769e-01 1.184782822430133775e-01 1.149623046908527652e-01 1.121989268716424709e-01 1.099829432601109186e-01 1.081679834984242972e-01 1.066493390221148752e-01 1.053516633016988585e-01 1.042207060847431394e-01
4.258211675478943969e-01 3.738860634910451952e-01 3.238201918907819277e-01 2.773932511575480930e-01 2.346979815730673991e-01 1.975159670543280288e-01 1.680802591553219871e-01 1.468011018920878930e-01 1.323247487592743576e-01 1.227150475478265418e-01 1.163151785638183305e-01 1.119679289958730867e-01 1.089313886751187982e-01 1.067430183412216155e-01 1.051145686196832685e-01 1.038641961691610105e-01 1.028749679854627230e-01 1.020701056309599175e-01 1.013981860101040439e-01 1.008240455138081915e-01
4.253457340395334629e-01 3.660800871593528627e-01 3.171754191420040891e-01 2.777336731343529874e-01 2.469940370321273837e-01 2.234008382866159159e-01 2.051933067385107168e-01 1.908766799606382847e-01 1.793729775538668025e-01 1.699344362923875529e-01 1.620186501229181897e-01 1.552140648569911852e-01 1.492059132829308410e-01 1.437617073650471755e-01 1.387247808161191642e-01 1.340050649899058033e-01 1.295666699076536976e-01 1.254108346835710042e-01 1.215572132356464857e-01 1.180278317644842950e-01
4.668507790120746126e-01 4.164341518959554511e-01 3.693827138941310206e-01 3.285046238727681867e-01 2.921497047081769161e-01 2.577290832135841203e-01 2.252729694853769504e-01 1.970544898480557083e-01 1.747740516568592195e-01 1.582875200100329616e-01 1.463646769512706725e-01 1.376653592611546684e-01 1.311481097244541205e-01 1.261021365574561126e-01 1.220646422746358428e-01 1.187374025248573162e-01 1.159263566898880576e-01 1.135023963375715594e-01 1.113780829259485433e-01 1.094921973298915024e-01
3.724344740613392268e-01 3.208422714384869256e-01 2.830962010961525221e-01 2.538755583691295059e-01 2.296315702502897682e-01 2.085547061072429709e-01 1.898164766365334766e-01 1.731661291764422239e-01 1.587205576122460160e-01 1.466959478529611394e-01 1.371428469085586299e-01 1.298443507358950921e-01 1.244005276264624621e-01 1.203710641037105261e-01 1.173702254284216956e-01 1.150996808729360110e-01 1.133437501005391812e-01 1.119510186567640592e-01 1.108172372531225913e-01 1.098702473690173070e-01
5.296693091207658188e-01 4.588693080283701153e-01 3.961358494590968005e-01 3.395805917121469952e-01 2.895053138828370676e-01 2.478330302727408674e-01 2.152366702904691953e-01 1.908342011430067819e-01 1.729164891842810969e-01 1.597115494504396382e-01 1.497881777642851298e-01 1.421255611738590219e-01 1.360357456020028499e-01 1.310640779115419818e-01 1.269091026468959216e-01 1.233673734922922510e-01 1.202986800278449675e-01 1.176033081255542373e-01 1.152087763775489354e-01 1.130611233248782765e-01
4.843484637595247277e-01 4.221733771590516215e-01 3.662866655690049655e-01 3.166899223282825804e-01 2.748689768836402592e-01 2.413832725512838895e-01 2.157178992046829002e-01 1.963972258635840185e-01 1.817119110640487700e-01 1.702630585432052535e-01 1.610782148776342959e-01 1.535280742048052982e-01 1.472120749606983803e-01 1.418678365304367750e-01 1.373127120459685102e-01 1.334096519087324961e-01 1.300485271669458709e-01 1.271386631309724125e-01 1.246042245497483297e-01 1.223820059947014760e-01
5.464112319590145317e-01 4.836397413197391915e-01 4.288396985185522481e-01 3.822751344592393297e-01 3.419305096545053879e-01 3.060318927981597881e-01 2.739227035095447294e-01 2.456023555540577941e-01 2.210959956442002383e-01 2.001313865477686582e-01 1.822736451520267920e-01 1.671530167453784133e-01 1.545002707003493569e-01 1.440622361926943984e-01 1.355512736021046161e-01 1.286573344424141452e-01 1.230814912986323145e-01 1.185602537478453594e-01 1.148745469493826499e-01 1.118486332684597018e-01
5.727493786788545593e-01 4.851893228535482105e-01 4.158501310953933161e-01 3.582363848417298713e-01 3.109561164262413246e-01 2.731856802960282993e-01 2.433388120035033242e-01 2.197936605513859942e-01 2.011246982496231739e-01 1.861287135108432300e-01 1.738533110204298349e-01 1.635970923119384746e-01 1.548737490133817174e-01 1.473580864823969272e-01 1.408344470754286648e-01 1.351553983125268199e-01 1.302127551438388708e-01 1.259196149190393021e-01 1.221998846747010259e-01 1.189840636981534805e-01
4.006730977111147007e-01 3.434419551020664318e-01 2.947215654698084331e-01 2.538850906723200684e-01 2.211415665777167194e-01 1.959545815581057449e-01 1.767989225727524261e-01 1.620318650916306169e-01 1.504079615774207845e-01 1.411106615087555916e-01 1.336157341893704220e-01 1.275638165767486454e-01 1.226825975520659945e-01 1.187493626929062851e-01 1.155765352133312218e-01 1.130070622422499615e-01 1.109118172398302765e-01 1.091867677762638766e-01 1.077499627403449289e-01 1.065373308490961818e-01
4.658038107585161791e-01 4.046020194422453864e-01 3.519106668792664760e-01 3.095121938921511218e-01 2.759436430409550889e-01 2.492286236211657402e-01 2.277367991581559226e-01 2.102458206005394514e-01 1.958616877906024512e-01 1.838968617655336868e-01 1.738210492581128974e-01 1.652439376525580983e-01 1.578879334777593679e-01 1.515499978512525603e-01 1.460696581378579106e-01 1.413106399402022373e-01 1.371542548201978295e-01 1.334982779063284275e-01 1.302571734972298167e-01 1.273617412243038538e-01
5.042742506919336565e-01 4.429342207605077575e-01 3.873301636968972117e-01 3.395614786190708223e-01 3.002464740553114075e-01 2.682370972794888009e-01 2.423197276220889762e-01 2.214598848123568997e-01 2.047053665027488145e-01 1.912243524566292763e-01 1.803483031876385312e-01 1.715537892142310616e-01 1.644218511506915226e-01 1.586092145298607647e-01 1.538344451622106202e-01 1.498707131389528380e-01 1.465393893118016322e-01 1.437024623225442999e-01 1.412549554929137252e-01 1.391169797396287211e-01
4.545604719471157407e-01 4.104135290100748290e-01 3.605952211994190026e-01 3.095628312295065077e-01 2.631071872053510896e-01 2.250997203363078736e-01 1.962161629087313397e-01 1.752202866916559298e-01 1.602202580222365225e-01 1.494333207853196788e-01 1.414953836434870160e-01 1.354652123265259467e-01 1.307229861397354309e-01 1.268675811528010011e-01 1.236387233486857390e-01 1.208658542018440640e-01 1.184352360400316717e-01 1.162693002139712911e-01 1.143141599302180123e-01 1.125314555820659673e-01
5.673789278140976000e-01 4.940964893688157833e-01 4.227371266308047604e-01 3.591766979114618397e-01 3.064093153364956246e-01 2.641890093404799522e-01 2.305317328404635213e-01 2.036603426560759655e-01 1.825433652289211728e-01 1.663555036298930701e-01 1.541664650477468923e-01 1.450278793321922444e-01 1.381206515710800831e-01 1.328126260871067554e-01 1.286447546817362231e-01 1.252938781538978086e-01 1.225340985413640726e-01 1.202074865950271548e-01 1.182028920669108696e-01 1.164415645180270076e-01
4.012477542310353140e-01 3.467979594845019276e-01 3.009230379607470418e-01 2.638118929807387603e-01 2.343941461162467044e-01 2.113088821289234309e-01 1.932886392791260677e-01 1.791427795316849481e-01 1.678648926797904894e-01 1.586932720441109335e-01 1.510821689873046159e-01 1.446498331329712506e-01 1.391331416127275233e-01 1.343515257924355055e-01 1.301791404086907189e-01 1.265237891494325473e-01 1.233133704212377724e-01 1.204875354921386976e-01 1.179937920486554548e-01 1.157856132590677628e-01
4.962421615702032884e-01 4.432393554823466086e-01 3.883889740565246163e-01 3.363736021659861075e-01 2.911016965839438586e-01 2.528781847293430363e-01 2.208626260768505878e-01 1.946200733043951803e-01 1.739000455179484650e-01 1.581185868621105273e-01 1.463340589986182882e-01 1.375475363127770800e-01 1.309218091575894416e-01 1.258347383467480485e-01 1.218480817232921315e-01 1.186589360774087248e-01 1.160575011825494551e-01 1.138967557617070331e-01 1.120719220936280125e-01 1.105069174819209299e-01
4.101160522550344467e-01 3.549099090648815125e-01 3.070637760590761989e-01 2.680995691238786116e-01 2.370608313905540887e-01 2.123272925263154365e-01 1.927963561837759687e-01 1.775607807684809747e-01 1.657171016124993901e-01 1.564351912048732585e-01 1.490429177360783897e-01 1.430436892054421927e-01 1.380863562870581485e-01 1.339242578271659934e-01 1.303815415024837387e-01 1.273293467308667382e-01 1.246718257815996322e-01 1.223359422170963717e-01 1.202655928621138015e-01 1.184170097481929279e-01
6.145960324349016846e-01 5.558838665606231633e-01 4.913569293184900655e-01 4.260875463183038114e-01 3.685517980172881014e-01 3.226974549780425305e-01 2.873531502113110259e-01 2.594767584517830850e-01 2.365819088358682709e-01 2.172160963773785702e-01 2.005922777387968425e-01 1.862407262047372503e-01 1.738500912522431552e-01 1.631970178695269225e-01 1.540991431077418372e-01 1.463835578167345386e-01 1.398757569066947370e-01 1.344029198441421546e-01 1.298023254075087729e-01 1.259286557871382717e-01
6.154946813065907962e-01 5.374515757465633259e-01 4.643179744764347472e-01 4.028919216847134388e-01 3.526138758250090266e-01 3.112189108797974724e-01 2.773616032654536157e-01 2.496503540105186325e-01 2.268780649204563682e-01 2.082541326623686406e-01 1.932041692512575515e-01 1.811752935615368321e-01 1.716027708031470089e-01 1.639566409558756155e-01 1.577855973393889055e-01 1.527320660668192442e-01 1.485251843812875339e-01 1.449635667708935316e-01 1.418975548731395975e-01 1.392147082008887149e-01
4.152972303754032257e-01 3.628785271148081137e-01 3.186645294725894972e-01 2.813094518013531387e-01 2.500255723309237621e-01 2.235622299840906713e-01 2.009178188214718885e-01 1.816623400443131697e-01 1.656408044465410845e-01 1.526640975623695384e-01 1.424032787268879607e-01 1.344263804140064245e-01 1.282766596803776304e-01 1.235354644429389748e-01 1.198544848053643419e-01 1.169613898980242095e-01 1.146518923099210940e-01 1.127764907064556649e-01 1.112266389127034988e-01 1.099240108265439608e-01
4.725986898719429785e-01 4.080232010298641132e-01 3.534025633105193354e-01 3.087418830103706435e-01 2.736977769590885345e-01 2.468070745907607610e-01 2.260276666830759451e-01 2.096396491513587423e-01 1.964597247214987796e-01 1.856782841798849393e-01 1.767164195911027358e-01 1.691519559244625270e-01 1.626792981778271419e-01 1.570801519765518683e-01 1.521954848989844344e-01 1.479062542202882469e-01 1.441192205506376944e-01 1.407595089706592251e-01 1.377672460861504022e-01 1.350932100042700756e-01
5.328269591649177350e-01 4.723212637784672818e-01 4.199441242530883578e-01 3.749644341807652492e-01 3.365207667645881973e-01 3.031895185064058529e-01 2.742708209459669977e-01 2.496164577396120798e-01 2.288806597399525300e-01 2.115111176436766938e-01 1.969133129436522744e-01 1.845264958171173864e-01 1.738612091029062834e-01 1.645241889799945179e-01 1.562316129123791919e-01 1.488072093389928297e-01 1.421612735162489094e-01 1.362596278369892500e-01 1.310892879753373652e-01 1.266308141232002638e-01
4.272393072489649168e-01 3.720121222594752752e-01 3.248174714762717685e-01 2.864512449060566679e-01 2.567855940829031347e-01 2.341490092047024407e-01 2.165444842239958312e-01 2.024145048536593050e-01 1.907420752632606187e-01 1.808956605745334068e-01 1.724724294297993732e-01 1.651964064524872877e-01 1.588633586749710891e-01 1.533118727734836262e-01 1.484080085893037804e-01 1.440368128633781331e-01 1.400993587817902231e-01 1.365125108035863399e-01 1.332096670282607032e-01 1.301415201323550264e-01
4.173291419582579875e-01 3.688495134253753083e-01 3.317085310255788455e-01 3.023799280608364115e-01 2.787342845203420461e-01 2.585509716867818719e-01 2.398909267863200412e-01 2.220589201733753348e-01 2.056313883682514554e-01 1.914135670421819591e-01 1.796598393231397528e-01 1.701179870014311868e-01 1.623568866407731626e-01 1.559671019844245110e-01 1.506224640994332786e-01 1.460807245416799460e-01 1.421669729234417978e-01 1.387550955225015092e-01 1.357538475560431945e-01 1.330955827899742983e-01
