4.147547902204678505e-01 3.886515064370177908e-01 3.635227116714406792e-01 3.397517611906732959e-01 3.173830409861701507e-01 2.961924341355347545e-01 2.760971666469776986e-01 2.572648663499907951e-01 2.399453022815214442e-01 2.242880331436754304e-01 2.102859170775627784e-01 1.978155755385523629e-01 1.867039350184495627e-01 1.767790341384534170e-01 1.678945607831701659e-01 1.599333925056635186e-01 1.528021995932249411e-01 1.464230351047081102e-01 1.407275977553945345e-01 1.356525669313850824e-01
5.006698322223587239e-01 4.686105239411699763e-01 4.243918473929111923e-01 3.713451195144443773e-01 3.169878925208468035e-01 2.678495228418614760e-01 2.272598497107719551e-01 1.956268347588513701e-01 1.717862114273884799e-01 1.541126859399810090e-01 1.410882011576904960e-01 1.314853567998943706e-01 1.243762054009494022e-01 1.190796933862293405e-01 1.151028562487408646e-01 1.120899775281259253e-01 1.097849855908316352e-01 1.080029079632947725e-01 1.066093693718420388e-01 1.055066268782852007e-01
5.137400703334605856e-01 4.802903923179565049e-01 4.446044767219399230e-01 4.052830459816141317e-01 3.635806400217188594e-01 3.218418757257268115e-01 2.825313138204091912e-01 2.475698009529151145e-01 2.180017201646114733e-01 1.939920421250281024e-01 1.750575798083446044e-01 1.603874587159953014e-01 1.491085903518251099e-01 1.404373449971899335e-01 1.337348634700174510e-01 1.285080109164118689e-01 1.243873787327902380e-01 1.210994845506502271e-01 1.184430170204723298e-01 1.162694552395259900e-01
3.096212004918197369e-01 2.797822133982481585e-01 2.504319923145931215e-01 2.230198646082862945e-01 1.989143722329936304e-01 1.786866259292582970e-01 1.622663912738789849e-01 1.492299394181463845e-01 1.390237376469303787e-01 1.310919126629596643e-01 1.249386420701921463e-01 1.201536786464566797e-01 1.164129469532053929e-01 1.134662812245369468e-01 1.111244385130703421e-01 1.092453807318816000e-01 1.077225173242914030e-01 1.064758442946913408e-01 1.054451743273966680e-01 1.045847136531665444e-01
3.804201203538105092e-01 3.520332871191203528e-01 3.214196535688824685e-01 2.901618282869458110e-01 2.601718465122394019e-01 2.329368561413139027e-01 2.092809275141917225e-01 1.893972458760254107e-01 1.730484944675117764e-01 1.597844461171189223e-01 1.490996389120118615e-01 1.405178309534676484e-01 1.336249301955103885e-01 1.280775529256789058e-01 1.235969730631040903e-01 1.199606413644505598e-01 1.169911487144418005e-01 1.145495974483492357e-01 1.125262925881543169e-01 1.108354931199573845e-01
5.304215951226524117e-01 4.993872508021206524e-01 4.729181197531579506e-01 4.407747490156179726e-01 4.016060808882139233e-01 3.591625382757047125e-01 3.174961677422106776e-01 2.795058608234557984e-01 2.465936119071381050e-01 2.190076365994069463e-01 1.963577774610075766e-01 1.779887412118432710e-01 1.631900460587394353e-01 1.512972395809325243e-01 1.417328971330334697e-01 1.340171243812937896e-01 1.277634332636171099e-01 1.226651331309767529e-01 1.184823663619317818e-01 1.150278078536575710e-01
5.343476006361879138e-01 4.770635873595437948e-01 4.249707130777687913e-01 3.786476243923010410e-01 3.388077999748918545e-01 3.048516253130583165e-01 2.756917130564397467e-01 2.503889527285173000e-01 2.283178456019049896e-01 2.090773717260890341e-01 1.923758258203906724e-01 1.779621011638705119e-01 1.655975422205608616e-01 1.550493594080794013e-01 1.460916034236584005e-01 1.385106359147198485e-01 1.321098258055371788e-01 1.267126190319732004e-01 1.221635395023713544e-01 1.183281185848727574e-01
3.975539759910498017e-01 3.689181343716336214e-01 3.385819324053591095e-01 3.082332447875523740e-01 2.796859574766131229e-01 2.541791636717971592e-01 2.322681775363162060e-01 2.139481009356677399e-01 1.988738735578954309e-01 1.865580776520073536e-01 1.764987318729981658e-01 1.682445973344147139e-01 1.614179853163659473e-01 1.557159376796334871e-01 1.509015412162989511e-01 1.467916517145931854e-01 1.432458532042801269e-01 1.401567602716386196e-01 1.374419778585433960e-01 1.350378955155611127e-01
5.458566392412148582e-01 5.314935770763259404e-01 5.213354277565668271e-01 5.145731929042358654e-01 5.102285000582560404e-01 5.072295326765242640e-01 5.043267592858433623e-01 4.995361172526902593e-01 4.891915441416495036e-01 4.683195983348127922e-01 4.349272508649573710e-01 3.936311649307470129e-01 3.518086315235957606e-01 3.141986910090781571e-01 2.819791864000671944e-01 2.544853531969966109e-01 2.306839214769615953e-01 2.097385458984717954e-01 1.911556723867761376e-01 1.747764378278043318e-01
5.279823492928972239e-01 5.162298637620937880e-01 5.085893493256208320e-01 5.033707406571725773e-01 4.988601226673805011e-01 4.929517638369634303e-01 4.820457406817058588e-01 4.594153315274752680e-01 4.174695063231092518e-01 3.571511864305398354e-01 2.916655045976039862e-01 2.358220060193343681e-01 1.951341054573890732e-01 1.674241946179245155e-01 1.488073749985778793e-01 1.361983150872402015e-01 1.275240939285140485e-01 1.214492102584335959e-01 1.171166701335459998e-01 1.139713386842049619e-01
4.574251195572640039e-01 4.329179787474095042e-01 4.035166290553752200e-01 3.704189349520737307e-01 3.354393013069784657e-01 3.000190519677016776e-01 2.651876972862373671e-01 2.324331218690713352e-01 2.035810873503578478e-01 1.797145799051577397e-01 1.608294562746232226e-01 1.462471361955249571e-01 1.350989349415613050e-01 1.265882472944576953e-01 1.200703119497120441e-01 1.150512332785547237e-01 1.111602908923305238e-01 1.081222985046770141e-01 1.057330717172862977e-01 1.038400400648515631e-01
5.331631264832321637e-01 5.062699363644014294e-01 4.828095166755474454e-01 4.544380686515796519e-01 4.193753576907329195e-01 3.796165259632107158e-01 3.382711686234688431e-01 2.989476966091024202e-01 2.646448898182643394e-01 2.365229907243228402e-01 2.141312977767665937e-01 1.963404139198621501e-01 1.819869467625448989e-01 1.701378448864761528e-01 1.601401123729272180e-01 1.515774515491648267e-01 1.441958335743402098e-01 1.378373547621777051e-01 1.323914388391131125e-01 1.277650051272035958e-01
5.341543563019331975e-01 4.917568634211420542e-01 4.498051008493712533e-01 4.063682454828085877e-01 3.634050260412732269e-01 3.230840831685054537e-01 2.865357146566384627e-01 2.543292203857708822e-01 2.267378123986100169e-01 2.037039840425131920e-01 1.848581768736766995e-01 1.696425367011761276e-01 1.574466104443354164e-01 1.476950404932085847e-01 1.398898872196150389e-01 1.336190151949995242e-01 1.285530513009871256e-01 1.244332161199417919e-01 1.210573998492327497e-01 1.182691007450921428e-01
5.139100208337797904e-01 5.065059670220819488e-01 5.021915840417073840e-01 4.989287303453500133e-01 4.949164032003407487e-01 4.872136528992996318e-01 4.701625048122013983e-01 4.400709420649673298e-01 3.992193388552908728e-01 3.507196251916115948e-01 2.995466989965530069e-01 2.530691124073109477e-01 2.159654678749639289e-01 1.883845263959955108e-01 1.683213665336006637e-01 1.536401807607762626e-01 1.427146596969396386e-01 1.344250731647480268e-01 1.280169302121794417e-01 1.229781096189981326e-01
7.360506759592891912e-01 6.805595923616487575e-01 6.257031460957079849e-01 5.729057195743553210e-01 5.226388162852043662e-01 4.733442496352654461e-01 4.223126438248618886e-01 3.687394241110473758e-01 3.157842505417647883e-01 2.682666116052860317e-01 2.292270178059697960e-01 1.990639508181357153e-01 1.765440496445444263e-01 1.599507445420431384e-01 1.477124569093030138e-01 1.385994637219118975e-01 1.317183058505179416e-01 1.264393558650044602e-01 1.223237793601583689e-01 1.190652285760734203e-01
5.776486269260476814e-01 5.540857606357530996e-01 5.369717986953582711e-01 5.246377516783138351e-01 5.157682334435932381e-01 5.092082298132845075e-01 5.039009348853080716e-01 4.988057011300338628e-01 4.927831733438597372e-01 4.843866385981141498e-01 4.713177354316400169e-01 4.490895215047203126e-01 4.099535693598591046e-01 3.477823514680494776e-01 2.722306034058783464e-01 2.069201309537311295e-01 1.638348914994185168e-01 1.389806066443998178e-01 1.250034591525741312e-01 1.169126977715833904e-01
7.050478573001492943e-01 6.514543354982742507e-01 6.037264819545816730e-01 5.600414715656734099e-01 5.177344227249249808e-01 4.744174116227452553e-01 4.296082523224322158e-01 3.847146234802039655e-01 3.417429372956729550e-01 3.023960223229369415e-01 2.677317847742233248e-01 2.381271461816504564e-01 2.134189497679472025e-01 1.931151124695315857e-01 1.765862793382257101e-01 1.631941876979544626e-01 1.523595679225400179e-01 1.435878731776028816e-01 1.364715499570593182e-01 1.306810587458312467e-01
5.143267854242004056e-01 4.800326651160139457e-01 4.441058620440890281e-01 4.070525071234078474e-01 3.704677381264122049e-01 3.355731709254905493e-01 3.031231746368575619e-01 2.735881430809968262e-01 2.472507102681265612e-01 2.242073448613518816e-01 2.043749251522240240e-01 1.875306651253413337e-01 1.733665047543354321e-01 1.615385721193683954e-01 1.517040350305251251e-01 1.435441738968802339e-01 1.367767741574789364e-01 1.311588314925211385e-01 1.264865190236935111e-01 1.225904245721392283e-01
4.191354244406829688e-01 3.934273684297295293e-01 3.645826857782776820e-01 3.330989273727573141e-01 3.005580119160004005e-01 2.689872900818591206e-01 2.402304013277171135e-01 2.154234286950668376e-01 1.948689292755443614e-01 1.782593444437952646e-01 1.649993845622520772e-01 1.544433719065273214e-01 1.460139795817667618e-01 1.392389671952696528e-01 1.337483690743101750e-01 1.292583487136289566e-01 1.255526282012578987e-01 1.224663385393796461e-01 1.198733785690274112e-01 1.176766447373665814e-01
5.059134023078195597e-01 5.000517425073195410e-01 4.905666355836956205e-01 4.724611446772246648e-01 4.434543340321761007e-01 4.052537269591434121e-01 3.623114122244544544e-01 3.196329195351131358e-01 2.808212048517043646e-01 2.475017637031851347e-01 2.199019202853378374e-01 1.975158972039935124e-01 1.795439537498168536e-01 1.651518991019111093e-01 1.536010480363620423e-01 1.442877620272338401e-01 1.367386240116320595e-01 1.305880590731976487e-01 1.255533142344211206e-01 1.214146027428796570e-01
6.075424019382080765e-01 5.689296095745315363e-01 5.352423622930291280e-01 5.051461911245678227e-01 4.766005821334147186e-01 4.469419724589476783e-01 4.146058160203392462e-01 3.802162473788485153e-01 3.458182538882829116e-01 3.133537062769755632e-01 2.837829909287393204e-01 2.571592561341822236e-01 2.332152832299470846e-01 2.118331390991806951e-01 1.930873287934810056e-01 1.770414382778108253e-01 1.636071566585451387e-01 1.525435922201722749e-01 1.435250980639830309e-01 1.362092983629554499e-01
7.976454611888038615e-01 7.240117581166123362e-01 6.604411038946272905e-01 6.065301850586547472e-01 5.610124380563502600e-01 5.221739793229244198e-01 4.881552389193689057e-01 4.570727776637801276e-01 4.271897367019573677e-01 3.972019270710180350e-01 3.665201829352466301e-01 3.353132092691782917e-01 3.042443768743851029e-01 2.741427725869823306e-01 2.458518888118851331e-01 2.201910595108347579e-01 1.978258600144181534e-01 1.790768126380862801e-01 1.638529125484637916e-01 1.517582604911876798e-01
4.934625014675117494e-01 4.871271388677632652e-01 4.775201621351879977e-01 4.620941739826230354e-01 4.387617882154881688e-01 4.066605804837308824e-01 3.672178884362801710e-01 3.232160639669746094e-01 2.780591415334492944e-01 2.361124857328832094e-01 2.012999546527862449e-01 1.750865396484732606e-01 1.565125531516969315e-01 1.436685764975845769e-01 1.347687432728707779e-01 1.284888126328587454e-01 1.239362365566194085e-01 1.205308089777827329e-01 1.178979241382330651e-01 1.157941127661615555e-01
7.487663686661767404e-01 7.067968326774917154e-01 6.678597909424246470e-01 6.334323581834298000e-01 6.042094692832324920e-01 5.801026291567541460e-01 5.605484800820158542e-01 5.447310612551282683e-01 5.317089169978309604e-01 5.204669889492106183e-01 5.099141366685034926e-01 4.988699174402347336e-01 4.860921235533521845e-01 4.703938280691625229e-01 4.508800502694157442e-01 4.272646219524722233e-01 4.000894792223698704e-01 3.706312110072758625e-01 3.404975638242012659e-01 3.111723780025931752e-01
4.112412047773167934e-01 3.883702015335984692e-01 3.628077142897928042e-01 3.358886349266579363e-01 3.092302021437092208e-01 2.842086645818618362e-01 2.617254028859352655e-01 2.421474875003696015e-01 2.254198477345926155e-01 2.112398541928268980e-01 1.992035332953673854e-01 1.888972617412218724e-01 1.799403529361006671e-01 1.720017008941795156e-01 1.648021231062011815e-01 1.581150201009040857e-01 1.517699689975222643e-01 1.456592031375293916e-01 1.397437555796932351e-01 1.340515717805101370e-01
5.004557703212987319e-01 4.865723886324322400e-01 4.681889972180829362e-01 4.419899041626126901e-01 4.087481732524727573e-01 3.722458317456630583e-01 3.364840988704145275e-01 3.040338919972419007e-01 2.759728471361552193e-01 2.523998100928502297e-01 2.328725018510522105e-01 2.167206838819674963e-01 2.032551969723715435e-01 1.918778868889194078e-01 1.821160829768814493e-01 1.736149670562736058e-01 1.661151088556980238e-01 1.594305688011963540e-01 1.534301689108042432e-01 1.480228855038512870e-01
4.293351868594731946e-01 4.074644314562101410e-01 3.829911151420674065e-01 3.572199772381282057e-01 3.311783201469046256e-01 3.049460064276354188e-01 2.775491267488178204e-01 2.482841528504798057e-01 2.186715711124224970e-01 1.917725943539289879e-01 1.696901983896182686e-01 1.526851174217426776e-01 1.399502342024789014e-01 1.304556740837870266e-01 1.233256429180619312e-01 1.179071709851268746e-01 1.137355222884798428e-01 1.104828210719279030e-01 1.079169921847642349e-01 1.058712623425526606e-01
4.192521598162477492e-01 3.936175402215144614e-01 3.677560299712155367e-01 3.421342216979224027e-01 3.173111223128853298e-01 2.937988855312414493e-01 2.720470883888856384e-01 2.523316003508824235e-01 2.347251554347475622e-01 2.191384944511546029e-01 2.053833995917307698e-01 1.932284822990127660e-01 1.824389044453653130e-01 1.728009486522989746e-01 1.641351838160403642e-01 1.563028230063730484e-01 1.492081362735839800e-01 1.427928767330330362e-01 1.370265857889889360e-01 1.318917667444225172e-01
5.102994306434993632e-01 4.872334792626497602e-01 4.650333160551963219e-01 4.426167773641646042e-01 4.192744292924180383e-01 3.940727489953860796e-01 3.669304152810946018e-01 3.391131356079131187e-01 3.122880569798872075e-01 2.875740861520171276e-01 2.653791324421763687e-01 2.456697699148207847e-01 2.282401593774557036e-01 2.128549258783459797e-01 1.993004946317523673e-01 1.873892401996999912e-01 1.769518504384905155e-01 1.678295535501092561e-01 1.598711823113262709e-01 1.529343789257109065e-01
4.377580058109888927e-01 4.130195945037118399e-01 3.845237157730292399e-01 3.540395046028879666e-01 3.236905849823961123e-01 2.952036732735723312e-01 2.696160481979495427e-01 2.472724847513018132e-01 2.280630546653265034e-01 2.116809207112964886e-01 1.977645190324255897e-01 1.859547284386644517e-01 1.759193945484003041e-01 1.673653445525269401e-01 1.600400493762572374e-01 1.537305797629232862e-01 1.482597639676532797e-01 1.434812398295616798e-01 1.392751050836523175e-01 1.355435871132067427e-01
3.297455254512897116e-01 2.974901167867756158e-01 2.672585546400989553e-01 2.402806478024341885e-01 2.172505679931782674e-01 1.981751866326313671e-01 1.826584121549967576e-01 1.701439346885945392e-01 1.600681613462802411e-01 1.519355397422623433e-01 1.453390152807480795e-01 1.399552535485417970e-01 1.355312714899991888e-01 1.318697232973500000e-01 1.288167228363090444e-01 1.262515636045623002e-01 1.240795300483296115e-01 1.222259735523016366e-01 1.206317747268644824e-01 1.192500224751165683e-01
3.350775744827677594e-01 3.100992352151297204e-01 2.834917978277371464e-01 2.559305544969492918e-01 2.292348255940123702e-01 2.050915870508924765e-01 1.844478086453818777e-01 1.675025787067715988e-01 1.539686813914158958e-01 1.433382424898445584e-01 1.350610472932748940e-01 1.286345837163389572e-01 1.236394762736745118e-01 1.197417791238694906e-01 1.166824538507034992e-01 1.142645013639540241e-01 1.123383494260883769e-01 1.107911226805208538e-01 1.095373569589261770e-01 1.085125291092720046e-01
5.120843781801704964e-01 4.980398420886194555e-01 4.811363413819776946e-01 4.600773386219589312e-01 4.345248534413985730e-01 4.049609800133475712e-01 3.726369332515969135e-01 3.393088852816618095e-01 3.068166172597193708e-01 2.766657690098963673e-01 2.497918216054677010e-01 2.265585379946344347e-01 2.069019569694501015e-01 1.905061161136654968e-01 1.769447043418767851e-01 1.657724697390222102e-01 1.565762673842255037e-01 1.489960965950740401e-01 1.427296006144024298e-01 1.375289738550782292e-01
5.850650014148055522e-01 5.526258302565656422e-01 5.280978469185094726e-01 5.095471565792027979e-01 4.951028384412347605e-01 4.831214633414856463e-01 4.722352809780477334e-01 4.613163219060515963e-01 4.494506402179467841e-01 4.359415727983833033e-01 4.203523237612625807e-01 4.025541625236701559e-01 3.827323203448145250e-01 3.613260385080687143e-01 3.389144055783344656e-01 3.160599669756447572e-01 2.931613732534787964e-01 2.703938424005173369e-01 2.477864428264388019e-01 2.254188568291647377e-01
5.829893799714045421e-01 5.636473481942084751e-01 5.471341019833926289e-01 5.328255478889332153e-01 5.196310160335997352e-01 5.058123813385969614e-01 4.887465860456943201e-01 4.649179947377069522e-01 4.311454636092094117e-01 3.871308511181268952e-01 3.368197201347220560e-01 2.866093482322685237e-01 2.419863196800724758e-01 2.055950543738435943e-01 1.776121164276264486e-01 1.569169083959423006e-01 1.419520570011809368e-01 1.312205388024449415e-01 1.235076905414462106e-01 1.179142253519967209e-01
5.160809279412206241e-01 5.039577825053317417e-01 4.917668787065304081e-01 4.763228168705245236e-01 4.542081191335455292e-01 4.241025528972386383e-01 3.877011627261526816e-01 3.488345671788556368e-01 3.112247730498347575e-01 2.770870265980920344e-01 2.472783090166194575e-01 2.218622255059017334e-01 2.005258191237953846e-01 1.828090291055195771e-01 1.682173849177434066e-01 1.562689944612407067e-01 1.465196170177227863e-01 1.385759274092106252e-01 1.321001282268844113e-01 1.268090571928769394e-01
4.206741265202799673e-01 3.940945371447787671e-01 3.656510641622270352e-01 3.365868764505284827e-01 3.083646711481742297e-01 2.821090518501659927e-01 2.586063096818906892e-01 2.383514354272483482e-01 2.214810972046908077e-01 2.077486371980194202e-01 1.966411550500879457e-01 1.875439753928727638e-01 1.798617314612374618e-01 1.730825044712764882e-01 1.668112637944068333e-01 1.607910194053329134e-01 1.549096286952431067e-01 1.491833680929266770e-01 1.437092022859360330e-01 1.386057428596541297e-01
6.522022553606166007e-01 6.017119819406041570e-01 5.637917099403785270e-01 5.355750011264263089e-01 5.140056800538058690e-01 4.963937162545243864e-01 4.805471836799611873e-01 4.646738918263068063e-01 4.472315498516081789e-01 4.267497957921614349e-01 4.017209023185933092e-01 3.709514052444137788e-01 3.346694139949977220e-01 2.954704196694365459e-01 2.574761074365233271e-01 2.241669105849905530e-01 1.970745971055293810e-01 1.760342813521128813e-01 1.600601488344000345e-01 1.480110296019815086e-01
5.107313114207954197e-01 5.057529081787265346e-01 5.021689450215035544e-01 4.982195955657880426e-01 4.911850086454069286e-01 4.770579133003821082e-01 4.520931229106099902e-01 4.157096330218473801e-01 3.720592233017644967e-01 3.278086942802656001e-01 2.880699516337335564e-01 2.545960796415056571e-01 2.270253449385927491e-01 2.044197401747442078e-01 1.858851017932829641e-01 1.706764659645511883e-01 1.581849724163665871e-01 1.479156248526578565e-01 1.394681667841973782e-01 1.325166595031441741e-01
2.473271574669342887e-01 2.249714884659465564e-01 2.047769301586959134e-01 1.870324315057950992e-01 1.719480899396876317e-01 1.593879867117903026e-01 1.490589258103059700e-01 1.406192616324778988e-01 1.337385078103943692e-01 1.281241419338402798e-01 1.235297892269045378e-01 1.197538330404677304e-01 1.166336239153042686e-01 1.140401746851625875e-01 1.118708665163512667e-01 1.100445494833672960e-01 1.084970751220632190e-01 1.071773105638610529e-01 1.060446852892042852e-01 1.050666734930389146e-01
5.347980533275518145e-01 5.210706691203403906e-01 5.114457967021189821e-01 5.045481752355158722e-01 4.988705217309188922e-01 4.926719423640679718e-01 4.835770286419229791e-01 4.682729256980030508e-01 4.434045908687401782e-01 4.080456499163938044e-01 3.653075659502971195e-01 3.207493267759536915e-01 2.792545301883637698e-01 2.434177923949209787e-01 2.138677024068601773e-01 1.901526323401776519e-01 1.713929997917148229e-01 1.566424014201766024e-01 1.450495464770938381e-01 1.359107807115651767e-01
5.350610664888517665e-01 5.273937188628770034e-01 5.192290699469254145e-01 5.059076129161076407e-01 4.830422610726236576e-01 4.485583176057116317e-01 4.047704609876381920e-01 3.581034510595872966e-01 3.147261165881718448e-01 2.777380196886952146e-01 2.475665825985743085e-01 2.233436304032511421e-01 2.039112345177704899e-01 1.882469335752284811e-01 1.755304278514813743e-01 1.651115412575018260e-01 1.564767612397554297e-01 1.492291812413168439e-01 1.430688978158286828e-01 1.377724599417570195e-01
2.475382890301216221e-01 2.268817057937849435e-01 2.094610379346704687e-01 1.946167926774796664e-01 1.819984521582045933e-01 1.712492546876208666e-01 1.620642422304627017e-01 1.541891720493731577e-01 1.474126141113811239e-01 1.415589445381192357e-01 1.364821541606215660e-01 1.320615367533173323e-01 1.281974145739513959e-01 1.248077363844640741e-01 1.218247535260434250e-01 1.191919225624076262e-01 1.168621504833333852e-01 1.147956178431195490e-01 1.129586324170225031e-01 1.113224520725634714e-01
5.145325235126074759e-01 4.771022681509202723e-01 4.383305393056434740e-01 3.978116207849234365e-01 3.583929721629829368e-01 3.226386982806616066e-01 2.919694836720737041e-01 2.666165257086868245e-01 2.460637219539313358e-01 2.295011674529087164e-01 2.161050329077806864e-01 2.051609331497274979e-01 1.960978864192293170e-01 1.884784084818784400e-01 1.819741822835749256e-01 1.763399771622062018e-01 1.713917825423413865e-01 1.669888984388944730e-01 1.630220053370032840e-01 1.594040149316788280e-01
6.087205437669073183e-01 5.625569655549054193e-01 5.261227178047989117e-01 4.946590139560748667e-01 4.626082448409172265e-01 4.265394894858852148e-01 3.860552346574346871e-01 3.437233174682955972e-01 3.032190526061822045e-01 2.671732850223815792e-01 2.366365075530120488e-01 2.115710431136017255e-01 1.913880944798006523e-01 1.752991424355059280e-01 1.625163092550792610e-01 1.523461904106079567e-01 1.442211338374909113e-01 1.376931214745854837e-01 1.324151654463639749e-01 1.281209681936161249e-01
5.291705311683472246e-01 5.071488185678125760e-01 4.862954249268682250e-01 4.592368117538035421e-01 4.231190180041949356e-01 3.801148117172698515e-01 3.341601149457892328e-01 2.904403982633084746e-01 2.530146396167401446e-01 2.230824954355193901e-01 1.999025615950813517e-01 1.820901965827215474e-01 1.683156398247228902e-01 1.575225311928079575e-01 1.489341431201319232e-01 1.419947044091532107e-01 1.363088153963326610e-01 1.315931998344603837e-01 1.276419347693445172e-01 1.243025872579892194e-01
3.726490763403125794e-01 3.321410826616192913e-01 2.983003629602262730e-01 2.704475671317777552e-01 2.476100260414750565e-01 2.287598229404829986e-01 2.129787578784839708e-01 1.994933078944649274e-01 1.876772186094103623e-01 1.770515694147252461e-01 1.672868141029903166e-01 1.581997986294300107e-01 1.497375066007589350e-01 1.419378627727837794e-01 1.348778549156920414e-01 1.286250936396209077e-01 1.232066882111030326e-01 1.186016320344060598e-01 1.147488787793554399e-01 1.115629061558865986e-01
3.430928859112827856e-01 3.043057466995742200e-01 2.664274462281900901e-01 2.320618835986533735e-01 2.028163069248967165e-01 1.790388490283658096e-01 1.602810411946120339e-01 1.457439967874961384e-01 1.345769908390502811e-01 1.260230910005429861e-01 1.194646260606339189e-01 1.144190348744780344e-01 1.105188808854018073e-01 1.074868155216608945e-01 1.051154564972239247e-01 1.032487541698719757e-01 1.017697375341231197e-01 1.005897664683288867e-01 9.964200755988712743e-02 9.887554403067042030e-02
3.908695513878592265e-01 3.601914261610363877e-01 3.255873536554281800e-01 2.892871896189171954e-01 2.538446982214008774e-01 2.213263298849778848e-01 1.932217554135058912e-01 1.702484516856202501e-01 1.522832510717853360e-01 1.386516427911919924e-01 1.284870620324363721e-01 1.209645456516773299e-01 1.154012576781542482e-01 1.112711586196951374e-01 1.081851058483385974e-01 1.058607891570136350e-01 1.040947354034142402e-01 1.027407865593340797e-01 1.016933439481181312e-01 1.008755033584566307e-01
5.595356381203601126e-01 5.326097195080364832e-01 5.121807403706043482e-01 4.943232223813686099e-01 4.744311385501350786e-01 4.494560365841607785e-01 4.192886062121851665e-01 3.857122915625040838e-01 3.509762657120700236e-01 3.170542118253797392e-01 2.853931498146630719e-01 2.568113509223849400e-01 2.315190594678097069e-01 2.093280451233295036e-01 1.899392901689861968e-01 1.731384451690246296e-01 1.588178629375761319e-01 1.468914252589456626e-01 1.372088225570041731e-01 1.295279697165824528e-01
