4.359945703362427816e-01 3.956421609414974006e-01 3.560475364071317150e-01 3.176621721510309859e-01 2.827946630422957242e-01 2.531883049779571349e-01 2.290261284005828124e-01 2.095908473990857612e-01 1.939794137934222895e-01 1.814205933315679309e-01 1.713222113205120078e-01 1.632227335218340292e-01 1.567418835544958644e-01 1.515566380741074637e-01 1.473941071191802732e-01 1.440287395287305205e-01 1.412801481317728647e-01 1.390059211850166454e-01 1.370966609194874675e-01 1.354685061052441630e-01
6.142411016160622683e-01 5.455054381382251627e-01 4.862884953708950797e-01 4.323747798171098111e-01 3.807203006244162524e-01 3.313785278666244727e-01 2.867700357917510878e-01 2.488338954967548589e-01 2.180786086463149254e-01 1.939198874418048002e-01 1.752064523924718731e-01 1.606930397613638151e-01 1.493203633766370386e-01 1.402892081142818048e-01 1.330264112218355887e-01 1.271246139654613194e-01 1.222884738411084971e-01 1.182972217659698788e-01 1.149811427517852258e-01 1.122072281838336488e-01
4.646530484612958478e-01 4.183230782689497662e-01 3.691804247767140890e-01 3.190198203103500330e-01 2.727650215842004622e-01 2.339643441312364291e-01 2.033089132228633467e-01 1.798604482866358045e-01 1.622141826839652023e-01 1.490084971155738458e-01 1.390953557827742659e-01 1.315781054616672885e-01 1.257913958246353880e-01 1.212558493152027933e-01 1.176317991391988421e-01 1.146794767939718490e-01 1.122287448518909520e-01 1.101577117681154100e-01 1.083781279792310620e-01 1.068251117158797586e-01
4.041366025073429569e-01 3.588470394780586270e-01 3.165821617749686179e-01 2.748761348741936561e-01 2.340885708527639386e-01 1.970489481334516402e-01 1.665555801481241327e-01 1.434776267394772820e-01 1.269573189000948454e-01 1.154556744931323903e-01 1.075061138141609196e-01 1.019810905413760377e-01 9.809144780512724093e-02 9.530643413825601318e-02 9.327421457554009587e-02 9.176073359270958685e-02 9.060926276750251585e-02 8.971361273434012851e-02 8.900098770125623726e-02 8.842073618838185156e-02
3.503363700262616676e-01 3.060155151609842417e-01 2.688659629296774045e-01 2.379681134499014583e-01 2.127135819739123801e-01 1.924440683996363199e-01 1.764061938985833078e-01 1.638305188249796762e-01 1.540057190379593433e-01 1.463174256740603640e-01 1.402626377868000374e-01 1.354468099458608910e-01 1.315688308351673219e-01 1.284023116552270860e-01 1.257783059484791077e-01 1.235706000134814547e-01 1.216844633163418621e-01 1.200484309659805154e-01 1.186084002326242559e-01 1.173229979153256886e-01
4.087327383342199139e-01 3.767326114419847771e-01 3.443361289799213298e-01 3.121373431012034461e-01 2.808721407223492839e-01 2.515520467888563982e-01 2.248016513045877351e-01 2.009331172332167736e-01 1.802621512487530830e-01 1.630113603267818734e-01 1.490958276810124550e-01 1.381337541947141312e-01 1.296039502089843254e-01 1.229878275701776214e-01 1.178396031144075123e-01 1.138038719305768665e-01 1.106077015865594149e-01 1.080453504179604285e-01 1.059631869720760733e-01 1.042465113778598546e-01
4.632038681843914651e-01 4.178841313017619408e-01 3.706884689712023895e-01 3.260264262408864577e-01 2.879451226521632656e-01 2.570732089667581155e-01 2.321425794235653928e-01 2.117246471656107909e-01 1.947840695324976057e-01 1.806463332289604262e-01 1.688555329195514654e-01 1.590626245434395847e-01 1.509662469284376030e-01 1.442933495476609040e-01 1.387978068657685082e-01 1.342636546352878324e-01 1.305071212351322230e-01 1.273761750594712694e-01 1.247473210177850039e-01 1.225215130567084976e-01
4.090008966811001234e-01 3.719746866065543056e-01 3.401948885177262238e-01 3.120824659080244645e-01 2.876422549632843828e-01 2.668609743227716713e-01 2.493286067806184392e-01 2.344938776921480783e-01 2.218215029127895699e-01 2.108319166908040609e-01 2.011011254321783681e-01 1.922536034509539637e-01 1.839663012512028351e-01 1.759945508278906445e-01 1.682134248875081506e-01 1.606395820714533462e-01 1.534012204408645719e-01 1.466652425285428774e-01 1.405639451276511076e-01 1.351572166569530997e-01
7.805670904599401050e-01 6.848959768880757970e-01 5.966879115971027714e-01 5.212998104970492097e-01 4.588645403133705392e-01 4.067910910095088317e-01 3.625180262140929588e-01 3.245661475998349310e-01 2.923115937877446280e-01 2.653564925538375863e-01 2.431842893571593001e-01 2.251431328337639703e-01 2.105392141966149211e-01 1.987160013802349579e-01 1.890983000001870140e-01 1.812056476576253683e-01 1.746503250603564095e-01 1.691265502222813744e-01 1.643971719802357345e-01 1.602814535284414754e-01
5.504568372954963262e-01 4.849431045756682490e-01 4.156688867583580027e-01 3.459852205856941421e-01 2.846068301601678563e-01 2.361374325832730492e-01 2.002886631603178202e-01 1.747518240363115094e-01 1.569344096299755686e-01 1.445949806590215436e-01 1.360093900926312993e-01 1.299425516447081375e-01 1.255508549700607435e-01 1.222729230996264932e-01 1.197408436449688973e-01 1.177138996453140907e-01 1.160343770708641420e-01 1.145982414090394724e-01 1.133362352088442965e-01 1.122015127092163278e-01
6.041111371476836078e-01 5.730298718283119985e-01 5.390482138780815502e-01 5.000899655214743333e-01 4.552141589643724506e-01 4.062815678782590312e-01 3.570999517088057629e-01 3.108199723886718724e-01 2.693728916830878117e-01 2.343789982295129415e-01 2.066217498877085668e-01 1.855718865571543696e-01 1.699293408123776217e-01 1.583149074949324053e-01 1.495998209156096104e-01 1.429518098384141844e-01 1.377804474160075066e-01 1.336712446995079462e-01 1.303336955420672794e-01 1.275628693774342459e-01
5.551617529814393270e-01 5.123537059281807471e-01 4.639747678053243729e-01 4.136464499315479770e-01 3.661436153366230406e-01 3.228720821067690983e-01 2.835677521117031530e-01 2.490864573419094008e-01 2.206935194320976679e-01 1.987269127555191528e-01 1.824864352867007211e-01 1.707672756537794989e-01 1.623514698818326052e-01 1.562400344200432223e-01 1.516990758478641566e-01 1.482171896100044350e-01 1.454478908516466662e-01 1.431583687663078308e-01 1.411924989521503582e-01 1.394445306062698231e-01
4.840941163839306838e-01 4.631903103314107262e-01 4.378126372676342526e-01 4.055043871072120942e-01 3.660043442761525267e-01 3.236705933185294315e-01 2.852226784359663814e-01 2.544171883864328465e-01 2.309688599524088171e-01 2.129682351206429181e-01 1.986518117622472213e-01 1.868189118104055524e-01 1.767343897954560816e-01 1.679700037278235025e-01 1.602801495557650835e-01 1.535178868426010090e-01 1.475832229387015193e-01 1.423940874123945932e-01 1.378717909334227498e-01 1.339367573708295789e-01
4.057909590619965257e-01 3.827342076021795769e-01 3.535996146560637654e-01 3.189892855397738480e-01 2.817710975043155597e-01 2.454197560189640970e-01 2.130960673734079991e-01 1.864281729399226706e-01 1.654481859493535101e-01 1.493014267587568500e-01 1.369458953326102291e-01 1.274713490542490057e-01 1.201614063326269383e-01 1.144717474409844699e-01 1.099955211422638940e-01 1.064318267779890415e-01 1.035588106815703152e-01 1.012127212711493446e-01 9.927245907078031950e-02 9.764782925136387959e-02
4.545194332750907007e-01 4.280702768826563642e-01 4.014302016640612925e-01 3.734085360444259760e-01 3.431852790485572791e-01 3.096698413469312072e-01 2.734735397494205134e-01 2.379885400242540139e-01 2.070355237050080233e-01 1.823972711632086408e-01 1.638085741535178497e-01 1.500864089876995378e-01 1.399602573347510648e-01 1.323933017207309659e-01 1.266264974680962052e-01 1.221296235462068641e-01 1.185392577631864675e-01 1.156063497299328474e-01 1.131597836554283226e-01 1.110803934530122244e-01
4.348924516382976502e-01 3.935948219861591935e-01 3.494630120863439493e-01 3.080115082373231505e-01 2.731675287638313243e-01 2.457828935462021136e-01 2.247802192787639874e-01 2.085853972146287649e-01 1.958688570239610349e-01 1.856909999646813858e-01 1.774133314331993450e-01 1.705899060202545892e-01 1.648958540530656991e-01 1.600873559427782311e-01 1.559777346862029068e-01 1.524228357313404669e-01 1.493110859188618578e-01 1.465551437253060363e-01 1.440867134660038518e-01 1.418522336551541196e-01
5.888683052805209206e-01 5.096743603889626328e-01 4.387316557258600369e-01 3.796002281887922436e-01 3.331324923320062026e-01 2.971797724986514067e-01 2.689271261401063318e-01 2.460213144018780496e-01 2.267786969589906110e-01 2.100771438710307970e-01 1.952055257662868859e-01 1.817459573371496551e-01 1.694903763116872020e-01 1.583694154381919406e-01 1.483860846874267836e-01 1.395568231586730712e-01 1.318729184110270514e-01 1.252836851686151831e-01 1.196996726318684534e-01 1.150057902827029410e-01
6.084256805674521651e-01 5.620253405142466852e-01 5.222531549649511717e-01 4.851855650138168219e-01 4.486115737352520116e-01 4.121698809892404558e-01 3.761960530583746687e-01 3.418366215866262547e-01 3.104455110592562184e-01 2.826238896109498633e-01 2.582863677482600817e-01 2.370859004227531819e-01 2.186344769657807829e-01 2.025859031737945737e-01 1.886537955380388487e-01 1.766020147868221091e-01 1.662351394318102304e-01 1.573872086557821515e-01 1.499037169812072468e-01 1.436262947168142901e-01
4.272692047122836900e-01 3.865518736745429118e-01 3.447417440409253908e-01 3.032520961281261473e-01 2.651796551291581983e-01 2.325636214318001216e-01 2.058865895398281631e-01 1.846088530898214175e-01 1.677670369967859121e-01 1.543687744800399664e-01 1.435745086587405794e-01 1.347421758277414505e-01 1.274052283389210116e-01 1.212328319008520311e-01 1.159917800546463734e-01 1.115147124222858055e-01 1.076783033561514447e-01 1.043870247338782031e-01 1.015633218175207714e-01 9.914194468292407414e-02
5.060211519667552338e-01 4.726929815282255865e-01 4.367074090087044169e-01 3.964300167353013715e-01 3.533125239584205546e-01 3.094851965857938758e-01 2.677984359623678534e-01 2.315668603029962525e-01 2.027746903550905755e-01 1.812091647923807503e-01 1.653945748584123854e-01 1.537332067033639893e-01 1.449731932622944364e-01 1.382398395689665438e-01 1.329425298989372062e-01 1.286835940233140851e-01 1.251930580352200173e-01 1.222853164293337680e-01 1.198315637664927602e-01 1.177407542911532851e-01
4.457823875493931998e-01 4.104266397226637997e-01 3.741340080043301097e-01 3.392428379085322132e-01 3.074010963208275160e-01 2.790626921536750182e-01 2.539105168526293865e-01 2.314044060422747739e-01 2.111712597607402209e-01 1.931058703776216134e-01 1.772521318495273723e-01 1.636348293209448357e-01 1.521654278365895119e-01 1.426423507323488493e-01 1.347983666788786783e-01 1.283523808745667405e-01 1.230440046172589091e-01 1.186496678553521644e-01 1.149860805738717323e-01 1.119063295284286191e-01
4.892199254079468984e-01 4.498538368358276918e-01 4.051116214413195693e-01 3.571737063303589976e-01 3.102091525308787734e-01 2.671570261009037495e-01 2.299550070986151606e-01 2.000389466807246108e-01 1.776487950235605129e-01 1.617366134002804767e-01 1.506767631322145362e-01 1.429481650143861748e-01 1.374109250307083141e-01 1.332987188547849755e-01 1.301219791918993007e-01 1.275726521760225385e-01 1.254562150686979183e-01 1.236479865759611135e-01 1.220667744427919449e-01 1.206579019874334385e-01
3.380565039545763151e-01 3.031531235825968840e-01 2.723721125310840097e-01 2.439859282653196737e-01 2.176501976694635299e-01 1.940065548680467988e-01 1.737720695460666376e-01 1.573213082987126588e-01 1.445451925074303368e-01 1.349468903125671249e-01 1.278635807964019488e-01 1.226552156778052405e-01 1.187960457778535761e-01 1.158916621177922962e-01 1.136600026837550070e-01 1.119044026581104828e-01 1.104889208602253398e-01 1.093196426460053827e-01 1.083310859696939576e-01 1.074773621128406326e-01
4.022568305307251402e-01 3.542971242786734365e-01 3.105076162854675248e-01 2.731806586828315897e-01 2.421854225330753174e-01 2.163429964848910536e-01 1.945930659511941607e-01 1.762084161792154269e-01 1.607426242181100029e-01 1.478929815789150892e-01 1.373682965314037552e-01 1.288443251372882459e-01 1.219850885454070583e-01 1.164756142413170825e-01 1.120400295166473353e-01 1.084474228867475243e-01 1.055104455954278819e-01 1.030807980262034157e-01 1.010429087928787356e-01 9.930812829217756932e-02
2.544934919575462251e-01 2.308029544763849084e-01 2.114580574969295301e-01 1.951473270013229788e-01 1.811155792430508837e-01 1.689488890115171671e-01 1.584740867407526954e-01 1.495869259169557985e-01 1.421576897316845223e-01 1.360145478701451915e-01 1.309623271482996676e-01 1.268070371466455959e-01 1.233741478068986902e-01 1.205156341637484696e-01 1.181114947475725846e-01 1.160667699255282098e-01 1.143074710661312610e-01 1.127762719232123373e-01 1.114292464451864390e-01 1.102319402957800815e-01
5.700219544449374176e-01 5.245813197973074882e-01 4.753521282907604562e-01 4.201225084097677809e-01 3.632430325573386409e-01 3.101279708295623938e-01 2.642155384310899691e-01 2.269866601278772711e-01 1.983843844015791558e-01 1.772628111483936786e-01 1.620066756851156198e-01 1.510599180045392176e-01 1.431697554160928088e-01 1.374157788555385173e-01 1.331509552020725129e-01 1.299293584192491857e-01 1.274447645222608061e-01 1.254864664329215784e-01 1.239083514767844452e-01 1.226079902605852062e-01
6.121370506789503008e-01 5.271500982290728832e-01 4.451045809025345190e-01 3.724566764701375821e-01 3.122227951484092268e-01 2.641088171457977030e-01 2.266505726592731584e-01 1.980104849315830473e-01 1.763477704732213103e-01 1.600415255688130978e-01 1.477685672324150767e-01 1.384973446512594852e-01 1.314468920719809863e-01 1.260372527781873919e-01 1.218420611694455147e-01 1.185499117802828600e-01 1.159332188684493309e-01 1.138251643860712647e-01 1.121030426630750254e-01 1.106756439269520331e-01
5.108374699194462298e-01 4.784719538915669368e-01 4.499062915658578188e-01 4.219629107904620535e-01 3.918805036693811528e-01 3.574780479539185762e-01 3.176481380546465338e-01 2.749068931117653602e-01 2.348769465135410461e-01 2.020259087719023239e-01 1.774163910094648522e-01 1.598134335409849838e-01 1.473790863109752658e-01 1.385298261186108104e-01 1.321205427590757542e-01 1.273768039094284044e-01 1.237851564213633543e-01 1.210042747762054144e-01 1.188044032314792275e-01 1.170283178426325260e-01
3.174239313672296836e-01 2.782932969054672800e-01 2.407786051787115800e-01 2.067120455997064621e-01 1.784683137713000134e-01 1.567571014957502562e-01 1.408282491425052185e-01 1.293859844910912327e-01 1.211991261993534824e-01 1.153045201080385579e-01 1.110075178183615174e-01 1.078236616367939799e-01 1.054195746820187213e-01 1.035659844119800194e-01 1.021053375233896138e-01 1.009280581730126886e-01 9.995824528541560894e-02 9.914236242135984756e-02 9.844266774839524614e-02 9.783207434775249844e-02
4.555787573420366221e-01 4.203578712954810226e-01 3.796517956523530191e-01 3.356601037547807254e-01 2.936475152551702439e-01 2.566707167599815986e-01 2.251200776809719195e-01 1.986418213925207898e-01 1.771111069641210511e-01 1.602877449247307462e-01 1.475438034570106527e-01 1.380408997957419948e-01 1.309723271477196138e-01 1.256785412248427880e-01 1.216644368567995071e-01 1.185730179577967613e-01 1.161511212973528051e-01 1.142197098902397595e-01 1.126514064511911772e-01 1.113551289117458570e-01
5.458073631538655768e-01 5.022370314606451336e-01 4.600493003647960766e-01 4.186333559595998288e-01 3.775952139499668125e-01 3.368844722972062500e-01 2.973311272578307851e-01 2.605360053867479819e-01 2.282932702601828956e-01 2.017329121535294811e-01 1.809352114336797990e-01 1.651926498614102456e-01 1.534770323519114854e-01 1.447857817282783843e-01 1.382934808918798719e-01 1.333785500335943619e-01 1.295932861870142117e-01 1.266219874791391919e-01 1.242431366029723011e-01 1.223010051306300805e-01
6.527823452527536929e-01 5.514305078380394853e-01 4.686731294176115781e-01 4.023214709442970438e-01 3.485839052623828094e-01 3.055857937934661206e-01 2.720915193797555087e-01 2.462973312032409046e-01 2.262426294537726867e-01 2.103345306229311984e-01 1.974586722464300725e-01 1.868629577429965216e-01 1.780230702343396920e-01 1.705546188843436450e-01 1.641660806885920365e-01 1.586333579174242780e-01 1.537844284530729133e-01 1.494875748269259841e-01 1.456428775191307146e-01 1.421741838171146910e-01
4.467395881092579568e-01 4.204649935242196213e-01 3.891675491328351333e-01 3.489095034729689515e-01 3.027156029082834765e-01 2.579112841794267141e-01 2.194746606750413720e-01 1.892596722673624832e-01 1.669440842419862847e-01 1.510294878948479913e-01 1.397886386048048657e-01 1.317753919865936041e-01 1.259415093157440491e-01 1.215764852892607384e-01 1.182119736541062532e-01 1.155406675860285726e-01 1.133595052082091575e-01 1.115331143978983142e-01 1.099692655447870454e-01 1.086043261270970145e-01
5.156908307171442774e-01 4.638925813227615658e-01 4.149061258882283942e-01 3.699049283238127761e-01 3.289426891552284515e-01 2.918885541707277320e-01 2.589858627691865034e-01 2.306479885149747000e-01 2.070086360909044743e-01 1.877616160456091199e-01 1.723065269552171153e-01 1.599553897231817123e-01 1.500670706667006082e-01 1.421056790463626485e-01 1.356472753407433618e-01 1.303650740347802595e-01 1.260089209675788746e-01 1.223871943075209856e-01 1.193513244995847294e-01 1.167855664668604743e-01
4.477159165403281627e-01 3.890085885204166427e-01 3.356146910635288694e-01 2.892001248775886713e-01 2.510656148550333699e-01 2.208777164958883044e-01 1.974140582204563510e-01 1.793920410700957369e-01 1.656702026259154192e-01 1.552597162668826192e-01 1.473409684826037791e-01 1.412682533549377561e-01 1.365533076549763913e-01 1.328361475974088601e-01 1.298555679233686644e-01 1.274228899511217483e-01 1.254022027445171328e-01 1.236949922029089016e-01 1.222295624393791580e-01 1.209532091664811959e-01
5.195533087453076959e-01 4.666623027483001174e-01 4.092330311716068647e-01 3.478009556437609562e-01 2.859226082469467634e-01 2.325803982597264563e-01 1.929254134026109624e-01 1.658511522752451062e-01 1.478617303635428593e-01 1.358120384691164917e-01 1.275401583937127714e-01 1.216837508028675019e-01 1.174004305097878370e-01 1.141660321220660940e-01 1.116485842569818476e-01 1.096330143270824869e-01 1.079768094520841271e-01 1.065836718661739707e-01 1.053869947863859124e-01 1.043398880946915658e-01
4.269048174726776668e-01 3.668038561334833747e-01 3.158000115118920759e-01 2.730196461360901439e-01 2.383719799388200056e-01 2.110638765990734134e-01 1.898696013074368250e-01 1.735000236611813351e-01 1.608250912185758275e-01 1.509545652894303258e-01 1.432184318825602543e-01 1.371154434233903818e-01 1.322664108639582947e-01 1.283821141486987394e-01 1.252403583517298080e-01 1.226714305859059051e-01 1.205454214219935233e-01 1.187633211282081852e-01 1.172497226926498132e-01 1.159472870198078459e-01
3.964352981261072273e-01 3.428110141848446646e-01 2.969967583590187310e-01 2.594867184967734053e-01 2.297995432233437829e-01 2.068046820349991322e-01 1.891632600501179651e-01 1.756360829807817880e-01 1.652147891279309999e-01 1.571280084270983979e-01 1.508003716357052271e-01 1.458038056548684736e-01 1.418196735717356105e-01 1.386093961913138495e-01 1.359937480464577797e-01 1.338375314418226436e-01 1.320381401758640993e-01 1.305179930664598920e-01 1.292174786329269298e-01 1.280910321231931437e-01
4.690085550234573408e-01 4.342358139867428801e-01 3.971583971771178723e-01 3.571085230598691762e-01 3.153942200681194574e-01 2.745696295599918679e-01 2.373756471462547812e-01 2.055242148775141553e-01 1.795163736440008595e-01 1.590114703655854111e-01 1.432431348064295562e-01 1.312994752110535068e-01 1.223047760247550353e-01 1.155172826862899821e-01 1.103566658115778393e-01 1.063892935060721384e-01 1.032991264948941584e-01 1.008582553950691379e-01 9.890245794817928426e-02 9.731259723170523901e-02
6.371334006015285656e-01 5.625642257187842832e-01 4.954017570482451838e-01 4.331005872493392528e-01 3.757985652074433136e-01 3.249259089207635065e-01 2.817306783067215492e-01 2.466787191330331586e-01 2.190597668469854431e-01 1.974231450660227094e-01 1.802682718419237051e-01 1.664073939123591195e-01 1.550101874795052348e-01 1.455159567520604436e-01 1.375388709976687052e-01 1.307997885216900524e-01 1.250859496751218214e-01 1.202279748003638876e-01 1.160873938362419755e-01 1.125493745921994498e-01
4.869939594703294183e-01 4.589548421672839384e-01 4.222096421144791445e-01 3.657574789615000710e-01 2.966686508807515610e-01 2.376127983119658837e-01 1.974093400013225696e-01 1.724375584023073449e-01 1.570568343705963377e-01 1.472918361745541860e-01 1.408078887907322496e-01 1.362876702309586130e-01 1.329803855135105461e-01 1.304468391882255551e-01 1.284216469503007829e-01 1.267398226447403464e-01 1.252951933920849192e-01 1.240184598613996020e-01 1.228628132608719226e-01 1.217963484488427672e-01
4.893416905716310161e-01 4.541523744279737929e-01 4.196400868800310713e-01 3.860983724275138251e-01 3.532624196773395120e-01 3.218777996348217152e-01 2.933159195724874824e-01 2.681553857587277712e-01 2.459285105764865975e-01 2.257458927668631044e-01 2.070119340717792578e-01 1.897332342341542244e-01 1.743034560419619017e-01 1.610703910514712234e-01 1.500853615999221680e-01 1.411333692446350985e-01 1.338774370588362295e-01 1.279716985300183296e-01 1.231147703062742960e-01 1.190648541413247552e-01
5.040067532391367955e-01 4.796519366867687539e-01 4.532151590583453071e-01 4.255003731571923575e-01 3.991616901471570777e-01 3.757325516803393661e-01 3.544424616369360459e-01 3.324124553485308109e-01 3.061044499300624167e-01 2.751595046210218443e-01 2.436868890293408252e-01 2.161090695299208164e-01 1.942073205765336708e-01 1.776363744400441536e-01 1.652611325867474057e-01 1.559324584528803959e-01 1.487408157810568843e-01 1.430363180115818977e-01 1.383751410059630982e-01 1.344601198844611600e-01
5.278214945343643327e-01 4.585956371754321137e-01 3.909392290715447693e-01 3.287176854777499324e-01 2.767763415141962224e-01 2.367132027074694556e-01 2.071696688048541568e-01 1.858926506713032833e-01 1.707117645256221172e-01 1.598415905982255858e-01 1.519445342384278808e-01 1.460787072218954485e-01 1.416045225784182682e-01 1.380944221839308650e-01 1.352638272754848048e-01 1.329216104000806864e-01 1.309380416199564801e-01 1.292239412479102567e-01 1.277166546881198794e-01 1.263712725974619477e-01
5.406035413905919684e-01 5.213837414506997670e-01 4.927020476045390618e-01 4.470856621650091123e-01 3.860596547845489002e-01 3.206126265090278871e-01 2.638874581118579865e-01 2.219141035373831949e-01 1.933223762790642342e-01 1.742740148113454124e-01 1.614268842323144659e-01 1.525158784175801030e-01 1.461208981279196462e-01 1.413633831875631686e-01 1.376948754979093748e-01 1.347658595187385677e-01 1.323492674406588909e-01 1.302937907516024951e-01 1.284974036762287219e-01 1.268899884342681583e-01
3.966610445026890197e-01 3.635011578148077960e-01 3.317164182395208605e-01 3.022712100131320634e-01 2.759229807415977120e-01 2.528305026993621363e-01 2.328641622461145866e-01 2.157372186356224242e-01 2.010623315072734840e-01 1.884805392074849761e-01 1.777780528036692065e-01 1.688281653372541713e-01 1.614641039658477051e-01 1.554502504850825140e-01 1.505261717757093720e-01 1.464520253351656587e-01 1.430306884566380221e-01 1.401092601026175666e-01 1.375731104097212554e-01 1.353372127108741496e-01
5.800187690133634666e-01 5.415445329430803589e-01 5.050051549341878498e-01 4.703501430340111256e-01 4.368119070620741784e-01 4.041405820497311896e-01 3.726455107788206322e-01 3.427883711606409811e-01 3.151325003400961555e-01 2.901618766095441782e-01 2.680487450175496611e-01 2.486295911585602869e-01 2.315469338648381281e-01 2.164084530388691863e-01 2.028952175029553606e-01 1.908022191157942860e-01 1.800206129854632353e-01 1.704882738794549490e-01 1.621427672376739848e-01 1.548976132913958415e-01
3.956081233627628535e-01 3.639973900395853112e-01 3.317145086269011056e-01 2.995900343988137093e-01 2.680295820097697290e-01 2.381006628505929201e-01 2.116119556416378999e-01 1.897858616890425731e-01 1.726814856241253304e-01 1.596239809918915953e-01 1.497531252913177069e-01 1.422957208123989403e-01 1.366353660530876257e-01 1.323047687474172562e-01 1.289577992504928328e-01 1.263404223765246526e-01 1.242672773450613083e-01 1.226026597199961488e-01 1.212471467442810535e-01 1.201272917934693429e-01
4.912961114590507217e-01 4.554355252409914012e-01 4.174903891261419475e-01 3.756444811575693210e-01 3.286528781878661487e-01 2.800890782142186897e-01 2.360814724768556527e-01 2.002074045106837785e-01 1.729004130075176837e-01 1.528981097160112823e-01 1.384787340921093401e-01 1.280838622250303205e-01 1.205154650156328028e-01 1.149209919567874688e-01 1.107130664344731508e-01 1.074907869514754588e-01 1.049792938608516135e-01 1.029880486500587694e-01 1.013833818561306610e-01 1.000697775671324091e-01
5.873144873521960463e-01 5.385586849669925513e-01 4.968842320421299474e-01 4.561491603222422864e-01 4.119937938395014654e-01 3.654139445230834005e-01 3.201193883332598689e-01 2.793342243181541340e-01 2.448840194055810493e-01 2.170659061009064250e-01 1.951500920718535759e-01 1.780638685077428895e-01 1.647602257598191622e-01 1.543432500213384739e-01 1.460977283399552129e-01 1.394788137357682034e-01 1.340829008445143800e-01 1.296160225104540653e-01 1.258647454995661941e-01 1.226735801994800618e-01
