5.490247177877245477e-01 4.788566513947078995e-01 3.824306856011662759e-01 2.782523145029699441e-01 2.031217158613665696e-01 1.599817212077147555e-01 1.368816664251045201e-01 1.243158131942982414e-01 1.171541086099750772e-01 1.128522034984780487e-01 1.101364605526032325e-01 1.083430174678505914e-01 1.071098886965773933e-01 1.062311038916232131e-01 1.055840428890951477e-01 1.050930001400411096e-01 1.047098711933358572e-01 1.044030470954021433e-01 1.041511660750256835e-01 1.039392875788325843e-01
6.469783881118928992e-01 5.508674832098040541e-01 4.854375592544966089e-01 4.272648966911947177e-01 3.669150240968155896e-01 3.065737826551048761e-01 2.530822344071930186e-01 2.108348423292045470e-01 1.800244838142680270e-01 1.585539414419326887e-01 1.439051655586808809e-01 1.339698122069239716e-01 1.272104631224647286e-01 1.225726191559806527e-01 1.193513257568702135e-01 1.170796961802989256e-01 1.154483373463153772e-01 1.142509351763874303e-01 1.133495870325714333e-01 1.126514397002756629e-01
3.401586889576719841e-01 2.550819997252589122e-01 1.920866408177243911e-01 1.529033413717343082e-01 1.308417201328848090e-01 1.188028679612307265e-01 1.121758366879657826e-01 1.084249564837898583e-01 1.062244776761508552e-01 1.048807187826605453e-01 1.040240816486766584e-01 1.034522237040800957e-01 1.030511841934639988e-01 1.027554933726787523e-01 1.025265181425493166e-01 1.023406909871846376e-01 1.021838224359089553e-01 1.020467727744835407e-01 1.019236391130834835e-01 1.018107120975037111e-01
6.518528704272467111e-01 5.622707367395014533e-01 4.827139925564915557e-01 4.131833197054561313e-01 3.534024757855149801e-01 3.028705567631550521e-01 2.611298800146937271e-01 2.277221384934455251e-01 2.018779406842077240e-01 1.824401877296622787e-01 1.680757888825610280e-01 1.575295300991274294e-01 1.497644081641919811e-01 1.439888078579679154e-01 1.396271203737705913e-01 1.362702326523139995e-01 1.336316223675385051e-01 1.315106049831956669e-01 1.297663809219375131e-01 1.282999031478539165e-01
6.672474268850056012e-01 5.237791932099696846e-01 3.936676395647555338e-01 2.906035198729660096e-01 2.198873777955304698e-01 1.762542494172430474e-01 1.504946842065692236e-01 1.352900015974591863e-01 1.261185362466494542e-01 1.204167272682343526e-01 1.167538187636819186e-01 1.143219106883043429e-01 1.126532779994886407e-01 1.114702085754834121e-01 1.106032994564156990e-01 1.099470588716212616e-01 1.094338663585949639e-01 1.090198229753878006e-01 1.086756483209319474e-01 1.083814999146852642e-01
3.983017303211818239e-01 3.188762467364949504e-01 2.532281553019856690e-01 2.058608788024821612e-01 1.742022980154752099e-01 1.534936259316236895e-01 1.398270592884364172e-01 1.306153344962513174e-01 1.242526875308249124e-01 1.197492501917076929e-01 1.164854312986790263e-01 1.140654330919824155e-01 1.122302148786275267e-01 1.108072754938984883e-01 1.096792564531551828e-01 1.087648158946794286e-01 1.080071126593625808e-01 1.073658455844250237e-01 1.068119755161342221e-01 1.063242375212053031e-01
1.513148804735392261e+00 1.358892304580658683e+00 1.175421236014494664e+00 9.732549410430965109e-01 7.797860133204039812e-01 6.170506116652541007e-01 4.919330344403365918e-01 4.003005753210163720e-01 3.341708543637650908e-01 2.860949626596993589e-01 2.504969818851350283e-01 2.235728534012923763e-01 2.028185096645756802e-01 1.865847521854448188e-01 1.737542775331530620e-01 1.635395079245790806e-01 1.553604989591985952e-01 1.487759066373109951e-01 1.434426772361621361e-01 1.390926690679043509e-01
2.538356617682439031e-01 2.022886701277457067e-01 1.669117629623137478e-01 1.441130369593884020e-01 1.297669268080426375e-01 1.206791873922338776e-01 1.148091442824807074e-01 1.109237743145786159e-01 1.082834017230197843e-01 1.064388667466118904e-01 1.051126003474928405e-01 1.041297626355662947e-01 1.033784911804832563e-01 1.027857838897034554e-01 1.023036087304353692e-01 1.018996734672691640e-01 1.015522516076453052e-01 1.012464219797402643e-01 1.009721670765429680e-01 1.007222719321725912e-01
2.766378086130134584e-01 2.363158871553180385e-01 2.032746290840441450e-01 1.778163126041181485e-01 1.593886390398256414e-01 1.465615239692851790e-01 1.377698321035131790e-01 1.317213946068659380e-01 1.274896402284503016e-01 1.244538676925003584e-01 1.222106844978406992e-01 1.205006118584424218e-01 1.191557443048805037e-01 1.180664869723841576e-01 1.171604276262223771e-01 1.163889270229265110e-01 1.157190226670354594e-01 1.151272802148014252e-01 1.145978878997266359e-01 1.141187003813683987e-01
4.618073785552405663e-01 3.821566092461580189e-01 3.191791238126643337e-01 2.696767037693643676e-01 2.306869839993305471e-01 2.001164964001100055e-01 1.764987352484604366e-01 1.585834920298657413e-01 1.451989960800346979e-01 1.352906882733805050e-01 1.279790686712976855e-01 1.225746197635180640e-01 1.185578452439221969e-01 1.155473812813511414e-01 1.132668978902802298e-01 1.115182045352412360e-01 1.101589812160818777e-01 1.090870395419187844e-01 1.082290977700176848e-01 1.075323697282146856e-01
4.891293198185212576e-01 3.742944054795225295e-01 2.915178900458704203e-01 2.337535294695408106e-01 1.937959780744858973e-01 1.664422297876444745e-01 1.479317927756346740e-01 1.354574067471548959e-01 1.270026926213176921e-01 1.211949979589553583e-01 1.171329956158297103e-01 1.142341199127258761e-01 1.121220326481852658e-01 1.105523836909560464e-01 1.093633169849635989e-01 1.084463263046927806e-01 1.077271585859125441e-01 1.071538735122885555e-01 1.066898437670897731e-01 1.063086059724446392e-01
4.307712290747440220e-01 3.367928681045305184e-01 2.663856410606422198e-01 2.175037518527824509e-01 1.845897276322739367e-01 1.624743285006843563e-01 1.475089466641656966e-01 1.372838570573367278e-01 1.302192837907932832e-01 1.252746807341463819e-01 1.217626307136379232e-01 1.192264605825766877e-01 1.173617210006341338e-01 1.159630681434646315e-01 1.148916880111209987e-01 1.140522681968286628e-01 1.133791757794097022e-01 1.128263947181403631e-01 1.123616404691711035e-01 1.119620095985010277e-01
1.872368966946669488e-01 1.536970063498790673e-01 1.353497007377882366e-01 1.251461157847370553e-01 1.193432540923822643e-01 1.159154597646556845e-01 1.138024488033261145e-01 1.124399949575308755e-01 1.115188679832499474e-01 1.108644436346366974e-01 1.103749623184557965e-01 1.099900117726065191e-01 1.096724725596141120e-01 1.093995054136030348e-01 1.091568063595332178e-01 1.089348354213870995e-01 1.087279753864277138e-01 1.085322017874568723e-01 1.083448989363387238e-01 1.081645234150346302e-01
4.616899453427407707e-01 3.920669583537549907e-01 3.316174225588838231e-01 2.824409092467976556e-01 2.444640538515523154e-01 2.157608550530858427e-01 1.941083890735171846e-01 1.776650898309890259e-01 1.650557784410193463e-01 1.552793059684336174e-01 1.476100808009505327e-01 1.415192321455106261e-01 1.366208814783021752e-01 1.326312284218147397e-01 1.293402030086144849e-01 1.265915640303865164e-01 1.242684469022788118e-01 1.222826940775848942e-01 1.205674394872039562e-01 1.190722605283372065e-01
3.988780719734586477e-01 3.242215910660888878e-01 2.551821091025158195e-01 2.024887528107501555e-01 1.687721824832260631e-01 1.488266398385167111e-01 1.370929090492427338e-01 1.299584618117660406e-01 1.253965776041150171e-01 1.223064053151756564e-01 1.200839849933981879e-01 1.183894354756921535e-01 1.170256699621677332e-01 1.158757779654115416e-01 1.148686603363603398e-01 1.139600175712257579e-01 1.131222394015640037e-01 1.123375675454735823e-01 1.115944958291947842e-01 1.108857312146574320e-01
4.197115857109020021e-01 3.440593734556751104e-01 2.877604313954361670e-01 2.435053723343298671e-01 2.111723964789416763e-01 1.889136387640610315e-01 1.738581059558782782e-01 1.635640228592092071e-01 1.563456764328293447e-01 1.511238495644647573e-01 1.472207985247951101e-01 1.442077127366792333e-01 1.418089123605750512e-01 1.398435343196615666e-01 1.381905990093946490e-01 1.367670065059792273e-01 1.355150512501131776e-01 1.343937562662176899e-01 1.333740039716940495e-01 1.324341800494585053e-01
5.619954297355707062e-01 4.488166443178486786e-01 3.639044899126747667e-01 3.014750702948367778e-01 2.550409054044212032e-01 2.199653494237281959e-01 1.934408637270098597e-01 1.736072670994326383e-01 1.589820174081250925e-01 1.482977892039343826e-01 1.405080139217898261e-01 1.347996429214254055e-01 1.305707705719396372e-01 1.273906754655763640e-01 1.249557660240679935e-01 1.230539242364466213e-01 1.215362129779532507e-01 1.202982332883402727e-01 1.192662360146641704e-01 1.183875213097780876e-01
4.863764171914783940e-01 3.900411703479039760e-01 3.055384183915157426e-01 2.414765150238133706e-01 1.982748386010644015e-01 1.707831968029495384e-01 1.534452562453225144e-01 1.423084235563874256e-01 1.349431003350764491e-01 1.299155849590897527e-01 1.263759482279419866e-01 1.238100935891270626e-01 1.218972717598080652e-01 1.204331132583320169e-01 1.192832382302731337e-01 1.183578814286738584e-01 1.175957674998790031e-01 1.169546788278967159e-01 1.164044929575175080e-01 1.159241573605686443e-01
3.691066820934543191e-01 2.943936042169570944e-01 2.400898562036309081e-01 2.015552943554939636e-01 1.759423120494466308e-01 1.592650900478474740e-01 1.483006406296044632e-01 1.409055043570697219e-01 1.357479728525504414e-01 1.320139790792018153e-01 1.292040230007842072e-01 1.270065400190651395e-01 1.252248282451182693e-01 1.237326471554115459e-01 1.224478144338354418e-01 1.213157326122745877e-01 1.203000971861183654e-01 1.193763712421059553e-01 1.185272848652675765e-01 1.177407096792012497e-01
9.253423175871284823e-01 7.901572866786591431e-01 6.629359371884493424e-01 5.410928719963703504e-01 4.328827480846393905e-01 3.461433443415808386e-01 2.809614635929756354e-01 2.334796675739562455e-01 1.995476926807532303e-01 1.755698661352744216e-01 1.586457271939161751e-01 1.466062895809591149e-01 1.379188006066760785e-01 1.315339659775509040e-01 1.267460073687106947e-01 1.230808505273307679e-01 1.202188672305783274e-01 1.179425955296028450e-01 1.161018624517601017e-01 1.145911472197622127e-01
5.622030688801896714e-01 4.768053717326074525e-01 3.992679345697979221e-01 3.295121714961715131e-01 2.762022988381795385e-01 2.394650306599214740e-01 2.146373441372998181e-01 1.973535050801001611e-01 1.847397020552307423e-01 1.750980243599042363e-01 1.674472464667633165e-01 1.612110492866486444e-01 1.560348742455243964e-01 1.516869426332414228e-01 1.480024048127233927e-01 1.448557822220027380e-01 1.421462072245776587e-01 1.397902240930125051e-01 1.377190018678083883e-01 1.358752619591541699e-01
5.013832360054584214e-01 4.235958201931498412e-01 3.586439385337871766e-01 3.052180803257215080e-01 2.620995062084307548e-01 2.284652183100115419e-01 2.031299577906611475e-01 1.844251026395431758e-01 1.706597393444826694e-01 1.604390233216690942e-01 1.527289384260075156e-01 1.468001042411196944e-01 1.421474182087695270e-01 1.384211968025192696e-01 1.353782290214439743e-01 1.328476397023768962e-01 1.307074772665509921e-01 1.288697249244432907e-01 1.272696542652556606e-01 1.258592329174280100e-01
2.048313090283045423e-01 1.671302495576674207e-01 1.446914231864502576e-01 1.310150200227508388e-01 1.224543446808820657e-01 1.169057380792219158e-01 1.131829736579675200e-01 1.106035087874624873e-01 1.087622698233462887e-01 1.074111166864167854e-01 1.063930552895180903e-01 1.056062477512750841e-01 1.049827746895607566e-01 1.044766784517560110e-01 1.040561909577809308e-01 1.036988888739142634e-01 1.033889009815175120e-01 1.031148587155621549e-01 1.028683650586754150e-01 1.026433579204604069e-01
7.365689093429591550e-01 6.177833953834488412e-01 4.864333264134256818e-01 3.692646115696173736e-01 2.835703747429942911e-01 2.274435334691224941e-01 1.917667925734349299e-01 1.687383154678900599e-01 1.534058208976148419e-01 1.428589045604894692e-01 1.353813860707305250e-01 1.299328296047730091e-01 1.258624886497977935e-01 1.227517037780762599e-01 1.203239770720210822e-01 1.183918901911238247e-01 1.168261786640141520e-01 1.155353789487708061e-01 1.144540345055065633e-01 1.135341466465979443e-01
7.064380254986463159e-01 5.595805037068203314e-01 4.353246192750521160e-01 3.386112481085546966e-01 2.681654552445252304e-01 2.189869987292854536e-01 1.853931921870025645e-01 1.625694568614562685e-01 1.469715886206793831e-01 1.361764002801101048e-01 1.285822045180248230e-01 1.231433228828700543e-01 1.191748780738612346e-01 1.162251337760972086e-01 1.139916968051693374e-01 1.122692258522147296e-01 1.109162298066075913e-01 1.098341776925371993e-01 1.089528955347486838e-01 1.082227779456297889e-01
5.008516930660698030e-01 4.242159422969416505e-01 3.637405874338401346e-01 3.149571021532756032e-01 2.773340435983118191e-01 2.491959757963195521e-01 2.282112624129513379e-01 2.123467182018794197e-01 2.001699036033824097e-01 1.907517649047076602e-01 1.834521423000842200e-01 1.777712942473590463e-01 1.732980143651366156e-01 1.697045928705483708e-01 1.667401229962706677e-01 1.642203536257147711e-01 1.620146610215306149e-01 1.600319594237953336e-01 1.582097760681062948e-01 1.565062412992119789e-01
5.176739351472974260e-01 4.221400001847359640e-01 3.444985265629839088e-01 2.841854608096036627e-01 2.386288896262239168e-01 2.047581451098085259e-01 1.797971704778683621e-01 1.614803712130447044e-01 1.480469119759800500e-01 1.381669185188366122e-01 1.308581970981322340e-01 1.254066423047333900e-01 1.212986804335378088e-01 1.181667350837960900e-01 1.157482572225853740e-01 1.138550119195133464e-01 1.123514199489727555e-01 1.111395730637013968e-01 1.101477292412891967e-01 1.093235537130385626e-01
2.457740768045187096e-01 2.238770896941423283e-01 2.082822915678843867e-01 1.967147408565506350e-01 1.880849501537159019e-01 1.815232132561504785e-01 1.764024787954986129e-01 1.722875760868191608e-01 1.688782330229878503e-01 1.659637585002929072e-01 1.633935290947556573e-01 1.610569633543491308e-01 1.588708696607500359e-01 1.567729763593524728e-01 1.547187317069619872e-01 1.526808603573590606e-01 1.506497529428452165e-01 1.486341406218707473e-01 1.466579448338597991e-01 1.447537377756089039e-01
3.005608185991149872e-01 2.465737861965817401e-01 2.074942576711691911e-01 1.797027745098614682e-01 1.602445657947100810e-01 1.466495261678937845e-01 1.370831277756951738e-01 1.302601474919356517e-01 1.253092937357723757e-01 1.216486092191189500e-01 1.188883487856946947e-01 1.167672745371237386e-01 1.151067372201941968e-01 1.137836030870676002e-01 1.127113869460299594e-01 1.118287577410228550e-01 1.110914952773600778e-01 1.104670845437794868e-01 1.099315759423188932e-01 1.094668270647525810e-01
5.864203782904154894e-01 4.890517546098271939e-01 3.897522300704258646e-01 2.999977606017864562e-01 2.310992026230087593e-01 1.854036847158568035e-01 1.574769645696506015e-01 1.407263714534928989e-01 1.305032482137903627e-01 1.240595494984882002e-01 1.198457989783491967e-01 1.169849588698707588e-01 1.149694104737136457e-01 1.134979789983481119e-01 1.123861983488313870e-01 1.115186912938952446e-01 1.108208715636283120e-01 1.102438593911938408e-01 1.097548331273719702e-01 1.093313191283959845e-01
2.520602665981278023e-01 2.298103164497297124e-01 2.130634172051213693e-01 1.994371737423352997e-01 1.880228031566366642e-01 1.782655372307635766e-01 1.698023436265066188e-01 1.623876259895041529e-01 1.558485372201539598e-01 1.500602991692721877e-01 1.449270222731866009e-01 1.403706621611490735e-01 1.363251434778794680e-01 1.327328018774278362e-01 1.295417088433168940e-01 1.267058088560588658e-01 1.241837448696605922e-01 1.219382487842813195e-01 1.199364074761979232e-01 1.181487808725796701e-01
5.429628097076784066e-01 4.797628320737294394e-01 4.256272399644512872e-01 3.810280270335559272e-01 3.446615364520767000e-01 3.142805951021273581e-01 2.880837902322946342e-01 2.649427448801680018e-01 2.441933558293385431e-01 2.254506683629006192e-01 2.085317299375310518e-01 1.934061753330752198e-01 1.801182868657633662e-01 1.686967650894075632e-01 1.590943995630368646e-01 1.511751625500619423e-01 1.447383875586092383e-01 1.395548043865710575e-01 1.353983557317405828e-01 1.320663406234234560e-01
8.198111533096562598e-01 6.670681017756578957e-01 5.495127137401141226e-01 4.617755876138107674e-01 3.940877586716975411e-01 3.376387705659726901e-01 2.884590803560263539e-01 2.468431686551775806e-01 2.136173237325328933e-01 1.882625876811107324e-01 1.693172530387528352e-01 1.552025937269622125e-01 1.446205255627864839e-01 1.366099510804633654e-01 1.304817481961799697e-01 1.257431636657565799e-01 1.220405375189147906e-01 1.191171742475126000e-01 1.167852912703529061e-01 1.149058930156752478e-01
6.715639515934708204e-01 5.673115222487831177e-01 4.823695553408470227e-01 4.030859948980060059e-01 3.261048947573726986e-01 2.612218180923082667e-01 2.144402051215001936e-01 1.834054226317312075e-01 1.633065657279803295e-01 1.502272359916241862e-01 1.415771165851038016e-01 1.357362256641499731e-01 1.317015876201912683e-01 1.288464835449121826e-01 1.267744400585070208e-01 1.252305657882243350e-01 1.240484677627682747e-01 1.231180859263986405e-01 1.223648110334761424e-01 1.217383232503198021e-01
1.747529069718439243e-01 1.613684383337385952e-01 1.522184558678418287e-01 1.453012778249103687e-01 1.399744775576982625e-01 1.357863593497313504e-01 1.324274388910271216e-01 1.296845354256220273e-01 1.274084721133112996e-01 1.254933539126068254e-01 1.238627160666510435e-01 1.224604353471659135e-01 1.212448321771807946e-01 1.201843747543171054e-01 1.192547016241587710e-01 1.184365311311557922e-01 1.177138449274934828e-01 1.170729279844090337e-01 1.165018811239861007e-01 1.159902230883017166e-01
3.133934215774934473e-01 2.441015394980058650e-01 1.961397664517404160e-01 1.653189444348026893e-01 1.461081178713720952e-01 1.339933359814312885e-01 1.261129722201440040e-01 1.207887504669382384e-01 1.170453225392702745e-01 1.143050238722935347e-01 1.122170673133223301e-01 1.105640436639077906e-01 1.092083096789428914e-01 1.080607140256324844e-01 1.070633720856858373e-01 1.061773845081916134e-01 1.053769536735489898e-01 1.046439416351495344e-01 1.039659798296634075e-01 1.033342799759702779e-01
6.626774333147296137e-01 5.722437772065768202e-01 4.950242835076641978e-01 4.256348785819045744e-01 3.632412732184599480e-01 3.097498380637261906e-01 2.661135723884217597e-01 2.318371408277210000e-01 2.055331546280103894e-01 1.855569179981830519e-01 1.704016039221460110e-01 1.588468728370787675e-01 1.499673462099599397e-01 1.430819090407749183e-01 1.376946435257559720e-01 1.334435812826268442e-01 1.300626088993158125e-01 1.273534556175582033e-01 1.251669451926136489e-01 1.233894327236339516e-01
1.692830739310011157e-01 1.509102012030780204e-01 1.402372996648773573e-01 1.335546417301520794e-01 1.292679168935865208e-01 1.264074485935270664e-01 1.244057493470609177e-01 1.229316395428031727e-01 1.217892393469810486e-01 1.208606558246538010e-01 1.200741642434149936e-01 1.193846424482762764e-01 1.187637667404487785e-01 1.181933148391544758e-01 1.176611058507114616e-01 1.171594247315078940e-01 1.166826322861015813e-01 1.162270665634423522e-01 1.157898522960022075e-01 1.153691977635026011e-01
7.312034751218743356e-01 6.436839913557923509e-01 5.623181177867577762e-01 4.799438552620267640e-01 3.958465409713972094e-01 3.199831995088607273e-01 2.595511473798250979e-01 2.149353732052259047e-01 1.832382100394170377e-01 1.610936914477497373e-01 1.456972453533671719e-01 1.349632814060896524e-01 1.274185923626646455e-01 1.220515851071104357e-01 1.181764108967035959e-01 1.153309650206938430e-01 1.132031161105260253e-01 1.115806690463796297e-01 1.103186139836907359e-01 1.093166728923097297e-01
1.660542840891866823e-01 1.510338174161734159e-01 1.417071110778488352e-01 1.353450240241363678e-01 1.309077736712060958e-01 1.277060290100053008e-01 1.253056704974733204e-01 1.234381359978578979e-01 1.219364179461263076e-01 1.206954399775713727e-01 1.196474655577912938e-01 1.187470827135257423e-01 1.179623313620686564e-01 1.172700367472134519e-01 1.166528300265781554e-01 1.160968729783780906e-01 1.155914155463688142e-01 1.151277976459823549e-01 1.146988774021156093e-01 1.142993165377993170e-01
1.712040575715582102e-01 1.496513052397494825e-01 1.367616601161716905e-01 1.281221201167318247e-01 1.218855099212669268e-01 1.170829535307711944e-01 1.132021724959486192e-01 1.099771333602984624e-01 1.072802839935320662e-01 1.050570466453791540e-01 1.032746588156442102e-01 1.018891250461456399e-01 1.008394011430209514e-01 1.000572811323218042e-01 9.947841293360397408e-02 9.904859363155991969e-02 9.872547593934313803e-02 9.847782351891509744e-02 9.828312992816791438e-02 9.812611490051495466e-02
7.697839902382839217e-01 6.815730146651730603e-01 5.964933962957001956e-01 5.133196804072577279e-01 4.340160806131098115e-01 3.634689461590096538e-01 3.053040445888949295e-01 2.600263105647172557e-01 2.260136608348693732e-01 2.009127970773260941e-01 1.824826876772567552e-01 1.689055229490622756e-01 1.588161706132814321e-01 1.512280096113681749e-01 1.454398174514062725e-01 1.409555506869219210e-01 1.374240606324747260e-01 1.345957184862345557e-01 1.322912482079118546e-01 1.303811413398943964e-01
2.017552684433758237e-01 1.729723477875813875e-01 1.545916085876524459e-01 1.428180225007235904e-01 1.352304694661870532e-01 1.302241685893386625e-01 1.268116179946809918e-01 1.243966350983828351e-01 1.226193057838827344e-01 1.212594669871032288e-01 1.201811479125171889e-01 1.192975552380085014e-01 1.185533596854656951e-01 1.179111446999013407e-01 1.173466389253735587e-01 1.168421102967113212e-01 1.163857634644955424e-01 1.159684503264725164e-01 1.155836800858378449e-01 1.152267518639564503e-01
6.024844552708918943e-01 5.081899225403551101e-01 4.366859476122772477e-01 3.818434243730735034e-01 3.375869602867169195e-01 2.999898718565237044e-01 2.674821188970236130e-01 2.397302994318306346e-01 2.167302285798359540e-01 1.982543769630137898e-01 1.837331365980207909e-01 1.724208599515259233e-01 1.635857523814775172e-01 1.566134389652870662e-01 1.510303912824019767e-01 1.464865735289640758e-01 1.427262148936279118e-01 1.395627355109900214e-01 1.368596228328533559e-01 1.345162883959710731e-01
1.310052669113283663e+00 1.161155875324984654e+00 1.006380709071090784e+00 8.502036246566083699e-01 6.953164469594321773e-01 5.521047030150657564e-01 4.313253695497405449e-01 3.377840232177550250e-01 2.700368550179700899e-01 2.230264958809130005e-01 1.910287065790998995e-01 1.692850679380353551e-01 1.543730998759383632e-01 1.439931457175407659e-01 1.366425886610522777e-01 1.313443696172907904e-01 1.274591671349480648e-01 1.245629756338894334e-01 1.223698223894462006e-01 1.206842580763623080e-01
4.898619761732698197e-01 4.155578867699296075e-01 3.436757378710899591e-01 2.834969009179622024e-01 2.387953060178551745e-01 2.076851549081038806e-01 1.865104075637646075e-01 1.720332911401055709e-01 1.619544519414193862e-01 1.547701459005474955e-01 1.495196617883630119e-01 1.455872506066225591e-01 1.425719464407302350e-01 1.402070318092591972e-01 1.383116385247558366e-01 1.367602229444310202e-01 1.354641064116731408e-01 1.343599194986745682e-01 1.334011836349964231e-01 1.325533504551276442e-01
4.050692051501846302e-01 3.204973313864502571e-01 2.459862902395252571e-01 1.922180386719992418e-01 1.589387099293526340e-01 1.399052959913388017e-01 1.292187038576230462e-01 1.231002420396544034e-01 1.194552523107267894e-01 1.171709782222751517e-01 1.156546579708810918e-01 1.145846990460995529e-01 1.137811239552684178e-01 1.131423776608426190e-01 1.126084277348127216e-01 1.121441635466180753e-01 1.117283136863261445e-01 1.113476338703185270e-01 1.109939598501659963e-01 1.106616233941167537e-01
6.583766453614225966e-01 5.629792958166217609e-01 4.517790087094181173e-01 3.477274839921483118e-01 2.694915169097044094e-01 2.179885570896294700e-01 1.853725816205042121e-01 1.643937557580738840e-01 1.504431788939882553e-01 1.408370240814418028e-01 1.340086806658268848e-01 1.290144829944756544e-01 1.252669314757122176e-01 1.223885017244350643e-01 1.201294764268823201e-01 1.183203010249053444e-01 1.168437747078496652e-01 1.156167952786927300e-01 1.145799514290411075e-01 1.136896734700349049e-01
5.057803537286599260e-01 4.192960689802998631e-01 3.485303665619358116e-01 2.886675815038324822e-01 2.405954583695711357e-01 2.037159043125575386e-01 1.763069303211523275e-01 1.563854704640107174e-01 1.421153376041911498e-01 1.319634732825215873e-01 1.247385220404248624e-01 1.195636771549470762e-01 1.158155340410303297e-01 1.130619119817856677e-01 1.110068399435840542e-01 1.094477351463865461e-01 1.082462359440978655e-01 1.073067208123393290e-01 1.065621766960248296e-01 1.059651671606116063e-01
7.552887282450683193e-01 6.547025374160148070e-01 5.869963480711021253e-01 5.415686584037030515e-01 5.082404646013128913e-01 4.789898586986146012e-01 4.481296038258915093e-01 4.126910607491993122e-01 3.729973846378015767e-01 3.321529404875718794e-01 2.939913373952003917e-01 2.610714656098571118e-01 2.341579567204462309e-01 2.128066381602548018e-01 1.960846684948774066e-01 1.830056425032671463e-01 1.727133079955819883e-01 1.645273736561648492e-01 1.579302346671465906e-01 1.525376288988627427e-01
