1.360753845726721867e+00 1.272603013855114096e+00 1.179238332036475212e+00 1.083547857955345473e+00 9.885308809666457641e-01 8.967078216851223083e-01 8.100407144147903082e-01 7.298768081807065489e-01 6.569759014103329076e-01 5.916022758552571537e-01 5.336374872348307319e-01 4.826994068628073231e-01 4.382458027573011283e-01 3.996498127767699748e-01 3.662642337847500928e-01 3.374563441041391609e-01 3.126362167016486504e-01 2.912642019312625119e-01 2.728611810010624916e-01 2.570045871006004790e-01
5.448784063803031597e-01 5.231153776642532005e-01 5.095793386829609029e-01 4.983773539295361932e-01 4.831757977249799274e-01 4.597436243976699144e-01 4.276269719707306849e-01 3.897584611563797985e-01 3.504785327238824078e-01 3.135193925947533100e-01 2.810872540372656436e-01 2.539458845036642876e-01 2.319102872808525839e-01 2.143320047654560800e-01 2.004243233626357423e-01 1.894367427076213140e-01 1.807248304110544157e-01 1.737662422490484360e-01 1.681508270896301949e-01 1.635619880273588844e-01
9.035242792539821544e-01 8.188422742276452171e-01 7.377439117948960678e-01 6.623394052045114000e-01 5.937428593105141816e-01 5.323277661140491945e-01 4.780273932733689612e-01 4.304940795235961404e-01 3.892145707046802405e-01 3.535970663526313840e-01 3.230277543178226574e-01 2.969066531776900497e-01 2.746688419364181621e-01 2.557947343160412723e-01 2.398136855044867843e-01 2.263055808190256313e-01 2.149002818996086639e-01 2.052734851080458556e-01 1.971444654860533829e-01 1.902725807763636090e-01
1.681281288620084524e-01 1.655030482262372926e-01 1.627043082471937019e-01 1.596357276849448559e-01 1.563751861173659496e-01 1.530288335122167998e-01 1.497141129057854292e-01 1.465417448990047056e-01 1.436014280375093322e-01 1.409527365397661991e-01 1.386244121193885848e-01 1.366175641398876817e-01 1.349139208998531014e-01 1.334834720287471910e-01 1.322908645216375467e-01 1.313002429157495432e-01 1.304779570456594262e-01 1.297943742293864444e-01 1.292242342699319035e-01 1.287461670860648166e-01
1.402032143974793199e-01 1.352201801163755712e-01 1.323639212289708655e-01 1.303699134488124356e-01 1.289645969413686644e-01 1.279616172017995213e-01 1.272348471474833709e-01 1.266991960245650306e-01 1.262966949236579151e-01 1.259879174130037471e-01 1.257454514177516192e-01 1.255503169610165115e-01 1.253892034548334811e-01 1.252526242402382251e-01 1.251339866057969707e-01 1.250284860981628332e-01 1.249326416128315048e-01 1.248440202977508240e-01 1.247607751865871251e-01 1.246815146761946352e-01
8.606956222542612167e-01 7.716309476741298745e-01 6.913964045082684473e-01 6.222804135910701140e-01 5.641092801187187478e-01 5.147406728355418126e-01 4.712891247344668799e-01 4.314399266586406156e-01 3.942822825052644253e-01 3.599954369433499002e-01 3.290768379779183128e-01 3.018514868232887172e-01 2.783493492626984978e-01 2.583522338402907681e-01 2.414907127113838092e-01 2.273346115858294048e-01 2.154586663143709391e-01 2.054740261659026013e-01 1.970474596740677820e-01 1.898996225278824501e-01
1.443096767552196902e-01 1.395979243051260754e-01 1.365097601339221034e-01 1.341891490854322799e-01 1.324363305792212453e-01 1.311023776419460718e-01 1.300791133940219779e-01 1.292879732139408655e-01 1.286715962365269639e-01 1.281876648962497756e-01 1.278052779287099927e-01 1.275005014799535374e-01 1.272559253126382961e-01 1.270583686046302396e-01 1.268976304121315346e-01 1.267657807841897077e-01 1.266568684205412743e-01 1.265663764066994323e-01 1.264903205260634322e-01 1.264261429198086373e-01
5.081621677742805820e-01 4.548021689720917471e-01 4.054906048893462955e-01 3.593997126987960589e-01 3.182193654640286806e-01 2.829318624938605420e-01 2.535681182916982856e-01 2.296130322289536840e-01 2.103189449167257308e-01 1.948822844086680606e-01 1.825544958177488242e-01 1.726933451957074761e-01 1.647739136617747124e-01 1.583793983515351944e-01 1.531839689461048648e-01 1.489337904145941194e-01 1.454328429489396557e-01 1.425282812770456153e-01 1.401011789357289594e-01 1.380586079461499915e-01
5.483952580373988583e-01 5.331611306681555140e-01 5.178921255384011380e-01 4.928969374134613002e-01 4.529943669577551346e-01 4.023912802002087008e-01 3.495887612081730600e-01 3.013446435883793129e-01 2.609773424800687081e-01 2.290693228050076913e-01 2.047130106389522530e-01 1.864770746359135922e-01 1.729373627179302264e-01 1.628925587423145638e-01 1.554073352483101300e-01 1.497840872011147462e-01 1.455137324938550469e-01 1.422284274455160036e-01 1.396632100269198373e-01 1.376279435353353620e-01
5.956361425737850546e-01 5.296867743262555495e-01 4.709413221478462308e-01 4.196496632625348888e-01 3.755551776679931231e-01 3.380037853209341692e-01 3.062584010262798806e-01 2.795799754420295602e-01 2.572597550292266555e-01 2.386406617079683268e-01 2.231330718482604503e-01 2.102210727431520487e-01 1.994623651995789393e-01 1.904838011744141024e-01 1.829733584958012083e-01 1.766727885208092541e-01 1.713694528979249343e-01 1.668886875500902589e-01 1.630873814877122630e-01 1.598484208621084590e-01
1.139820119832293033e+00 1.061130530610568501e+00 9.829998351025278636e-01 9.093666938476963058e-01 8.433167318593041140e-01 7.862874521516096671e-01 7.382717489600183480e-01 6.982924262220331357e-01 6.648243339018199416e-01 6.360286269319749275e-01 6.098146319525767911e-01 5.837965964178875033e-01 5.553034947742707672e-01 5.217196571805834404e-01 4.813887121688458226e-01 4.347730632382300620e-01 3.848218797607705910e-01 3.358452632855914999e-01 2.916662909862497988e-01 2.544376078308596134e-01
2.028012684639543262e-01 1.946930637862533398e-01 1.887409524247050385e-01 1.838376365043222771e-01 1.797528269980102900e-01 1.762857321463525417e-01 1.732733808271586795e-01 1.705874846316874083e-01 1.681284688320010823e-01 1.658200170006602914e-01 1.636045922897756133e-01 1.614394964091479812e-01 1.592949157394468740e-01 1.571516974829137436e-01 1.550009823963046096e-01 1.528428958356380374e-01 1.506858267076313374e-01 1.485450313240289644e-01 1.464410663023590908e-01 1.443979304656386464e-01
6.777776316530434997e-01 6.074093708528107705e-01 5.475161589160726372e-01 4.977105152972671753e-01 4.562993413382764873e-01 4.210585927481042545e-01 3.898934881784225648e-01 3.612977386365809895e-01 3.345295687592442779e-01 3.094424384771264358e-01 2.861732884596949744e-01 2.649088621779810415e-01 2.457678204309195202e-01 2.287722987367305783e-01 2.138555412596087890e-01 2.008870715676675800e-01 1.896972737406758813e-01 1.800963319803122464e-01 1.718945275084115543e-01 1.649091630468990377e-01
1.057184080667793680e+00 9.781335840839893159e-01 9.048996162530965615e-01 8.396764707891271051e-01 7.834581007109955308e-01 7.362479202519170984e-01 6.974156465334817590e-01 6.659461876377463785e-01 6.406407529558054703e-01 6.202658597589469913e-01 6.036394128808751924e-01 5.896499232982751471e-01 5.771935253182891579e-01 5.650067765382118523e-01 5.513697873253841086e-01 5.337055576255806955e-01 5.083787083007700325e-01 4.715646004880545417e-01 4.219995722905104940e-01 3.638676562477490828e-01
1.174528466769261259e+00 1.064550081377674262e+00 9.637982832394481614e-01 8.752525941212661031e-01 7.997328219027258767e-01 7.366542728147760233e-01 6.847585588036873006e-01 6.425209359724795011e-01 6.083797754910028610e-01 5.808503135552678387e-01 5.585675803253457028e-01 5.402865495128912343e-01 5.248622961498071726e-01 5.112160739114369745e-01 4.983027929931443945e-01 4.850865830340376217e-01 4.705374247986764957e-01 4.536753933779597570e-01 4.336796744778348422e-01 4.100693018050327598e-01
2.408790266577648387e-01 2.138293897017138068e-01 1.924367185483424614e-01 1.757897341359057342e-01 1.630946068600314935e-01 1.534986485144327062e-01 1.462598153464205186e-01 1.407839828569558416e-01 1.366161436966649434e-01 1.334164667880941013e-01 1.309352437156258153e-01 1.289897666064644122e-01 1.274470255474443592e-01 1.262094307530787773e-01 1.252054398774634925e-01 1.243817835109075481e-01 1.236988501402083718e-01 1.231265847315080458e-01 1.226421668392140424e-01 1.222281218471471254e-01
2.934594751930126311e-01 2.544664585102873189e-01 2.216069886639888964e-01 1.953704214475737999e-01 1.753127663071973041e-01 1.604088555451016751e-01 1.495303902751766167e-01 1.416688970872201081e-01 1.360110437870025724e-01 1.319392524240538545e-01 1.290006911056116312e-01 1.268694293382577609e-01 1.253136425884440464e-01 1.241688320855610095e-01 1.233188404166139646e-01 1.226808347553014766e-01 1.221963026723824480e-01 1.218231140077114111e-01 1.215312315337359894e-01 1.212988684093579683e-01
4.519328470993786984e-01 3.966728294890344841e-01 3.497884688958674548e-01 3.106300738543359419e-01 2.782729422801639707e-01 2.516907422890654056e-01 2.299494107374835117e-01 2.122201954071351870e-01 1.977800952707184368e-01 1.860163804865442305e-01 1.764183527720160904e-01 1.685702890036191171e-01 1.621334858454065442e-01 1.568360571097582590e-01 1.524599179439246610e-01 1.488306754268705900e-01 1.458087473176419846e-01 1.432813330926001050e-01 1.411586054973304194e-01 1.393680608831346091e-01
4.327711895416723742e-01 4.049297631112858675e-01 3.806247427489142798e-01 3.589396028884220824e-01 3.394126867759041377e-01 3.217128682299517095e-01 3.056219185260124482e-01 2.909824492433108478e-01 2.776674023363739363e-01 2.655615396099165193e-01 2.545577530935406729e-01 2.445557175483554502e-01 2.354635116970166531e-01 2.271973852999508436e-01 2.196819040039554305e-01 2.128503469657152813e-01 2.066419265512376979e-01 2.010026199836283944e-01 1.958827809710055601e-01 1.912365716882050148e-01
7.019337398585048238e-01 6.282954102996154422e-01 5.619309579109619257e-01 5.026391702336241440e-01 4.498550730090937755e-01 4.031852397817419775e-01 3.624681009153482569e-01 3.274413893819679289e-01 2.976201844817842335e-01 2.723841601591630024e-01 2.510930142461438863e-01 2.331530051166191830e-01 2.180382373375050475e-01 2.052969727874733585e-01 1.945437015396601077e-01 1.854530306952074103e-01 1.777520621521398447e-01 1.712126615876331803e-01 1.656452238466590565e-01 1.608916563540697120e-01
3.917857421643566318e-01 3.618487655103126421e-01 3.359278252517106100e-01 3.123340545420069114e-01 2.905071208300069041e-01 2.702815372624900458e-01 2.516430601905995101e-01 2.346292061608983293e-01 2.192861212428397211e-01 2.056455135104624798e-01 1.937081135972403001e-01 1.834318249789066713e-01 1.747267033776734035e-01 1.674591770820552383e-01 1.614639795525181498e-01 1.565615754650207248e-01 1.525735959946177833e-01 1.493352469196543020e-01 1.467011606553569325e-01 1.445488048344850673e-01
6.394912918913178146e-01 6.038902076362865357e-01 5.674297296208102859e-01 5.289411110438686503e-01 4.875297256786979005e-01 4.427622795388333476e-01 3.953877185928502125e-01 3.478540131926161072e-01 3.035089822491136013e-01 2.650069991551163295e-01 2.334624509816057847e-01 2.086531055421801395e-01 1.896341351978480805e-01 1.752536766487173825e-01 1.644375063851475638e-01 1.562988300155848387e-01 1.501489653019234538e-01 1.454709669761359569e-01 1.418831646349281161e-01 1.391061889706179389e-01
1.662560657877474979e+00 1.550684401001781287e+00 1.428020785823464367e+00 1.300586585262790251e+00 1.175074350819923064e+00 1.057146753561682972e+00 9.507453232537954602e-01 8.578967822447884917e-01 7.789560187241295619e-01 7.130717687352443601e-01 6.586575561623613240e-01 6.137626356410328388e-01 5.763077517259808102e-01 5.442146160241100317e-01 5.154799168289173616e-01 4.882431299542077108e-01 4.608736863615922608e-01 4.321349389381339279e-01 4.013890344429091872e-01 3.687702634469905982e-01
8.536166186639456699e-01 7.758921242231735516e-01 7.024784254824044671e-01 6.359682597304344709e-01 5.774865437764583609e-01 5.268559611301134593e-01 4.831415300336084351e-01 4.451130891464163408e-01 4.116193286317866296e-01 3.818130967771867224e-01 3.551859880972187966e-01 3.314618950639851569e-01 3.104616954224184155e-01 2.920123573322780386e-01 2.759136609267443530e-01 2.619380244892090537e-01 2.498456070618703950e-01 2.393996107578277577e-01 2.303772644326090857e-01 2.225766139943152755e-01
3.768448685171880141e-01 3.500236942102492588e-01 3.255339493213977864e-01 3.024827143405854901e-01 2.810517769778925756e-01 2.615100287313907867e-01 2.440489155275474831e-01 2.287190909458513555e-01 2.154410013354208786e-01 2.040455321868648864e-01 1.943169298391148880e-01 1.860270357158697041e-01 1.789576161373406527e-01 1.729126021487172593e-01 1.677220082306302984e-01 1.632422979269176622e-01 1.593543129228055522e-01 1.559603642299771387e-01 1.529803165327757730e-01 1.503493749164044879e-01
2.080878932867199216e-01 2.001473040832206507e-01 1.943686654232442412e-01 1.896991065423935530e-01 1.859177568275481585e-01 1.828314205911010515e-01 1.802852833457291026e-01 1.781578397192060959e-01 1.763555659912526552e-01 1.748063443042337795e-01 1.734541944600641594e-01 1.722564795240759949e-01 1.711800540797412395e-01 1.701989211887121323e-01 1.692933015525341089e-01 1.684477780573070127e-01 1.676497397758066610e-01 1.668899855762720208e-01 1.661607073061168172e-01 1.654562401026487273e-01
2.423227501806104467e-01 2.197134491027100123e-01 2.022952163581794582e-01 1.888595951635790027e-01 1.785740391878062050e-01 1.707058740905972594e-01 1.646730627446959250e-01 1.600252159299270782e-01 1.564210077124880693e-01 1.536023910308722540e-01 1.513762113428674672e-01 1.495974160498008132e-01 1.481569373747333995e-01 1.469731236947700304e-01 1.459842890221625666e-01 1.451444028504192962e-01 1.444188038073480063e-01 1.437807324901223260e-01 1.432102140225469944e-01 1.426921140681952360e-01
4.486894478833528543e-01 4.054455648643397470e-01 3.674421628123809569e-01 3.340358885936439148e-01 3.052447134954854868e-01 2.807166070136554725e-01 2.597356629247588033e-01 2.415562592661081032e-01 2.255920154718842330e-01 2.114491120935417801e-01 1.988844343263190262e-01 1.877488476457074285e-01 1.779384838812984593e-01 1.693643450504168924e-01 1.619349927874282058e-01 1.555511143757030423e-01 1.501066794665530391e-01 1.454930867254733973e-01 1.416036558151245184e-01 1.383376671373844069e-01
1.163246316527947855e+00 1.050145705766044602e+00 9.485926703992300091e-01 8.613534517801827439e-01 7.885599313653074427e-01 7.289146730060338530e-01 6.805834784610488297e-01 6.416635638810749276e-01 6.104028091470036221e-01 5.852861908402701152e-01 5.650425906579493729e-01 5.486193689411629215e-01 5.351424732570513321e-01 5.238750057847108010e-01 5.141791989476376390e-01 5.054822100104036098e-01 4.972439853646210550e-01 4.889267081213074517e-01 4.799679022306372889e-01 4.697588628666926613e-01
2.001182602252811193e-01 1.939249347150325820e-01 1.886551269982010004e-01 1.837442501075565726e-01 1.791876169387251194e-01 1.749740195460617598e-01 1.710890515614300889e-01 1.675157173722982284e-01 1.642352754808962256e-01 1.612281765788793619e-01 1.584746527113020387e-01 1.559561170637607519e-01 1.536546639539301262e-01 1.515530469082295995e-01 1.496352435089647881e-01 1.478859836049377929e-01 1.462907784432172786e-01 1.448358683101832745e-01 1.435088325478136584e-01 1.422976334020495393e-01
3.008056688195210882e-01 2.663005330828309702e-01 2.378162033094304295e-01 2.147933026915416210e-01 1.964517035338576578e-01 1.819510147637629360e-01 1.705375284222463983e-01 1.615756399573729241e-01 1.545452959017711569e-01 1.490293899388052401e-01 1.446980549581348974e-01 1.412903673807159033e-01 1.386031405534595140e-01 1.364775642100721498e-01 1.347896449360996562e-01 1.334432496130466550e-01 1.323637606389820587e-01 1.314929501991718985e-01 1.307855387032031969e-01 1.302064593508839574e-01
1.064049967797473073e+00 9.613996720337308899e-01 8.596969812725728799e-01 7.625544286241346947e-01 6.724472959779711490e-01 5.908655048931791276e-01 5.185241485762526192e-01 4.555175719006092638e-01 4.014754635053665588e-01 3.557184457214341844e-01 3.173894355556694524e-01 2.855632428831950120e-01 2.593171234542387404e-01 2.377875628598849211e-01 2.201927635274478212e-01 2.058486746343987650e-01 1.941708510594890025e-01 1.846669671246490840e-01 1.769289988558739313e-01 1.706215445249108509e-01
8.130536148704413657e-01 7.266949252149789151e-01 6.516506329347612203e-01 5.884767751581967410e-01 5.353829498391132757e-01 4.892841177224181437e-01 4.471969310188433355e-01 4.073449132701085773e-01 3.694239797482714582e-01 3.340391146327601479e-01 3.019791834620991766e-01 2.737666239097598098e-01 2.495312610291148259e-01 2.290780928432650521e-01 2.120153457500843774e-01 1.978711359750963128e-01 1.861697984171041820e-01 1.764769660667070694e-01 1.684181300602358433e-01 1.616839290760071768e-01
7.480261329465792697e-01 6.814519110957917292e-01 6.274816809486583047e-01 5.849433653868917338e-01 5.515856768417870537e-01 5.247824205934011887e-01 5.018434587096272104e-01 4.800960870184644569e-01 4.570597799895768087e-01 4.308721892934226916e-01 4.008600250615222405e-01 3.678162684835479257e-01 3.336493310428977344e-01 3.005777682042062859e-01 2.703892102047041335e-01 2.440970626608958693e-01 2.219811845226558888e-01 2.038156658554680645e-01 1.891143128441763188e-01 1.773083208699245128e-01
2.578930777900131921e-01 2.314483929603011469e-01 2.098846097191562898e-01 1.926081009395420596e-01 1.791018071910366327e-01 1.686709147738292836e-01 1.606478347256779793e-01 1.544666623137891381e-01 1.496788878086954266e-01 1.459423956694081426e-01 1.430009757122024938e-01 1.406636509252712219e-01 1.387882668524980656e-01 1.372686131577938728e-01 1.360245826467871566e-01 1.349956485675647966e-01 1.341356878913939066e-01 1.334094461193308101e-01 1.327897561155259587e-01 1.322552052559330948e-01
2.152184466086327908e-01 2.073554083146154914e-01 2.011048248130828109e-01 1.957604198902845316e-01 1.911986786220222778e-01 1.872926190961152204e-01 1.839297198038548353e-01 1.810145225934684243e-01 1.784676461946219095e-01 1.762236005347222190e-01 1.742285733483731613e-01 1.724385460652410884e-01 1.708176966477185366e-01 1.693365170806646336e-01 1.679710790049284697e-01 1.667018231470137890e-01 1.655126777570694596e-01 1.643906081560999044e-01 1.633250322099775165e-01 1.623072849307209131e-01
3.917322111772227888e-01 3.627584904342638361e-01 3.342740686963224794e-01 3.068587052942893800e-01 2.815540308057097874e-01 2.589814538487644202e-01 2.393907933051741543e-01 2.227421631153265469e-01 2.088069440152685308e-01 1.972577599452051689e-01 1.877360472153531967e-01 1.798949942305574645e-01 1.734230203912011381e-01 1.680522298376308787e-01 1.635593847811105672e-01 1.597623784558163673e-01 1.565144108865365591e-01 1.536983264274022210e-01 1.512212412802909911e-01 1.490098959577153548e-01
5.451342283352278439e-01 4.808977188122662283e-01 4.260265818374682767e-01 3.800895999207090092e-01 3.421672703255899117e-01 3.110498315258882762e-01 2.855633586505427757e-01 2.646718839555978753e-01 2.474996441230177813e-01 2.333246793970465693e-01 2.215626786183565733e-01 2.117443910799920448e-01 2.034948165714740853e-01 1.965157562866806928e-01 1.905701906699687198e-01 1.854693269915878850e-01 1.810629764478653703e-01 1.772303020395338546e-01 1.738745732791721899e-01 1.709170583635568619e-01
5.506387892892962155e-01 5.155087488240678306e-01 4.825882958635338560e-01 4.468397659604670391e-01 4.092654795304770388e-01 3.717864335167541667e-01 3.360667857867520314e-01 3.033061933265707721e-01 2.742037374535721272e-01 2.490193448476202276e-01 2.276751271290413658e-01 2.098744334309594617e-01 1.952037130715325586e-01 1.832112763379700471e-01 1.734572624787688311e-01 1.655430478882044532e-01 1.591236549522727639e-01 1.539095115289091931e-01 1.496627361327409755e-01 1.461905399709939879e-01
4.258430385082465630e-01 3.918019894900806044e-01 3.580766263064287802e-01 3.253777988976798707e-01 2.949848981091054423e-01 2.677628683793591424e-01 2.441035117977298774e-01 2.240064501878805403e-01 2.072065218188799962e-01 1.933016573206987332e-01 1.818464350118301764e-01 1.724142220453359076e-01 1.646264327899552848e-01 1.581632233154960099e-01 1.527636092249304023e-01 1.482176432060077764e-01 1.443600377673283086e-01 1.410612747073173578e-01 1.382201764220371831e-01 1.357582758879289087e-01
1.233381564333103642e+00 1.122171683013439170e+00 1.013925113559234870e+00 9.144591227127238930e-01 8.271373554598540068e-01 7.529281328551588048e-01 6.911826626411220476e-01 6.403767597159776281e-01 5.986690424183547243e-01 5.642299627432225684e-01 5.353999144199724780e-01 5.107374104586415164e-01 4.890147205811081199e-01 4.691940589631849456e-01 4.504048296175551247e-01 4.319335397677059318e-01 4.132273460272699594e-01 3.939105573599226973e-01 3.738067936478182696e-01 3.529493730812100494e-01
9.047608574153855887e-01 8.353203592123463750e-01 7.762495216773822593e-01 7.276100713922641905e-01 6.873375412425957176e-01 6.518796731927432031e-01 6.163528118166141656e-01 5.748498904856387259e-01 5.223861556261908401e-01 4.586713387456257118e-01 3.898483575034697446e-01 3.248589848016490422e-01 2.701277778743315094e-01 2.276477090172557005e-01 1.962972170890134316e-01 1.737668771552853264e-01 1.577449574597289961e-01 1.463593726640101400e-01 1.382291243091458566e-01 1.323788226756733022e-01
3.302808680485986859e-01 2.999351625118754083e-01 2.736862049341289294e-01 2.509834633343961952e-01 2.316239396201854039e-01 2.152809639418774290e-01 2.015854270590352881e-01 1.901641012923210028e-01 1.806636503136724026e-01 1.727639005804667283e-01 1.661867528920993320e-01 1.606958768761251044e-01 1.560939420061185912e-01 1.522187516139820174e-01 1.489374018134549393e-01 1.461429197946563230e-01 1.437486200127750524e-01 1.416847383789718029e-01 1.398953809030354101e-01 1.383350081834942014e-01
1.390579009361536000e+00 1.281764167376577390e+00 1.172193792122998346e+00 1.068171315544805156e+00 9.740941991103682085e-01 8.920101388428883782e-01 8.221779201758181443e-01 7.637409578490769180e-01 7.153074465837562235e-01 6.753404451539972708e-01 6.423694759173668167e-01 6.150827693496830895e-01 5.923431786527908471e-01 5.731698535200484557e-01 5.567041363839961843e-01 5.421691138345846595e-01 5.288292408526195088e-01 5.159506711447283678e-01 5.027676002750376405e-01 4.884654536700082650e-01
4.319915783728356384e-01 3.844760936673264906e-01 3.448413784650620206e-01 3.122351118177175699e-01 2.857487910916097218e-01 2.643507404765114144e-01 2.471004736097529575e-01 2.331915964698418886e-01 2.219568769773468397e-01 2.128544473834335926e-01 2.054494068119674943e-01 1.993952379468828529e-01 1.944175154529511895e-01 1.902984314318746373e-01 1.868652125913649875e-01 1.839815659541636783e-01 1.815393279865384069e-01 1.794520173128694163e-01 1.776509613823145650e-01 1.760814724955707677e-01
6.415519336259967176e-01 5.837584514567424332e-01 5.373476056633262887e-01 4.994228478065451671e-01 4.660513114253171940e-01 4.333419292829285285e-01 3.989818763314724737e-01 3.630682223738040393e-01 3.273401050064785323e-01 2.938052781564580718e-01 2.638880584534375462e-01 2.382264501278587021e-01 2.168278761501314655e-01 1.993196451308176520e-01 1.851628021476790231e-01 1.737894213930121501e-01 1.646770901272066046e-01 1.573770447555580265e-01 1.515192253340501283e-01 1.468053852883167698e-01
1.153599296385655171e+00 1.070263644766044075e+00 9.916556158961611356e-01 9.205759465220398896e-01 8.581099339717184193e-01 8.038486839827965191e-01 7.562331801053921998e-01 7.127870875381632221e-01 6.705032201989888918e-01 6.266726140442188120e-01 5.798775280162226098e-01 5.303564823701162334e-01 4.795952466735616260e-01 4.296544765209819317e-01 3.825784504625335258e-01 3.399723348178668170e-01 3.027829007321997667e-01 2.712897018088005763e-01 2.452449673163209776e-01 2.240744599781828716e-01
1.799557421915233268e-01 1.730458604544401202e-01 1.679111074097454637e-01 1.635695646889507859e-01 1.598280619457363994e-01 1.565412336494773626e-01 1.536059983540326301e-01 1.509526227321475733e-01 1.485357119888067179e-01 1.463267534691840288e-01 1.443075511697679836e-01 1.424656207114458062e-01 1.407913042791187896e-01 1.392750488221645433e-01 1.379071725346147914e-01 1.366769052483141345e-01 1.355730785243213221e-01 1.345840830728411708e-01 1.336983473598957195e-01 1.329047319665551119e-01
8.837755003612255411e-01 8.003789997790500266e-01 7.310966924341483208e-01 6.755413064140884938e-01 6.319369352420812769e-01 5.980817646576551683e-01 5.718791834927106077e-01 5.515150230312428903e-01 5.354779369290099122e-01 5.224939310074659948e-01 5.114235451969215696e-01 5.011745186693223886e-01 4.906364187522467279e-01 4.786514262516493590e-01 4.640450778086727679e-01 4.457696159319383122e-01 4.231843186205412888e-01 3.963972606905736273e-01 3.664583058434288665e-01 3.351866737650561756e-01
3.293301941880508732e-01 2.895832456240896025e-01 2.575192045344738556e-01 2.319417355843347572e-01 2.116513904256135115e-01 1.956065503771969860e-01 1.829869480255547354e-01 1.731260465020022787e-01 1.654615645081503328e-01 1.595210939669050310e-01 1.549174578895326782e-01 1.513426973577588763e-01 1.485555928782559820e-01 1.463704624958336309e-01 1.446453676116652709e-01 1.432724846340715785e-01 1.421695296047255364e-01 1.412741260416805755e-01 1.405387721024453640e-01 1.399271575128659684e-01
