4.091447641966078907e-01 3.465019401474273564e-01 2.849128363118507146e-01 2.288089047305402468e-01 1.882934474252397072e-01 1.623882219911320091e-01 1.461619813245488286e-01 1.357523469295119911e-01 1.288021732744527859e-01 1.239431273861555383e-01 1.203804926626617089e-01 1.176458760572131751e-01 1.154572001681663102e-01 1.136406792898196766e-01 1.120866062724962808e-01 1.107240018359152561e-01 1.095062593382317567e-01 1.084016023244475935e-01 1.073881063872249852e-01 1.064502687903586819e-01
5.140614523861040119e-01 3.815899498674116264e-01 2.794002055570217746e-01 2.107369380927411884e-01 1.673855345245101600e-01 1.404021694845869195e-01 1.244285436559584984e-01 1.152103413804434207e-01 1.098210467561148151e-01 1.065520020326948675e-01 1.044698758501908797e-01 1.030686051014345073e-01 1.020698070854996337e-01 1.013164362098905313e-01 1.007175600767368506e-01 1.002194786662585074e-01 9.978958182473433858e-02 9.940741013444494290e-02 9.906035562598844435e-02 9.873977017181459481e-02
4.747979667812694538e-01 4.160685819063794089e-01 3.199392981136770508e-01 2.266790119666256820e-01 1.688265766555559766e-01 1.388545085946679969e-01 1.231988779583480242e-01 1.144149383076000920e-01 1.090902650856878653e-01 1.056296924815978838e-01 1.032390911801485400e-01 1.014966884558089061e-01 1.001656919403467322e-01 9.910701790533493760e-02 9.823543412756408078e-02 9.749689651420340164e-02 9.685637178219622112e-02 9.629027098941150831e-02 9.578228040307294744e-02 9.532111120322951658e-02
4.221789274238472167e-01 3.345289167645432715e-01 2.530372594606160597e-01 1.940038660155187222e-01 1.580168970099475600e-01 1.372435633573331759e-01 1.250779989943839599e-01 1.176474206990678756e-01 1.128782100015087025e-01 1.096629226714139760e-01 1.073929699411382832e-01 1.057203752576606343e-01 1.044390431238571143e-01 1.034222474027774313e-01 1.025895136114559070e-01 1.018886091612512257e-01 1.012844883403158786e-01 1.007530625924118739e-01 1.002777033558231723e-01 9.984637961373664383e-02
3.494346693503939671e-01 2.752212337541277698e-01 2.249789645310374953e-01 1.920683034998364735e-01 1.708462387931649618e-01 1.569781922077527203e-01 1.476322327437810666e-01 1.410910899750888459e-01 1.363290263747330699e-01 1.327253169601317617e-01 1.298939458548556969e-01 1.275889937771716998e-01 1.256505479582119833e-01 1.239727801311528294e-01 1.224848127190489300e-01 1.211392202286515341e-01 1.199039251368958503e-01 1.187575400009518445e-01 1.176856099057476956e-01 1.166782154154498152e-01
3.147558328139712369e-01 2.535425459768157475e-01 2.137029407027876138e-01 1.871584844950121007e-01 1.690622828563209668e-01 1.564794162858743343e-01 1.475201281125191610e-01 1.409444424451794520e-01 1.359484616224654052e-01 1.320141425071051366e-01 1.288063426985172621e-01 1.261064401164185278e-01 1.237700833374401621e-01 1.217012570408405742e-01 1.198356940539088145e-01 1.181301521952264066e-01 1.165556893532630062e-01 1.150927032897016006e-01 1.137276239378843395e-01 1.124509163474431278e-01
5.258922196482853639e-01 4.528056649116479204e-01 3.999461108083778305e-01 3.537026322887686369e-01 3.080246269752388022e-01 2.636903679207898699e-01 2.245893416088074468e-01 1.936031721788458448e-01 1.708573629701277130e-01 1.546775482024531911e-01 1.431110014894511617e-01 1.346381169633241448e-01 1.282403667143080517e-01 1.232636624237056777e-01 1.192860129126347563e-01 1.160294180712662659e-01 1.133062589052133279e-01 1.109871735196793496e-01 1.089810535334981983e-01 1.072229197208071083e-01
3.577292676932120052e-01 2.890997888927813730e-01 2.307602250459603876e-01 1.867200886615319189e-01 1.589506217889720685e-01 1.428637515642913192e-01 1.333646442147437550e-01 1.273359828314278297e-01 1.231774821376893647e-01 1.200878504442516731e-01 1.176535999658517573e-01 1.156520924810320178e-01 1.139569932559970772e-01 1.124925815162714504e-01 1.112106401345226980e-01 1.100786003901157578e-01 1.090725618717260648e-01 1.081738640239927884e-01 1.073671492387074933e-01 1.066393427108414532e-01
6.523771700160386766e-01 5.532187652956657153e-01 4.489911647832832142e-01 3.527185790135771160e-01 2.792739537960733376e-01 2.297777858318295341e-01 1.973449648736277651e-01 1.754720755858579784e-01 1.601019322877982598e-01 1.489506405597785521e-01 1.406892244645860102e-01 1.344752905878704163e-01 1.297353324230061944e-01 1.260637117142323349e-01 1.231687933910870919e-01 1.208408246916951589e-01 1.189286545495269881e-01 1.173232277348870423e-01 1.159460697788745193e-01 1.147405986353987883e-01
1.084340948154786100e+00 7.919149514334276052e-01 5.592258096588554883e-01 4.010997173072246569e-01 3.007958908884756921e-01 2.376315501196950286e-01 1.967894339454559771e-01 1.693813331772253128e-01 1.503435788396677575e-01 1.367501261962661419e-01 1.268332249889499441e-01 1.194718155754026095e-01 1.139259444416939049e-01 1.096927832923029200e-01 1.064223767946896326e-01 1.038675904429692265e-01 1.018505381715658631e-01 1.002423216117313137e-01 9.894764933298574872e-02 9.789544265193399208e-02
3.244310899762786193e-01 2.468801316617827979e-01 1.903357181732235337e-01 1.546602389287727308e-01 1.342856636600117670e-01 1.228615172824356755e-01 1.161868212465196892e-01 1.119999909645412184e-01 1.091527132992632654e-01 1.070587413624161793e-01 1.054110358376055961e-01 1.040424618072574997e-01 1.028598903951933596e-01 1.018096427730051795e-01 1.008596180839231304e-01 9.999058800982311979e-02 9.918992768914904057e-02 9.844943902979139128e-02 9.776308881177100951e-02 9.712618803721852212e-02
3.664706378367554862e-01 3.148303748150101389e-01 2.609507555237969845e-01 2.116598262801926422e-01 1.734104130654304798e-01 1.467678807033371280e-01 1.292324586386348617e-01 1.179620979358151078e-01 1.106928734530811254e-01 1.058938444033265119e-01 1.026156348077347513e-01 1.002883265115087907e-01 9.856988282117526423e-02 9.725241027248557324e-02 9.620649545628111310e-02 9.535003063443582560e-02 9.462938585784286261e-02 9.400918564468156713e-02 9.346528555848636344e-02 9.298084791284054462e-02
4.137350817692640459e-01 3.395590921469556767e-01 2.821758550219237716e-01 2.193994686863152410e-01 1.637725932127796213e-01 1.316378510271897506e-01 1.165515645244158821e-01 1.093779787677340160e-01 1.056208191614132347e-01 1.034265177825000187e-01 1.020054549881024286e-01 1.009943923709215596e-01 1.002123999106697694e-01 9.956393435539212522e-02 9.899603012076113595e-02 9.847841708804480620e-02 9.799364154896465784e-02 9.753188053640769739e-02 9.708720569818979351e-02 9.665648896276252122e-02
8.351792077232311762e-01 6.676227308861859555e-01 5.632889183754768991e-01 4.911025065158992065e-01 4.284135157598086829e-01 3.681505957990634514e-01 3.092870161024984799e-01 2.547352599242867499e-01 2.090784703566896385e-01 1.750498233354301214e-01 1.519954092599800910e-01 1.371738856146112184e-01 1.277457854038220875e-01 1.216355678532272527e-01 1.175294259964721338e-01 1.146403601087513380e-01 1.125024564052000686e-01 1.108386289022746524e-01 1.094820675466326027e-01 1.083301227306947140e-01
3.023911755574954507e-01 2.418870571130537495e-01 1.997843578242463891e-01 1.708508207302656956e-01 1.515028610592707992e-01 1.385044462609221205e-01 1.296026493358658493e-01 1.233664360799593823e-01 1.188959207522566480e-01 1.156192209625442058e-01 1.131657810513570506e-01 1.112890396329748871e-01 1.098222427279688385e-01 1.086493518235511213e-01 1.076896693653543458e-01 1.068860090296220727e-01 1.061979099972813895e-01 1.055966849948890701e-01 1.050617416386376152e-01 1.045783679238957153e-01
5.645375665094579665e-01 4.487097924278669048e-01 3.175740820680312271e-01 2.188453042592027609e-01 1.659159200839349091e-01 1.404420435219071728e-01 1.279428677621763100e-01 1.213260097731836129e-01 1.174440869654063135e-01 1.148998862621374434e-01 1.130543350882362574e-01 1.116034889046568362e-01 1.103951156744733403e-01 1.093487246579024907e-01 1.084174422768410251e-01 1.075720555649604671e-01 1.067927978333318567e-01 1.060666332580149224e-01 1.053846106398850652e-01 1.047401570901274614e-01
5.663971724442967703e-01 5.193290014996546633e-01 4.489009094212269568e-01 3.513055369713402043e-01 2.614128505366284383e-01 2.008598760966924524e-01 1.656556037993141273e-01 1.456385159987257927e-01 1.338052624092961329e-01 1.263890013196214690e-01 1.214456916220660737e-01 1.179512685071676947e-01 1.153456320954137498e-01 1.133094483381137246e-01 1.116534097256953878e-01 1.102610997841111384e-01 1.090588904326432323e-01 1.079985203832620755e-01 1.070477754811872684e-01 1.061843596538528806e-01
3.478411496554690285e-01 2.606420597102260261e-01 2.010226987399346410e-01 1.640029862503797620e-01 1.410100754013910718e-01 1.262427067304452144e-01 1.164640509934702084e-01 1.098136069029468226e-01 1.051725460489171815e-01 1.018489593951335398e-01 9.940681844914252274e-02 9.756650928104136644e-02 9.614548475808987194e-02 9.502245781155579940e-02 9.411522758888167528e-02 9.336708639830249012e-02 9.273830622529204148e-02 9.220045117774133825e-02 9.173309361565770703e-02 9.132088472855684480e-02
4.345079098732573253e-01 3.080279673090808301e-01 2.162855184005934572e-01 1.605799859016042441e-01 1.312049541468149894e-01 1.163938745911582417e-01 1.087461721782165130e-01 1.045643036288674971e-01 1.021132234868127875e-01 1.005674692968022976e-01 9.951851885882206927e-02 9.875500963971717283e-02 9.816270778886973525e-02 9.767795442545321172e-02 9.726362180867000051e-02 9.689766990049974993e-02 9.656635531398932715e-02 9.626121935027186216e-02 9.597644191380823309e-02 9.570772635881440171e-02
1.892711067001801029e-01 1.557067343918606683e-01 1.387485583382658538e-01 1.289862314076162808e-01 1.227778552693780528e-01 1.184753665968310138e-01 1.152756600582506563e-01 1.127560602605808537e-01 1.106818316166754829e-01 1.089163051079958672e-01 1.073755511490162434e-01 1.060059100307989832e-01 1.047715574334142780e-01 1.036476637731539030e-01 1.026163467415608516e-01 1.016641909617465034e-01 1.007809005520539369e-01 9.995825940219220385e-02 9.918958623486105741e-02 9.846945409488398748e-02
2.102599755544360960e-01 1.487859322728763700e-01 1.236168358290160585e-01 1.129698074547923203e-01 1.077805001349770447e-01 1.047657386437640531e-01 1.027132695178443050e-01 1.011406756937503759e-01 9.984187283465871532e-02 9.872289427294163311e-02 9.773754388996166997e-02 9.686010103730950671e-02 9.607414760001120602e-02 9.536675780924269707e-02 9.472753465350251811e-02 9.414669211080763100e-02 9.361604327306849438e-02 9.312851323222276489e-02 9.267822124995291067e-02 9.226035558938747161e-02
4.315915519228592512e-01 3.503077297318668570e-01 2.856514939812040965e-01 2.316964361888312895e-01 1.896769097737706078e-01 1.602186249617079672e-01 1.408654178070719298e-01 1.283599649724783409e-01 1.201528068794868870e-01 1.145883488343679285e-01 1.106621723310672739e-01 1.077741344817332025e-01 1.055624863362754629e-01 1.038047217149869472e-01 1.023610556757194034e-01 1.011410970645374580e-01 1.000850889657158432e-01 9.915282546746312375e-02 9.831655113463057261e-02 9.755668593279551160e-02
5.808717363468803851e-01 4.910652233458313032e-01 4.098180273722370481e-01 3.360153478897700552e-01 2.718614884320413871e-01 2.211552957593812541e-01 1.847417727310676216e-01 1.598441845618071844e-01 1.429683746187947746e-01 1.313913113088346907e-01 1.232823104894487237e-01 1.174650328655843651e-01 1.131871024653082758e-01 1.099628944415599052e-01 1.074733660227502746e-01 1.055050575139466623e-01 1.039121680863900055e-01 1.025933956829248872e-01 1.014774236181983785e-01 1.005132660130038796e-01
8.783944743828761004e-01 6.792527128412256809e-01 5.142910499750322773e-01 3.953984670437330484e-01 3.137326782946729398e-01 2.562938831735664391e-01 2.142524790043182636e-01 1.830754434743994408e-01 1.602142255422904782e-01 1.436968400445766680e-01 1.318391183759194951e-01 1.232940041433633338e-01 1.170654872597879093e-01 1.124505877235060375e-01 1.089667706923501123e-01 1.062844214045617214e-01 1.041777838938287432e-01 1.024909323398605909e-01 1.011141083610709729e-01 9.996979916613782380e-02
6.989868025164469589e-01 5.690456057847131932e-01 4.725915605284080612e-01 3.805535074177237020e-01 2.924279711073813903e-01 2.239504321695903744e-01 1.798199437860785177e-01 1.533982629274396325e-01 1.374155298680852788e-01 1.273474383149005018e-01 1.207183099843678054e-01 1.161698170234740229e-01 1.129282647483341867e-01 1.105350569900474533e-01 1.087090693847858336e-01 1.072724627054412877e-01 1.061095221911091402e-01 1.051436288007244063e-01 1.043223117891466240e-01 1.036096564328181507e-01
4.309416781911750149e-01 3.091812451326768629e-01 2.274525724806198967e-01 1.750160387161338316e-01 1.442624243561056174e-01 1.267567046591739077e-01 1.164487044957081691e-01 1.100378534804030972e-01 1.058330420131324001e-01 1.029439494218831880e-01 1.008765759204652557e-01 9.934231690170236551e-02 9.816477975773978126e-02 9.723207589305729592e-02 9.647102010378602599e-02 9.583265477855547332e-02 9.528346824977006191e-02 9.480035779605600066e-02 9.436739141895969518e-02 9.397310293085964217e-02
6.934693906295614774e-01 5.528695776323343525e-01 4.441732127304283129e-01 3.639464111285667380e-01 3.037482886246243852e-01 2.573459479695157093e-01 2.217221355080255252e-01 1.948187668083119217e-01 1.746424598951125395e-01 1.594368269279948513e-01 1.478531067760195661e-01 1.389225263253320020e-01 1.319592836155789040e-01 1.264721568091772552e-01 1.221031847444828539e-01 1.185872980044223313e-01 1.157269589992938608e-01 1.133737399301026072e-01 1.114160033635562264e-01 1.097688192781060973e-01
2.278660749190021262e-01 1.900666691013611909e-01 1.649564035492949166e-01 1.487644687481224637e-01 1.383388869487680584e-01 1.313893407210707798e-01 1.265171445487067170e-01 1.229091208125464574e-01 1.200934151303954395e-01 1.177914933394640651e-01 1.158363155601546124e-01 1.141251164628192816e-01 1.125928715360350885e-01 1.111982702696695940e-01 1.099142835079692238e-01 1.087229478149674827e-01 1.076118667214177593e-01 1.065725202159956142e-01 1.055987322027795022e-01 1.046856596646830451e-01
4.000214134390261966e-01 3.274205242244352387e-01 2.721506134967785484e-01 2.304649559414247151e-01 1.999671368201961785e-01 1.777699765330180426e-01 1.615056513855233911e-01 1.494826653017662377e-01 1.405256920063402415e-01 1.337972923554480165e-01 1.286876471014693490e-01 1.247528557816986045e-01 1.216733830084558571e-01 1.192221155646257108e-01 1.172380937531124767e-01 1.156071494868956551e-01 1.142473031673580386e-01 1.130988612549845146e-01 1.121177283814176889e-01 1.112707776564639123e-01
5.549143454182831059e-01 4.090207299056737855e-01 2.855219613539156653e-01 2.043801397781641049e-01 1.592398581793531831e-01 1.350223901855604203e-01 1.213762227696861401e-01 1.131146995161088908e-01 1.077632619248470314e-01 1.040907870710248012e-01 1.014447953092712795e-01 9.945783965114969594e-02 9.791149611352011062e-02 9.666985275631305441e-02 9.564540546998615000e-02 9.477953746885760256e-02 9.403226501337486054e-02 9.337548962270375563e-02 9.278936483198776952e-02 9.225931632186984421e-02
5.494524187622664702e-01 4.453776308720625576e-01 3.532846973152609094e-01 2.736059032656726342e-01 2.107337281157333486e-01 1.666468706049636372e-01 1.385746085088612745e-01 1.215590489951137027e-01 1.113238089025253424e-01 1.050585274619516007e-01 1.011072041437728330e-01 9.852455721775185693e-02 9.677080120833124466e-02 9.553210432379273531e-02 9.462223199079744518e-02 9.392776680062525640e-02 9.337824189075036307e-02 9.292888009658781256e-02 9.255019268195610604e-02 9.222278273955453187e-02
4.226031005370168847e-01 3.500007736467523611e-01 2.873321521141588009e-01 2.342090561520308312e-01 1.943118319835048236e-01 1.666693516012224263e-01 1.479608699134769279e-01 1.352060579007957064e-01 1.263659542257664636e-01 1.201236711733508905e-01 1.156201146193780033e-01 1.122886445501353608e-01 1.097558910271618504e-01 1.077755611421889609e-01 1.061847846947785029e-01 1.048746352368470913e-01 1.037715521404607016e-01 1.028247986111455181e-01 1.019989194013760370e-01 1.012686830221173340e-01
3.895677325248834699e-01 3.382547550879826392e-01 2.963957227279024886e-01 2.581813330412842111e-01 2.225560059768031396e-01 1.926520179328508608e-01 1.702436176661285550e-01 1.544162928100558940e-01 1.432593225932214387e-01 1.351393841853132383e-01 1.289737641875399188e-01 1.241021010192343982e-01 1.201240549498470561e-01 1.167900974262738589e-01 1.139379946142435041e-01 1.114582552283536615e-01 1.092744181508896878e-01 1.073310547543223914e-01 1.055874396295985174e-01 1.040124778647441434e-01
4.446393972183250165e-01 3.254049011103279376e-01 2.417721375751352708e-01 1.897895535093266639e-01 1.596401007671374717e-01 1.417779855697881564e-01 1.305746968078892734e-01 1.231470381829422034e-01 1.179899187234696029e-01 1.142664291837718338e-01 1.114828412490896925e-01 1.093336065334733626e-01 1.076225454837549528e-01 1.062204766087233992e-01 1.050407974363770369e-01 1.040241371828597022e-01 1.031294452981092041e-01 1.023280086752492990e-01 1.015997306932695243e-01 1.009296960418578221e-01
4.826983483913500073e-01 3.901190814315312339e-01 3.063679822986478118e-01 2.409170496454317023e-01 1.953037217213932364e-01 1.652059183092205730e-01 1.454272433862206504e-01 1.321655600942904241e-01 1.230250847320712576e-01 1.165237631545460312e-01 1.117325217531470183e-01 1.080642003858520162e-01 1.051478808844331092e-01 1.027488472637196476e-01 1.007184439131015158e-01 9.896136768449650956e-02 9.741647859336807769e-02 9.604337161975308457e-02 9.481499465485285216e-02 9.371280053937652843e-02
9.039627715136157038e-01 7.563827492477139813e-01 6.234269744799348922e-01 5.104240932058502489e-01 4.176830554398384132e-01 3.431056769354290936e-01 2.850917666983150411e-01 2.415244779848580992e-01 2.094104593670635950e-01 1.857293374656001084e-01 1.680203554566833124e-01 1.545016612022300229e-01 1.439565911371027962e-01 1.355702437963918761e-01 1.287937893837806658e-01 1.232482011985848724e-01 1.186634539239457831e-01 1.148409136105328771e-01 1.116295653488487000e-01 1.089129196631256485e-01
2.449398589103793655e-01 1.756056429196905799e-01 1.400141681335662636e-01 1.224371469375182681e-01 1.134521077495810465e-01 1.085459557000285763e-01 1.056833460955385884e-01 1.039092036111105705e-01 1.027477478814398659e-01 1.019467800684651648e-01 1.013663360300415678e-01 1.009245915402425392e-01 1.005726905719347974e-01 1.002796644168120060e-01 1.000263313736832055e-01 9.979964958563869448e-02 9.959137644591464777e-02 9.939587407177896683e-02 9.920946051062856652e-02 9.902956383441051391e-02
6.552168960205745352e-01 5.461295861348662850e-01 4.525367857755179801e-01 3.705677132451182798e-01 3.011486998921600322e-01 2.461961868115031260e-01 2.051772609788804491e-01 1.756791191679894781e-01 1.548022492494783298e-01 1.400163543366943486e-01 1.294207356480183146e-01 1.216900160384830065e-01 1.159288208861835312e-01 1.115382073237560639e-01 1.081159452471183585e-01 1.053892675781389759e-01 1.031709115469129773e-01 1.013306766678579163e-01 9.977665572485421019e-02 9.844299881951883158e-02
4.935092744626899952e-01 3.962524196289086698e-01 3.184436230662686107e-01 2.578780145291239001e-01 2.124406323549919706e-01 1.793211979069747053e-01 1.556458083528559633e-01 1.388880299770971771e-01 1.270328161003999312e-01 1.185750396153889552e-01 1.124429725564550647e-01 1.078996658464893704e-01 1.044488809013273539e-01 1.017601523676421454e-01 9.961236477247439880e-02 9.785681517561897746e-02 9.639181853272020539e-02 9.514642146183177607e-02 9.407069446286187020e-02 9.312839546590112594e-02
4.110287209245507278e-01 2.894421561047784142e-01 2.058708334195398504e-01 1.594518791906671118e-01 1.351322867715316622e-01 1.218030156000895620e-01 1.139271868654032072e-01 1.089141498482058545e-01 1.055069835222821051e-01 1.030592309782514399e-01 1.012178479605063269e-01 9.977873033822107218e-02 9.861746471993683427e-02 9.765480799316719751e-02 9.683784355293027779e-02 9.613047224833280724e-02 9.550734076452499499e-02 9.494960604752122890e-02 9.444357073327409868e-02 9.397919391827599944e-02
4.326634947048841884e-01 3.259328681668012262e-01 2.375519867548064323e-01 1.744396715561742917e-01 1.398145138655672859e-01 1.226529272121842928e-01 1.139425219118129495e-01 1.092120935156708633e-01 1.064335219078930139e-01 1.046648087969515445e-01 1.034466929355403464e-01 1.025435897981515215e-01 1.018294929101830337e-01 1.012350843113381388e-01 1.007204910297878064e-01 1.002622846927260919e-01 9.984583892568479890e-02 9.946191257447935252e-02 9.910443773318547422e-02 9.876841315388446008e-02
5.854878651884609653e-01 4.332660186245629874e-01 3.174997048047953352e-01 2.337188235601624364e-01 1.801327591025619901e-01 1.481856487129698530e-01 1.292407742669456627e-01 1.177245327783748574e-01 1.104895974294049649e-01 1.057857057190267347e-01 1.026171463466016565e-01 1.004011125571560165e-01 9.878748877090401392e-02 9.756189902778715506e-02 9.659118198556825019e-02 9.579145257535856550e-02 9.510920639091637041e-02 9.451006389979738076e-02 9.397143234382383803e-02 9.347832856525201128e-02
5.043336709463923651e-01 3.864332461372623762e-01 2.837483069839578098e-01 2.080851450479159481e-01 1.609487256333795857e-01 1.335324868757197803e-01 1.176355064751260227e-01 1.081777649828291055e-01 1.023519311904237811e-01 9.863486709655262807e-02 9.618358484192868207e-02 9.451621531443379909e-02 9.334810106120131068e-02 9.250636802993540686e-02 9.188233710723579806e-02 9.140647850057576074e-02 9.103329144534655359e-02 9.073223688188590541e-02 9.048270804916683230e-02 9.027074030047516073e-02
1.082821843085111979e+00 8.934671020210953607e-01 7.134464390811626755e-01 5.332331279299655780e-01 3.689727363498241375e-01 2.639487563250804691e-01 2.065328125626547384e-01 1.735440125456079730e-01 1.526148391701281082e-01 1.384410737617872700e-01 1.286123014532495334e-01 1.217854428710415937e-01 1.170557502901647257e-01 1.137710175313986771e-01 1.114656890078913470e-01 1.098171139962505483e-01 1.086070216016378209e-01 1.076905858237296315e-01 1.069719221116974955e-01 1.063875266141258158e-01
1.962762401922373001e-01 1.613665836967993483e-01 1.416630147467367318e-01 1.301484308717772431e-01 1.231709389120805992e-01 1.187008524884004129e-01 1.156735470949206562e-01 1.135175345616880743e-01 1.119117342936806342e-01 1.106666187616065083e-01 1.096659006143454462e-01 1.088354263512883308e-01 1.081267203344032229e-01 1.075071350939106191e-01 1.069544452265836360e-01 1.064529809483792666e-01 1.059916947828605793e-01 1.055625530227553149e-01 1.051597895170561930e-01 1.047789539396762892e-01
3.297032662122865165e-01 2.383260807765873457e-01 1.759749020054005020e-01 1.410252614913042601e-01 1.226948245870880805e-01 1.127788193174637799e-01 1.070607208902947666e-01 1.035311012004967723e-01 1.012078727537300410e-01 9.958625065512023700e-02 9.839265084010548335e-02 9.747110188356600258e-02 9.672914049937389458e-02 9.610958741628565505e-02 9.557599709718488101e-02 9.510444489307701144e-02 9.467877080664038880e-02 9.428803248447366336e-02 9.392456306959502677e-02 9.358276282669976409e-02
3.742581877327211259e-01 2.649450185836758620e-01 2.020685658627189574e-01 1.673003360675647810e-01 1.477248646016232625e-01 1.361246908945031586e-01 1.288178395992145009e-01 1.239271089737303544e-01 1.204642920801416023e-01 1.178878353233449167e-01 1.158869551657699115e-01 1.142763424594886584e-01 1.129407249554060383e-01 1.118060690863058038e-01 1.108227470656856922e-01 1.099564740597270412e-01 1.091832508356310460e-01 1.084853322966955608e-01 1.078493274329230256e-01 1.072653855103999354e-01
9.248005891460343575e-01 7.763622956504696582e-01 6.223806182539237675e-01 4.792825789623201826e-01 3.669526569438312236e-01 2.888316446654789482e-01 2.368254721963603537e-01 2.020626089218421906e-01 1.782702611107379320e-01 1.614991001156158845e-01 1.493162831128574952e-01 1.402109699236461782e-01 1.332280150259612106e-01 1.277504445239901476e-01 1.233693003957159751e-01 1.198061435332056085e-01 1.168658554239664221e-01 1.144082982052350428e-01 1.123301350953988670e-01 1.105538439383963178e-01
5.614661955288101636e-01 4.892306971855617803e-01 4.183112682577569963e-01 3.473545988018496011e-01 2.807595994603036549e-01 2.262877855182159614e-01 1.871440293104387753e-01 1.608250610646791701e-01 1.433312868067878332e-01 1.314757628535153378e-01 1.231730630417587208e-01 1.171417756209848504e-01 1.126025749836117029e-01 1.090751970355631761e-01 1.062570490763755510e-01 1.039515417232178135e-01 1.020276320673292464e-01 1.003951945807784740e-01 9.899087780271656478e-02 9.776830640214029255e-02
6.052245897654574547e-01 5.131657530248230348e-01 4.229268653067424499e-01 3.443143023058019003e-01 2.840487714929622598e-01 2.364935277051699869e-01 1.964044592560094393e-01 1.635934663424268298e-01 1.393216156524431371e-01 1.230471014992508549e-01 1.127438458446704261e-01 1.063270169497991385e-01 1.022846272362221559e-01 9.966779242007760276e-02 9.791260680343839840e-02 9.668730329081881569e-02 9.579584073653676923e-02 9.511924947481020798e-02 9.458447017299477511e-02 9.414535137635539341e-02
