3.689920627931133068e-01 3.602661657752468938e-01 3.509794321935623684e-01 3.410399105213582360e-01 3.305954682454466664e-01 3.198886230960488186e-01 3.092118483036756516e-01 2.988610836490988576e-01 2.890945096313953244e-01 2.801014828681945845e-01 2.719934237748384276e-01 2.648071284592151686e-01 2.585207731276750742e-01 2.530721792578697338e-01 2.483770297467708665e-01 2.443417488038539809e-01 2.408731421828269881e-01 2.378848370909690813e-01 2.352996543049812317e-01 2.330502420663833618e-01
3.834430877212435251e-01 3.705043411627411687e-01 3.575479366071522280e-01 3.446369266882538529e-01 3.320440568029880413e-01 3.199887410551309763e-01 3.086476716026663736e-01 2.981488620117306865e-01 2.885690222308039399e-01 2.799360414221883087e-01 2.722371692210435734e-01 2.654279594123363228e-01 2.594425873458385268e-01 2.542027655988931545e-01 2.496257381141185894e-01 2.456291183084249596e-01 2.421347901970148098e-01 2.390707019716501180e-01 2.363729382306337390e-01 2.339850050210952881e-01
3.195992173254489921e-01 3.133298613131046406e-01 3.083041024208068581e-01 3.041164956986904255e-01 3.006554128229618206e-01 2.978127229213714533e-01 2.954869209229946114e-01 2.935860806703567416e-01 2.920303970575332531e-01 2.907515096664428644e-01 2.896931976079940574e-01 2.888085886836052052e-01 2.880602231621742226e-01 2.874181371927261308e-01 2.868576055765151844e-01 2.863599744439124795e-01 2.859100136160850347e-01 2.854957905411720231e-01 2.851079279184341453e-01 2.847389879822730951e-01
4.369699120800942249e-01 4.263501903135329396e-01 4.150921107642352448e-01 4.031713513657450565e-01 3.909489817917347065e-01 3.787597431428730288e-01 3.668976406008004898e-01 3.555991816520691073e-01 3.450344187393784567e-01 3.353081411123275957e-01 3.264668284729123071e-01 3.185111605748534025e-01 3.114072073996067003e-01 3.050983503460883983e-01 2.995151784271001816e-01 2.945825211703777535e-01 2.902246855199336895e-01 2.863692162185907386e-01 2.829489883780479387e-01 2.799031399935483777e-01
2.392363624274730649e-01 2.361221415549516756e-01 2.339682943373918578e-01 2.321194466203451157e-01 2.305337774753570546e-01 2.291702082753181435e-01 2.279925018548965565e-01 2.269702844321727642e-01 2.260777547955513112e-01 2.252933594584465016e-01 2.245998775959014981e-01 2.239822760224342291e-01 2.234287834167480447e-01 2.229297728836536485e-01 2.224766990542411671e-01 2.220629791915416651e-01 2.216830870509147733e-01 2.213324445486068714e-01 2.210071095824241716e-01 2.207041636109352001e-01
3.891255054622888565e-01 3.796652255579829327e-01 3.707496561110019684e-01 3.618944771960377893e-01 3.532285718247294426e-01 3.448427168279886157e-01 3.368045759946107776e-01 3.291612979024648444e-01 3.219430739060044067e-01 3.151651870831846947e-01 3.088290099799633204e-01 3.029263104498386427e-01 2.974404559284448690e-01 2.923488387465477123e-01 2.876261349767446629e-01 2.832435679435729714e-01 2.791730735450982936e-01 2.753866847604513057e-01 2.718574421107768924e-01 2.685597835481166595e-01
3.519559948064852617e-01 3.367674105754122071e-01 3.221455000201240426e-01 3.082617168035358124e-01 2.953367348131723524e-01 2.834638687805272617e-01 2.726637205760926164e-01 2.629098043218254799e-01 2.541459092334844017e-01 2.462994194030761752e-01 2.392906970065087069e-01 2.330392756173387259e-01 2.274670984968543141e-01 2.225017636734992199e-01 2.180775182927027211e-01 2.141349210543558035e-01 2.106213845731690626e-01 2.074903208017349343e-01 2.047007165849208943e-01 2.022159638255834613e-01
2.801186208426952318e-01 2.766604311764240265e-01 2.737678249180316992e-01 2.709972921013832359e-01 2.683181945979595251e-01 2.657130725681781658e-01 2.631695766746997567e-01 2.606778246164321855e-01 2.582305356860160606e-01 2.558218498528003759e-01 2.534474670886993630e-01 2.511045908927917458e-01 2.487911391258239846e-01 2.465063942968845345e-01 2.442504385113716259e-01 2.420239709317684174e-01 2.398284044861793418e-01 2.376654498279094641e-01 2.355375374853611037e-01 2.334475229680538222e-01
3.313108888640999838e-01 3.233495125360786870e-01 3.154618428461253843e-01 3.076513580232858591e-01 3.000214780494570577e-01 2.926811442524194784e-01 2.857225063815713173e-01 2.792137249559163981e-01 2.731949550658464565e-01 2.676774295419454552e-01 2.626504398882388847e-01 2.580849847197532743e-01 2.539420796930789703e-01 2.501764915883540885e-01 2.467422804236412137e-01 2.435954327881336146e-01 2.406957063078880299e-01 2.380073687434196561e-01 2.354998144507408075e-01 2.331474107503891113e-01
2.177375684678554413e-01 2.154909995198249772e-01 2.138277490437030803e-01 2.122340442240238101e-01 2.107016278803348630e-01 2.092288614809513225e-01 2.078150999546050925e-01 2.064599731564521756e-01 2.051633334159851108e-01 2.039246007800102345e-01 2.027431572228670098e-01 2.016183526813983828e-01 2.005490672588348400e-01 1.995342629402875878e-01 1.985725313425064087e-01 1.976625563949346576e-01 1.968025502562522899e-01 1.959912512451410238e-01 1.952265948057174683e-01 1.945068635046482142e-01
3.522730645537376359e-01 3.508416002988815063e-01 3.499165049195289701e-01 3.490242469310760320e-01 3.481661868095398127e-01 3.473434883356094627e-01 3.465565609931945956e-01 3.458053088188171587e-01 3.450891280174255282e-01 3.444071543216705167e-01 3.437579953670501509e-01 3.431400105357170216e-01 3.425513809919357167e-01 3.419901680946350053e-01 3.414541831612586953e-01 3.409412384033203014e-01 3.404492720961570518e-01 3.399760168790817438e-01 3.395193025469779857e-01 3.390771889686584606e-01
3.403882506489753768e-01 3.398712308704853191e-01 3.395364983379841051e-01 3.391780129075050443e-01 3.387925821542739913e-01 3.383782947063446178e-01 3.379332116246223650e-01 3.374557802081107893e-01 3.369443660974502652e-01 3.363976547122001781e-01 3.358142268657684504e-01 3.351930612325668135e-01 3.345328009128570312e-01 3.338326156139374001e-01 3.330916905403137340e-01 3.323091021180152871e-01 3.314842626452446095e-01 3.306166386604308949e-01 3.297055876255035600e-01 3.287506511807441467e-01
3.324751021526753947e-01 3.198238997906446279e-01 3.078203640133142516e-01 2.964387244358658857e-01 2.859040666371583939e-01 2.763371792808175242e-01 2.677842685580253401e-01 2.602345392853021577e-01 2.536365785449743449e-01 2.479124417155981197e-01 2.429699965566396724e-01 2.387130294740200109e-01 2.350473164767026835e-01 2.318848817050457034e-01 2.291465982794761713e-01 2.267629291117191359e-01 2.246735611557960643e-01 2.228279821574687958e-01 2.211828435957431671e-01 2.197027468681335416e-01
3.221114668250084079e-01 3.210263064503669495e-01 3.205944147706031866e-01 3.201619216799735934e-01 3.197247669100761192e-01 3.192822900414467036e-01 3.188341209292411826e-01 3.183800628781318642e-01 3.179200860857963606e-01 3.174541494250297524e-01 3.169823637604713418e-01 3.165045654773712136e-01 3.160207352042198048e-01 3.155310699343681358e-01 3.150354790687561191e-01 3.145340344309806579e-01 3.140268984436989097e-01 3.135138669610023632e-01 3.129949840903282210e-01 3.124707445502281078e-01
3.896195610286667943e-01 3.770676616067066833e-01 3.649766331631690286e-01 3.532607230078428917e-01 3.421258831396699063e-01 3.316947031207382879e-01 3.220376833714544973e-01 3.131871858984232038e-01 3.051436225883662479e-01 2.978852245397865528e-01 2.913732603192329407e-01 2.855588411539792815e-01 2.803866674005985327e-01 2.757995470613241462e-01 2.717396034300327279e-01 2.681515912711620597e-01 2.649833029881119573e-01 2.621861188113689400e-01 2.597158025577664398e-01 2.575322175770998201e-01
2.152252217382192578e-01 2.123951425403356463e-01 2.102240431308746438e-01 2.082796432077884674e-01 2.065425521880388249e-01 2.049915057420730602e-01 2.036059483140706949e-01 2.023669233918189980e-01 2.012574031203985259e-01 2.002623325586319059e-01 1.993681906908750523e-01 1.985630808770656452e-01 1.978366345912218049e-01 1.971796063333749738e-01 1.965838418155908540e-01 1.960422565042972687e-01 1.955489557236433085e-01 1.950982325524091843e-01 1.946855150908231857e-01 1.943066409230232161e-01
2.718494197726249451e-01 2.706623813509941301e-01 2.702160426974296592e-01 2.697683021426200978e-01 2.693155339360236988e-01 2.688564714789390409e-01 2.683901914954185397e-01 2.679160103201866372e-01 2.674331143498420715e-01 2.669410243630409019e-01 2.664395672082900957e-01 2.659283402562141463e-01 2.654075923562049799e-01 2.648769173026084833e-01 2.643365639448165827e-01 2.637864667177200473e-01 2.632273155450821078e-01 2.626587504148483188e-01 2.620813798904418901e-01 2.614955705404281572e-01
3.449156715348362656e-01 3.351095993071794288e-01 3.264275410026311608e-01 3.182793990150094010e-01 3.107310309261083758e-01 3.037960000708699315e-01 2.974617858231067835e-01 2.917003659904003343e-01 2.864737098664045245e-01 2.817380633950233304e-01 2.774476617574691550e-01 2.735568577051162853e-01 2.700217753648758157e-01 2.668015048652887522e-01 2.638585074990987822e-01 2.611592094600200809e-01 2.586741445958614105e-01 2.563767628371715346e-01 2.542443175613879891e-01 2.522570438683032767e-01
2.909432490170001939e-01 2.885223303735255929e-01 2.868478979170322463e-01 2.851736086606979637e-01 2.834941363334655962e-01 2.818070803582668482e-01 2.801111268997192316e-01 2.784051315486431033e-01 2.766890476644039421e-01 2.749622376263141654e-01 2.732253609597682931e-01 2.714790511131286443e-01 2.697240936756133967e-01 2.679614555835723722e-01 2.661923170089721680e-01 2.644184663891792075e-01 2.626411640644073509e-01 2.608621565997600311e-01 2.590833204984664961e-01 2.573064751923084259e-01
2.527805085852742328e-01 2.472230406105518363e-01 2.427481790632009528e-01 2.387872926145792052e-01 2.352877686172723803e-01 2.321899356693029326e-01 2.294362731277942713e-01 2.269735779613256399e-01 2.247550678253173728e-01 2.227405874431133137e-01 2.208960120379924730e-01 2.191927744448184945e-01 2.176076026260852780e-01 2.161217372119426661e-01 2.147194798290729401e-01 2.133890247344970570e-01 2.121208056807518116e-01 2.109074756503105108e-01 2.097434367239475184e-01 2.086250728368759244e-01
3.213394981622695878e-01 3.200847050547599992e-01 3.194805160164833069e-01 3.188708612322807556e-01 3.182524436712265148e-01 3.176244285702705117e-01 3.169863671064376831e-01 3.163376477360725358e-01 3.156780838966369851e-01 3.150071182847022921e-01 3.143249505758285434e-01 3.136309716105460943e-01 3.129250791668891640e-01 3.122069701552391274e-01 3.114767512679100236e-01 3.107342296838760398e-01 3.099794185161590665e-01 3.092120099067687811e-01 3.084320884943008156e-01 3.076397487521171370e-01
5.102819657631334493e-01 5.054957524672499813e-01 4.987241656231344855e-01 4.893682697240728796e-01 4.774417160509619729e-01 4.633025674149394146e-01 4.475439275382086524e-01 4.308591374522074968e-01 4.139258171804249264e-01 3.973257434740662397e-01 3.815051565505564457e-01 3.667668601870536782e-01 3.532839569449424677e-01 3.411233587376773513e-01 3.302746271714568360e-01 3.206742697209119530e-01 3.122266633436083794e-01 3.048210242018103422e-01 2.983412511274218804e-01 2.926740369200706571e-01
4.023898327164351918e-01 3.870228943228721796e-01 3.715987772867083705e-01 3.564413043856620722e-01 3.420511764287948453e-01 3.287597582489252268e-01 3.167550037801265539e-01 3.061022091656923072e-01 2.967745092511177019e-01 2.886836157739162689e-01 2.817066805064677992e-01 2.757071183621883637e-01 2.705484965443611389e-01 2.661034557223320163e-01 2.622576378285884635e-01 2.589109817147254855e-01 2.559784157574176988e-01 2.533881703019142395e-01 2.510806596279144265e-01 2.490064045786857527e-01
3.353637057542800948e-01 3.330952095985412753e-01 3.316230428218841508e-01 3.302169468998908952e-01 3.288710734248161405e-01 3.275810080766677901e-01 3.263427117466926597e-01 3.251515525579452559e-01 3.240032497048377924e-01 3.228935670852661199e-01 3.218182161450385825e-01 3.207732969522475996e-01 3.197550141811371094e-01 3.187597346305847124e-01 3.177841588854789512e-01 3.168253919482231229e-01 3.158804461359977500e-01 3.149468791484832941e-01 3.140223625302314692e-01 3.131048074364662370e-01
1.851198063045740028e-01 1.846317813545465536e-01 1.846098387986421507e-01 1.845916716381907352e-01 1.845748877897858686e-01 1.845590384677052442e-01 1.845439917221665393e-01 1.845294355601072300e-01 1.845154964551329602e-01 1.845019810646772451e-01 1.844887930154800459e-01 1.844758602231740818e-01 1.844632386416196757e-01 1.844507784023881047e-01 1.844385482370853313e-01 1.844264053180813823e-01 1.844144665822386731e-01 1.844026320427656074e-01 1.843908719718456157e-01 1.843792132660746486e-01
2.757498136907816089e-01 2.733830470591783746e-01 2.716033163666725092e-01 2.699624545872211234e-01 2.684483933448791326e-01 2.670515816658735053e-01 2.657625062763691037e-01 2.645717748254537427e-01 2.634699546545744009e-01 2.624483295530080640e-01 2.614985770732164427e-01 2.606129997968673617e-01 2.597845284640789010e-01 2.590066836774349013e-01 2.582734955847263425e-01 2.575796322524547821e-01 2.569201959669589752e-01 2.562907432019710385e-01 2.556874011456966578e-01 2.551064255833626060e-01
3.031931978464126320e-01 2.969775037840008958e-01 2.910516542196273648e-01 2.853310555964708173e-01 2.798874927312135497e-01 2.747869971394538702e-01 2.700780405104160065e-01 2.657876883447169991e-01 2.619222627580166107e-01 2.584704991430044063e-01 2.554077175259590327e-01 2.527007205784320698e-01 2.503119140863418468e-01 2.482023739814758212e-01 2.463344675302505393e-01 2.446734179556369904e-01 2.431879714131355286e-01 2.418508528172969851e-01 2.406386318802833657e-01 2.395315705239772774e-01
2.953068425878882519e-01 2.897892381995916256e-01 2.849418415874243049e-01 2.805345263332128525e-01 2.765546859800815382e-01 2.729847462475299968e-01 2.697989658266305990e-01 2.669650702178478219e-01 2.644477348029613539e-01 2.622102878987789265e-01 2.602169197797775113e-01 2.584337422251701266e-01 2.568302921950816886e-01 2.553792098164558433e-01 2.540565276145935192e-01 2.528419214487075961e-01 2.517178127169609203e-01 2.506696845591068201e-01 2.496853990852832827e-01 2.487548883259296517e-01
4.788627507537603356e-01 4.703650120832025827e-01 4.612174172326922172e-01 4.512041060579940477e-01 4.404144063917920238e-01 4.289249157626182085e-01 4.168269192893058195e-01 4.042477308306843264e-01 3.913644107617437751e-01 3.784000607952475725e-01 3.656013901904225372e-01 3.532031331211328284e-01 3.413997406326234607e-01 3.303269162401556991e-01 3.200598069094121589e-01 3.106212046928703563e-01 3.019934663735330260e-01 2.941323132812976859e-01 2.869782574474811776e-01 2.804643154144287331e-01
3.172822485864162378e-01 3.083661364018916995e-01 3.010882480442523823e-01 2.946439069882035300e-01 2.890097586810588814e-01 2.841238207370042623e-01 2.799104373157024206e-01 2.762919405102730042e-01 2.731930458545684948e-01 2.705435252934694224e-01 2.682801996171474412e-01 2.663465890288352900e-01 2.646933794766664350e-01 2.632780834287404836e-01 2.620634709298610421e-01 2.610184064507484192e-01 2.601155680418014704e-01 2.593323585391044683e-01 2.586494892835616843e-01 2.580504342913627625e-01
2.174685836955904950e-01 2.143398259952664364e-01 2.120696024969220272e-01 2.100502407178282682e-01 2.082598799839615877e-01 2.066718860715627548e-01 2.052603116258978899e-01 2.040015346556901810e-01 2.028743490949272976e-01 2.018606682866811719e-01 2.009447599947452590e-01 2.001129623502492794e-01 1.993537528067827191e-01 1.986572672426700492e-01 1.980151226744055748e-01 1.974202404171228331e-01 1.968665820360183671e-01 1.963491442427039158e-01 1.958634156733751186e-01 1.954058176279067915e-01
3.531686760857701279e-01 3.388259568996727644e-01 3.247209104150533543e-01 3.110944579727947801e-01 2.982410091906785854e-01 2.863368029892444655e-01 2.754756485670805111e-01 2.656869712471962020e-01 2.569503142684698149e-01 2.492111480236053334e-01 2.423939080163836357e-01 2.364127147197723489e-01 2.311797429621219591e-01 2.266107686609029892e-01 2.226271159946918432e-01 2.191579034924507063e-01 2.161402647942304578e-01 2.135186105966568049e-01 2.112435070425272010e-01 2.092711709439754597e-01
3.197377413511276467e-01 3.137240391224622726e-01 3.087119339406490526e-01 3.041488806903362430e-01 3.000312533974647256e-01 2.963328123837709605e-01 2.930182962864637530e-01 2.900498805940150970e-01 2.873893840610980965e-01 2.850005564093589516e-01 2.828495973348617576e-01 2.809056606888771235e-01 2.791414053738117129e-01 2.775323890894651480e-01 2.760575835406779976e-01 2.746984325349330902e-01 2.734388831257820174e-01 2.722652278840541618e-01 2.711658728122711137e-01 2.701305480301380291e-01
3.850789174064994103e-01 3.676677658781409286e-01 3.495874033123254621e-01 3.314514883235096798e-01 3.140265708416700163e-01 2.978855463862419284e-01 2.833961470425128693e-01 2.707285632193088265e-01 2.598925174772739322e-01 2.507828056812286266e-01 2.432278193533420618e-01 2.370248314738273576e-01 2.319689552485942885e-01 2.278680080175399802e-01 2.245506364107131836e-01 2.218702396750450168e-01 2.197036981582641546e-01 2.179493629932403587e-01 2.165245956182479947e-01 2.153631961345672530e-01
2.698190331645309858e-01 2.622835147008300005e-01 2.551733606308698721e-01 2.484637074545025803e-01 2.422661537677049670e-01 2.366578066349029619e-01 2.316735034435987439e-01 2.273103470355272160e-01 2.235371266305446747e-01 2.203032541275024292e-01 2.175487712025642451e-01 2.152108204364776567e-01 2.132281394302845134e-01 2.115452800691127733e-01 2.101127441227436110e-01 2.088878782093525066e-01 2.078347705304622595e-01 2.069233793020248402e-01 2.061288140714168660e-01 2.054305869340896651e-01
3.258220450580119887e-01 3.128798669576645097e-01 3.012529977038502782e-01 2.905498681217432155e-01 2.808642049133777685e-01 2.721988350152969582e-01 2.645071773231029710e-01 2.577153760939836502e-01 2.517353501915931546e-01 2.464752984046935935e-01 2.418457964062690757e-01 2.377640640735626254e-01 2.341553042829036813e-01 2.309535963833332095e-01 2.281016345322132155e-01 2.255501167476177127e-01 2.232567776739597387e-01 2.211858549714088573e-01 2.193071486055850894e-01 2.175953584909439131e-01
2.814330700039863742e-01 2.789739887416362585e-01 2.774398079514503457e-01 2.760481169819831715e-01 2.747788110375404269e-01 2.736124464869499340e-01 2.725304132699966631e-01 2.715171489119529991e-01 2.705590438842773171e-01 2.696447905898093911e-01 2.687649863958359031e-01 2.679113069176674022e-01 2.670769748091697537e-01 2.662569594383239480e-01 2.654463037848472373e-01 2.646411764621734442e-01 2.638384398818016119e-01 2.630355054140091076e-01 2.622302797436714128e-01 2.614212208986282371e-01
2.590410819649696106e-01 2.567158135771751559e-01 2.551612323522567949e-01 2.537337112426757968e-01 2.524215862154960410e-01 2.512114506959914895e-01 2.500905412435531772e-01 2.490475329756736689e-01 2.480724209547042758e-01 2.471563211083412093e-01 2.462922540307045105e-01 2.454735815525054821e-01 2.446945449709892195e-01 2.439509850740432806e-01 2.432388219237327509e-01 2.425547367334365823e-01 2.418959730863571300e-01 2.412597659230232283e-01 2.406448411941528309e-01 2.400487431883812084e-01
2.924603968858718872e-01 2.852363345026969754e-01 2.791584364324808387e-01 2.736662551015615619e-01 2.687552630901336448e-01 2.643857911974191732e-01 2.605058272182941281e-01 2.570606333017348977e-01 2.539961795508861586e-01 2.512621858716010959e-01 2.488130395114421800e-01 2.466082686185836759e-01 2.446127106249332550e-01 2.427952490746974890e-01 2.411306658387184221e-01 2.395961463451385387e-01 2.381735377013683430e-01 2.368470948934555120e-01 2.356038221716880710e-01 2.344327974319458108e-01
1.930543018877506345e-01 1.917647355422377464e-01 1.910005658119916794e-01 1.903331986069679294e-01 1.897506135702133057e-01 1.892405769973993235e-01 1.887918619811534970e-01 1.883949893340468307e-01 1.880416631326079502e-01 1.877249403670430139e-01 1.874389895051717658e-01 1.871791169792413612e-01 1.869410583004355308e-01 1.867222654446959451e-01 1.865205103158950883e-01 1.863336881995201200e-01 1.861603941023349806e-01 1.859991980344057050e-01 1.858487940579652831e-01 1.857083205506205592e-01
3.027996104955673062e-01 2.949950532987714036e-01 2.882822618260979519e-01 2.823983870074153191e-01 2.772706524282693707e-01 2.728286577016115211e-01 2.689988738298416115e-01 2.657071723788976825e-01 2.628827525675296872e-01 2.604599899053573475e-01 2.583800987899303458e-01 2.565911510586738609e-01 2.550484558939933866e-01 2.537135773897171154e-01 2.525537745654582999e-01 2.515417104959488115e-01 2.506542232632636980e-01 2.498718468844890461e-01 2.491785179078578882e-01 2.485607489943504333e-01
3.199609202332794888e-01 3.106328129954636363e-01 3.017576676607132136e-01 2.932766204327345028e-01 2.852956448122859201e-01 2.779071700945496826e-01 2.711597958952188248e-01 2.650587658584118156e-01 2.595778833329677737e-01 2.546719328314066000e-01 2.502856995165347875e-01 2.463602052628993955e-01 2.428368757665157196e-01 2.396609117090701957e-01 2.367827801406383603e-01 2.341585730016231548e-01 2.317506341636180744e-01 2.295269726216793149e-01 2.274603223800659157e-01 2.255284918844699948e-01
3.038323321938514732e-01 3.013840898871421592e-01 2.995114225149154707e-01 2.976330211758613786e-01 2.957339876890182628e-01 2.938098964095115506e-01 2.918586900830268949e-01 2.898796224594116233e-01 2.878722545504570074e-01 2.858365073800087086e-01 2.837736532092094421e-01 2.816841676831245422e-01 2.795693615078926331e-01 2.774306140840053780e-01 2.752697904407978013e-01 2.730884811282157654e-01 2.708886130154132821e-01 2.686716657876968561e-01 2.664398270845413363e-01 2.641950581967830725e-01
3.636620330600999207e-01 3.605396794056286991e-01 3.574916635680711052e-01 3.544068795797647997e-01 3.512746369588421458e-01 3.480914828379172987e-01 3.448557230201549917e-01 3.415656468493398212e-01 3.382192651636433123e-01 3.348143136384896801e-01 3.313482742314227125e-01 3.278185777179896676e-01 3.242229876620694728e-01 3.205594643298536606e-01 3.168263006722554787e-01 3.130223251460120260e-01 3.091466227499768404e-01 3.051984508894383663e-01 3.011771981883794025e-01 2.970827924087643401e-01
2.627498142421245686e-01 2.590408387035131321e-01 2.561059555411338562e-01 2.535831471532583037e-01 2.514125421643257363e-01 2.495387231558561236e-01 2.479098585247993536e-01 2.464780253171920676e-01 2.452002857625484589e-01 2.440387898683548107e-01 2.429608464241027888e-01 2.419382479786872930e-01 2.409475122392177593e-01 2.399688667058944569e-01 2.389866234362125474e-01 2.379888196289539348e-01 2.369669714570045438e-01 2.359162934124469646e-01 2.348359231650829215e-01 2.337285706400871188e-01
2.005351682845503136e-01 1.981207654532045059e-01 1.963391161523759254e-01 1.947499728389084361e-01 1.933440080378204529e-01 1.921075207926332962e-01 1.910252496600151062e-01 1.900815297663211723e-01 1.892611793056130365e-01 1.885498000122606821e-01 1.879339384287595782e-01 1.874015118740499086e-01 1.869414778612553951e-01 1.865439899638295096e-01 1.862005812861025345e-01 1.859035380184650421e-01 1.856462890282273293e-01 1.854231487587094385e-01 1.852292734757065851e-01 1.850603623688220900e-01
2.082094307243823883e-01 2.072339844703674216e-01 2.069740948081016663e-01 2.067280119657516346e-01 2.064919397234916687e-01 2.062647527456283603e-01 2.060451921820640464e-01 2.058327636122703475e-01 2.056267330050468578e-01 2.054264587163925071e-01 2.052314859628677490e-01 2.050412225723266535e-01 2.048556455969810508e-01 2.046742317080497697e-01 2.044967374205589328e-01 2.043228837847709534e-01 2.041527238488197449e-01 2.039856183528900024e-01 2.038218782842159404e-01 2.036609792709350719e-01
2.259722463786602020e-01 2.235291612148284923e-01 2.217465417087078061e-01 2.201542831957340185e-01 2.187185524404048897e-01 2.174139691889286075e-01 2.162195958197116741e-01 2.151183193922042713e-01 2.140961235761642545e-01 2.131417687237262826e-01 2.122453668713569774e-01 2.113995458185672638e-01 2.105976971983909707e-01 2.098346671462059110e-01 2.091059412062168110e-01 2.084079897403716963e-01 2.077378411591052909e-01 2.070931030809879392e-01 2.064715206623077282e-01 2.058714596927165852e-01
3.792667784914374174e-01 3.687276270613074058e-01 3.586940268054604752e-01 3.489828668534755707e-01 3.397304744645953112e-01 3.310100997239351361e-01 3.228614941984415121e-01 3.152976909279823214e-01 3.083116895705461658e-01 3.018811415135860265e-01 2.959729070216417512e-01 2.905469233542680718e-01 2.855601814389228665e-01 2.809688443690538384e-01 2.767300286144018240e-01 2.728037022054195515e-01 2.691528628766536868e-01 2.657448601722717241e-01 2.625498880445957250e-01 2.595424099266528950e-01
3.376698920130729586e-01 3.371447479724883900e-01 3.368591636419296376e-01 3.365628635883331499e-01 3.362529170513153254e-01 3.359279808402061418e-01 3.355869057774543696e-01 3.352285608649253623e-01 3.348516109585761846e-01 3.344550701975822493e-01 3.340374711155891241e-01 3.335976862907409912e-01 3.331342670321464361e-01 3.326458111405372620e-01 3.321308445930480913e-01 3.315878820419311257e-01 3.310153129696846164e-01 3.304114013910293690e-01 3.297746407985687189e-01 3.291031366586685269e-01
