2.858234702050685971e-01 2.776445086300373122e-01 2.712293559312820568e-01 2.655967077612876870e-01 2.607025451958179252e-01 2.564726881682872772e-01 2.528050106763839455e-01 2.495940420031547424e-01 2.467497834563255332e-01 2.442022669315338235e-01 2.419002932310104492e-01 2.398069024085998646e-01 2.378962981700897261e-01 2.361479753255844027e-01 2.345472684502601657e-01 2.330808904767036338e-01 2.317381718754768505e-01 2.305094203352928139e-01 2.293848252296447621e-01 2.283565306663513095e-01
3.156842136383056774e-01 2.996443857252597542e-01 2.876133887469768391e-01 2.790158936381340049e-01 2.730159918963909194e-01 2.687315824627876104e-01 2.654883593320846447e-01 2.628477779030800043e-01 2.605472049117088518e-01 2.584385082125663646e-01 2.564428591728210582e-01 2.545197626948356717e-01 2.526504620909690857e-01 2.508280616998672663e-01 2.490512242913246188e-01 2.473222056031227079e-01 2.456437590718269226e-01 2.440195906162261896e-01 2.424523523449897688e-01 2.409447717666625965e-01
3.682311769016087255e-01 3.352792014554142885e-01 3.080137205123901212e-01 2.863893038034439065e-01 2.699137687683105247e-01 2.575032696127891318e-01 2.480737575888633806e-01 2.407445691525936238e-01 2.348632508516311779e-01 2.299721223115921143e-01 2.257633854448795330e-01 2.220372527837753407e-01 2.186697730422020036e-01 2.155860431492328533e-01 2.127431510388851088e-01 2.101157056540250700e-01 2.076889805495739094e-01 2.054523752629756894e-01 2.033979687839746475e-01 2.015175942331552394e-01
3.645404998492449700e-01 3.237929420173168427e-01 2.879403854906559257e-01 2.616861534118652410e-01 2.448355112969875236e-01 2.344659839570522319e-01 2.279193657636642556e-01 2.235093414783477783e-01 2.203001813590526603e-01 2.177947869896888766e-01 2.157307139039039701e-01 2.139646521210670504e-01 2.124158334732055564e-01 2.110348813235759791e-01 2.097910009324550629e-01 2.086619420349598020e-01 2.076319336891174205e-01 2.066880375146865900e-01 2.058205942809581690e-01 2.050208488106727567e-01
3.619292902387678534e-01 3.376452465355396226e-01 3.174101962894201323e-01 3.019493580609560190e-01 2.908067196607589944e-01 2.828332619369030021e-01 2.769080594182014576e-01 2.722210849821567469e-01 2.682703378796577609e-01 2.647716104984283447e-01 2.615727666020393194e-01 2.585954210162162981e-01 2.557997485995292530e-01 2.531652742624282970e-01 2.506816112995147727e-01 2.483415058255195595e-01 2.461396679282188416e-01 2.440715086460113481e-01 2.421319609880447365e-01 2.403159093856811479e-01
4.284460952947847789e-01 3.763583019049838163e-01 3.212127511482685827e-01 2.751179188862443170e-01 2.427185256965458393e-01 2.221027915179729362e-01 2.095531869679689296e-01 2.019757085666060437e-01 1.973324107006192152e-01 1.944012158736586615e-01 1.924765962362289529e-01 1.911543405055999845e-01 1.902031059935689050e-01 1.894877281039953343e-01 1.889288367703557125e-01 1.884780520573258455e-01 1.881053758412599697e-01 1.877910371497273356e-01 1.875216485932469368e-01 1.872884782031178363e-01
3.761277478933334195e-01 3.383040395751595319e-01 3.057274014875293044e-01 2.796232311427593320e-01 2.601819477230310484e-01 2.462480685114860623e-01 2.363620899617671911e-01 2.292723025381565027e-01 2.240631055831909246e-01 2.201165404915809698e-01 2.170317812263965473e-01 2.145507429540157440e-01 2.125075328350067017e-01 2.107934764027595553e-01 2.093340098857879583e-01 2.080772364139557018e-01 2.069848552346229553e-01 2.060286787152290355e-01 2.051859328150749118e-01 2.044392433762550476e-01
2.200570963323116302e-01 2.158488924801349740e-01 2.133457113802433025e-01 2.110863460600376218e-01 2.089998327195644323e-01 2.070537151396274478e-01 2.052333047986030501e-01 2.035312868654727825e-01 2.019450571388006210e-01 2.004723986983299178e-01 1.991110297292471021e-01 1.978581561893224816e-01 1.967096037417650212e-01 1.956605100631713945e-01 1.947055319696664732e-01 1.938386365026235625e-01 1.930540529638528902e-01 1.923458702117204766e-01 1.917075587064027697e-01 1.911331219971179884e-01
3.463858851790428406e-01 3.195837478339672022e-01 2.989932567626237825e-01 2.849801370501518494e-01 2.761523695290088454e-01 2.706897939741611525e-01 2.671597990393638766e-01 2.646535629034042492e-01 2.626553258299827442e-01 2.608906358480453380e-01 2.592201980948448115e-01 2.575755792856216364e-01 2.559268212318420166e-01 2.542636269330978416e-01 2.525853043794631936e-01 2.508966046571731723e-01 2.492042231559753462e-01 2.475160241127014049e-01 2.458400091528892550e-01 2.441835510730743508e-01
5.069734374643303232e-01 4.842850567284039953e-01 4.427612896566279210e-01 3.877129056956619135e-01 3.368305801786482534e-01 2.999579870887100763e-01 2.766260966286063216e-01 2.627422782778739974e-01 2.545968174934387096e-01 2.497328869998454992e-01 2.466947775334119852e-01 2.446522272378206242e-01 2.431331741809844849e-01 2.418657286465167866e-01 2.406899741291999850e-01 2.395089720189571281e-01 2.382621893286704928e-01 2.369119501113891579e-01 2.354348906874656755e-01 2.338183991611003931e-01
2.129086667299270597e-01 2.079157398641109378e-01 2.048519007861614172e-01 2.022458584606647569e-01 2.000570209324359916e-01 1.982398316264152582e-01 1.967405380308628049e-01 1.955047813802957557e-01 1.944818732887506618e-01 1.936284461617469865e-01 1.929093359410762876e-01 1.922966973483562492e-01 1.917687457799911455e-01 1.913089926540851582e-01 1.909047041088342556e-01 1.905461220443248616e-01 1.902254580706357889e-01 1.899367970973253328e-01 1.896751753240823735e-01 1.894366851449012790e-01
3.458013617922551797e-01 3.315788993658497774e-01 3.150156956724822765e-01 2.965705375932157217e-01 2.784207375720143540e-01 2.629743254184722656e-01 2.514210115373134435e-01 2.435259482264518771e-01 2.383604185283184074e-01 2.349772730469703585e-01 2.326780472695827440e-01 2.310191985964775152e-01 2.297398802638054016e-01 2.286924266815185680e-01 2.277940198779106196e-01 2.269984409213066101e-01 2.262799325585365395e-01 2.256228658556938271e-01 2.250176793336868264e-01 2.244580098986625749e-01
2.556876955926418171e-01 2.502724227309227056e-01 2.471206940710544697e-01 2.447068428993225131e-01 2.427437576651573226e-01 2.410610640048980735e-01 2.395586556196212802e-01 2.381791320443153448e-01 2.368899333477020308e-01 2.356734427809715204e-01 2.345197305083274730e-01 2.334237682819366444e-01 2.323826411366462785e-01 2.313941308856010404e-01 2.304573610424995311e-01 2.295710805058479298e-01 2.287338855862617593e-01 2.279446578025817738e-01 2.272016653418540977e-01 2.265035390853881725e-01
2.244018528982996974e-01 2.095450273528695062e-01 1.994886104017496165e-01 1.930774941295385350e-01 1.892385394126176734e-01 1.870313745737075817e-01 1.857952179387211689e-01 1.851150272041559297e-01 1.847450864687562033e-01 1.845450769737362884e-01 1.844360464811325151e-01 1.843747741356492054e-01 1.843371198326349270e-01 1.843108995258808114e-01 1.842890313640236921e-01 1.842687016353011242e-01 1.842480285093188175e-01 1.842269007116556223e-01 1.842047897353768227e-01 1.841819355636835076e-01
3.203202680210233688e-01 3.080616647517308571e-01 2.937409069342538648e-01 2.785250764526426837e-01 2.652642109617591171e-01 2.559584316983818941e-01 2.505438183993101142e-01 2.477664203196764114e-01 2.463942614197731085e-01 2.456443610787391596e-01 2.451066224277019534e-01 2.445837986469268921e-01 2.439794653654098477e-01 2.432404898107051738e-01 2.423298658430576291e-01 2.412154577672481481e-01 2.398661607503891069e-01 2.382517300546169170e-01 2.363481867313385054e-01 2.341431494057178431e-01
4.419526949618011735e-01 4.148960030078888139e-01 3.866366524994373499e-01 3.630805902183055767e-01 3.468247982859611334e-01 3.369432196021079906e-01 3.313176663219928875e-01 3.281580922007560908e-01 3.263236790895461814e-01 3.251718461513519176e-01 3.243608430027961620e-01 3.237138321995735035e-01 3.231405338644981473e-01 3.225968214869499029e-01 3.220606145262718267e-01 3.215219983458518782e-01 3.209770235419273643e-01 3.204242661595344543e-01 3.198641118407249406e-01 3.192965835332870483e-01
3.479581183195114003e-01 3.417907035350799538e-01 3.382974532246589838e-01 3.354376679658889748e-01 3.330378222465515403e-01 3.309557437896728516e-01 3.290816670656204201e-01 3.273337918519974021e-01 3.256513109803199635e-01 3.239907175302505493e-01 3.223197144269943082e-01 3.206156456470489746e-01 3.188621735572814697e-01 3.170478844642639071e-01 3.151649776101112521e-01 3.132084551453590548e-01 3.111758702993392967e-01 3.090664681792258950e-01 3.068810388445853965e-01 3.046216678619384499e-01
2.845630255341529691e-01 2.805532091856002830e-01 2.784436017274856678e-01 2.762927699089050559e-01 2.740960690379142806e-01 2.718565735220909163e-01 2.695784354209899703e-01 2.672670301795005976e-01 2.649272111058235124e-01 2.625655397772789224e-01 2.601882168650627158e-01 2.578022155165672347e-01 2.554140987992286616e-01 2.530315682291984780e-01 2.506616359949112027e-01 2.483114933967590365e-01 2.459881973266601629e-01 2.436979445815086465e-01 2.414481645822524891e-01 2.392438784241676386e-01
1.897092156484723180e-01 1.878741462156176545e-01 1.872722905501723323e-01 1.867654545232653729e-01 1.863324751704931170e-01 1.859618113562464814e-01 1.856441878527402833e-01 1.853728030994534481e-01 1.851417566835880379e-01 1.849456979334354323e-01 1.847800011560320754e-01 1.846398523077368847e-01 1.845213825628161386e-01 1.844206603616476148e-01 1.843348414078354869e-01 1.842611966282129421e-01 1.841981471329927345e-01 1.841434393078088816e-01 1.840958269312977791e-01 1.840541922673583075e-01
3.211701449169777067e-01 2.935492868069559114e-01 2.670099971070885592e-01 2.454806207120418526e-01 2.304196003824472427e-01 2.208103349804878268e-01 2.148585608601570052e-01 2.110692085325718004e-01 2.084838062524795588e-01 2.065597485005855605e-01 2.050085651874542225e-01 2.036812172830104739e-01 2.025010225921869411e-01 2.014281235635280720e-01 2.004406359046697617e-01 1.995258542150258885e-01 1.986755941063165776e-01 1.978836581110954285e-01 1.971447765827178955e-01 1.964547238498926263e-01
2.792746519297361618e-01 2.524877895414829321e-01 2.349904763698577870e-01 2.237727327644825071e-01 2.168490961194038391e-01 2.126100602746009705e-01 2.099825647473335388e-01 2.083077877759933472e-01 2.071965709328651428e-01 2.064238357543945190e-01 2.058579626679420405e-01 2.054228156805038563e-01 2.050732874870300204e-01 2.047817248106002797e-01 2.045311361551284679e-01 2.043105208873748913e-01 2.041125828027725297e-01 2.039321973919868414e-01 2.037658327817916948e-01 2.036106780171394459e-01
3.774718676880002288e-01 3.466367213986814022e-01 3.185336739756167157e-01 2.949184305593371414e-01 2.767675187066197529e-01 2.636834745109081224e-01 2.546193027496337913e-01 2.484478787332773109e-01 2.442332421988248903e-01 2.412919227033853420e-01 2.391578289121389367e-01 2.375260165333747953e-01 2.362003876268863600e-01 2.350573879480361839e-01 2.340196922421455272e-01 2.330398115515708857e-01 2.320895160734653406e-01 2.311531634628772869e-01 2.302235415577888467e-01 2.292992913722992077e-01
2.989992632018402263e-01 2.866475804103538194e-01 2.720513544604182266e-01 2.567925851419567973e-01 2.434303432330489070e-01 2.335346399992704325e-01 2.271154358983039911e-01 2.232921421527862549e-01 2.210973480343818576e-01 2.198239228129386935e-01 2.190426716208457858e-01 2.185168983042240221e-01 2.181238061189651467e-01 2.178016003966331549e-01 2.175200614333152871e-01 2.172649529576301530e-01 2.170290759205818210e-01 2.168090271949768000e-01 2.166033282876014820e-01 2.164108377695083685e-01
2.602327902615070299e-01 2.551047621667384968e-01 2.513013176620006450e-01 2.477366033196449213e-01 2.443670628964901004e-01 2.411987072229385409e-01 2.382550942897796731e-01 2.355605453252792303e-01 2.331329937279224274e-01 2.309802351891994399e-01 2.290987269580364305e-01 2.274758622050285228e-01 2.260914951562881525e-01 2.249208801984786954e-01 2.239366474747657709e-01 2.231120717525482133e-01 2.224218842387199468e-01 2.218426540493965149e-01 2.213548713922500744e-01 2.209414330124855053e-01
3.589967827498912745e-01 3.412756145000457875e-01 3.298418742418289251e-01 3.217310845851898415e-01 3.159453785419464311e-01 3.116548937559127652e-01 3.082767823338508628e-01 3.054324343800544628e-01 3.028873613476752991e-01 3.004994273185729869e-01 2.981849327683449014e-01 2.958950757980346458e-01 2.936033692955970498e-01 2.912953808903694375e-01 2.889653888344764776e-01 2.866118755936622464e-01 2.842361909151077115e-01 2.818415623903274270e-01 2.794316565990447865e-01 2.770111843943595664e-01
2.563221703469753532e-01 2.500924877077341235e-01 2.473387496173381772e-01 2.456440556049346857e-01 2.445774154365062680e-01 2.438841462135314941e-01 2.434162586927413885e-01 2.430873736739158630e-01 2.428468814492225625e-01 2.426637654006481293e-01 2.425196507573127713e-01 2.424022689461708124e-01 2.423036770522594419e-01 2.422186027467250757e-01 2.421430222690105494e-01 2.420739336311817091e-01 2.420089317858219180e-01 2.419460302591323886e-01 2.418831139802932739e-01 2.418184825778007530e-01
2.628689175844192705e-01 2.585302014648914182e-01 2.560758562386035719e-01 2.535263803601264798e-01 2.508515085279941492e-01 2.480519509315490811e-01 2.451511062681674957e-01 2.421941609680652585e-01 2.392452231049537748e-01 2.363773754239082425e-01 2.336635655164718550e-01 2.311642800271511144e-01 2.289198082685470481e-01 2.269457021355628934e-01 2.252355685830116361e-01 2.237680569291114752e-01 2.225133755803108127e-01 2.214406582713127070e-01 2.205205193161964283e-01 2.197286304831504722e-01
3.838144228234887101e-01 3.425621854513883346e-01 3.034476219117641649e-01 2.712446343153714912e-01 2.480841860175132807e-01 2.327621224522590515e-01 2.229309850186109443e-01 2.165410058945417271e-01 2.122017517685890198e-01 2.090711026638746306e-01 2.066640452295541719e-01 2.047063239663839407e-01 2.030418261140584935e-01 2.015820012241602011e-01 2.002737356722354978e-01 1.990850849449634641e-01 1.979954319447279065e-01 1.969907686859369289e-01 1.960612138360738887e-01 1.951994375139474991e-01
2.214931970834732033e-01 2.137810729444026836e-01 2.089996164292097225e-01 2.055651026964187555e-01 2.029655674099922202e-01 2.008812324702739793e-01 1.991267739236354806e-01 1.975990814715623822e-01 1.962413728237152044e-01 1.950215115398168664e-01 1.939200749248266298e-01 1.929241520911455232e-01 1.920239882916212060e-01 1.912112209945917018e-01 1.904784423112869385e-01 1.898189138621091954e-01 1.892260741442441940e-01 1.886936094611883219e-01 1.882160279527306523e-01 1.877879596501588755e-01
2.544944956898689270e-01 2.519573038816452226e-01 2.509196542203426250e-01 2.499395820498466481e-01 2.489513652026653368e-01 2.479224516451358773e-01 2.468378412723541138e-01 2.456920193135738451e-01 2.444858853518962760e-01 2.432245804369449482e-01 2.419158604741096508e-01 2.405694149434566553e-01 2.391960909962654036e-01 2.378072604537010137e-01 2.364149941504001540e-01 2.350311245024204188e-01 2.336673587560653687e-01 2.323345261812209961e-01 2.310429723560810111e-01 2.298014040291309346e-01
2.350014241039752871e-01 2.295481333136558666e-01 2.261001768708228998e-01 2.230608889460563571e-01 2.203494179248809692e-01 2.179294353723525979e-01 2.157785534858703558e-01 2.138773238658905063e-01 2.122052177786827032e-01 2.107391661405563221e-01 2.094560891389846691e-01 2.083329936861991749e-01 2.073483780026435797e-01 2.064827281236648604e-01 2.057190230488777083e-01 2.050420352816581804e-01 2.044390177726745639e-01 2.038989394903182872e-01 2.034122949838638172e-01 2.029710650444030706e-01
3.696040551085025272e-01 3.227525584399700276e-01 2.825991258025169484e-01 2.529421895742416382e-01 2.331972885876893997e-01 2.207184368371963579e-01 2.129554133117198822e-01 2.080902265757322289e-01 2.049720060825347967e-01 2.029071065783500660e-01 2.014839853346347687e-01 2.004584009945392653e-01 1.996843449771404377e-01 1.990731875598430733e-01 1.985709448158740897e-01 1.981436923146247808e-01 1.977696965634822834e-01 1.974349218606948897e-01 1.971300023794174128e-01 1.968486963212490171e-01
2.299656912684440724e-01 2.252737930417060830e-01 2.229519775509834212e-01 2.213183352351188737e-01 2.201680013537407055e-01 2.193546324968337902e-01 2.187759095430374112e-01 2.183608421683311540e-01 2.180606505274772511e-01 2.178414475917816173e-01 2.176797285676002613e-01 2.175593450665473938e-01 2.174687978625297613e-01 2.174000173807144054e-01 2.173472520709037736e-01 2.173065555095672619e-01 2.172746446728706371e-01 2.172495988011360069e-01 2.172297805547714344e-01 2.172138789296150230e-01
1.935374678671359927e-01 1.911173349618911776e-01 1.902612534910440578e-01 1.895990266650915135e-01 1.890632267296314117e-01 1.886139521002769548e-01 1.882265029102563880e-01 1.878856098279357012e-01 1.875813381373882260e-01 1.873074144870042756e-01 1.870595746487379030e-01 1.868344624713063340e-01 1.866294426098465964e-01 1.864427450671791997e-01 1.862721326574683089e-01 1.861163310706615559e-01 1.859736806526780251e-01 1.858429490402341011e-01 1.857231720164418121e-01 1.856129703670740261e-01
2.638802745938301220e-01 2.517176850140094846e-01 2.445377159118652388e-01 2.395704029500484444e-01 2.360771848261356276e-01 2.335353058576583873e-01 2.316062706708908181e-01 2.300794583559036266e-01 2.288234844803810064e-01 2.277589932084083668e-01 2.268348827958107106e-01 2.260192242264747742e-01 2.252906212210655235e-01 2.246346455812454346e-01 2.240405410528182872e-01 2.235005044937133922e-01 2.230085289478301869e-01 2.225592571496963490e-01 2.221486103534698608e-01 2.217729425430297885e-01
2.201267530024051677e-01 2.132157559692859639e-01 2.096886369585991006e-01 2.075936040282249373e-01 2.063211637735366810e-01 2.054986190795898560e-01 2.049140593409538302e-01 2.044536012411117543e-01 2.040592598915099976e-01 2.037016075849533148e-01 2.033667668700218090e-01 2.030480962991714489e-01 2.027428239583969061e-01 2.024491113424301270e-01 2.021662539243698209e-01 2.018934741616248973e-01 2.016306617856025718e-01 2.013768824934959456e-01 2.011316901445388827e-01 2.008944556117057689e-01
4.407587089948356018e-01 4.032122072204947227e-01 3.642322561889886900e-01 3.299900127947330564e-01 3.037824165821075284e-01 2.853798103332519376e-01 2.729798397421837053e-01 2.646694019436836021e-01 2.589732396602630882e-01 2.548948702216148332e-01 2.518036937713623025e-01 2.493103513121605053e-01 2.471783244609832841e-01 2.452639910578727767e-01 2.434797906875610374e-01 2.417743289470672685e-01 2.401147657632827781e-01 2.384824231266975403e-01 2.368661874532699552e-01 2.352600204944610696e-01
4.301533835614100298e-01 3.870893169194459804e-01 3.444584363885223599e-01 3.077945686504244827e-01 2.799079256504773960e-01 2.603195897489786192e-01 2.471010479331016418e-01 2.382514072954654560e-01 2.322317582368850775e-01 2.280048570036888045e-01 2.249163827300071639e-01 2.225657811760902438e-01 2.207100012898445263e-01 2.191990169882774286e-01 2.179392743110656616e-01 2.168686690926551752e-01 2.159454056620597751e-01 2.151386013627052396e-01 2.144263726472854514e-01 2.137908548116684015e-01
2.348619432747364177e-01 2.264651799201965465e-01 2.226715406775474637e-01 2.204211246967315574e-01 2.190678209066390936e-01 2.182304015755653359e-01 2.176921597123145924e-01 2.173304376006126304e-01 2.170759192109107949e-01 2.168884274363517828e-01 2.167441937327384827e-01 2.166288563609123363e-01 2.165338191390037414e-01 2.164531245827674977e-01 2.163829511404037342e-01 2.163209190964698880e-01 2.162656229734420676e-01 2.162153479456901672e-01 2.161691531538963429e-01 2.161262765526771601e-01
2.409628383815288488e-01 2.316860806941986040e-01 2.264064325392246280e-01 2.224831710755824921e-01 2.194155678153038025e-01 2.169028395414352439e-01 2.147675220668315843e-01 2.129042495787143718e-01 2.112475879490375574e-01 2.097554220259189584e-01 2.083989597856998333e-01 2.071572823822498410e-01 2.060142010450363159e-01 2.049567066133022308e-01 2.039750429987907399e-01 2.030605782568454809e-01 2.022060871124267689e-01 2.014055590331554346e-01 2.006538610160350788e-01 1.999466522037982863e-01
2.594281953945756225e-01 2.395386883616447415e-01 2.262278350442648023e-01 2.171482348442077548e-01 2.110567574948072345e-01 2.069361981749534563e-01 2.040801906585693326e-01 2.020329833030700684e-01 2.005096539855003301e-01 1.993343104422092560e-01 1.983975222706794717e-01 1.976296500861644823e-01 1.969864827394485485e-01 1.964381822943687406e-01 1.959629131853580508e-01 1.955468800663948126e-01 1.951782591640949249e-01 1.948491221666336093e-01 1.945525823533534870e-01 1.942835159599781147e-01
4.103183338791132062e-01 3.869365111738443108e-01 3.659075297415256278e-01 3.470962582528591134e-01 3.309282068908214747e-01 3.173595304787159010e-01 3.061046323180198758e-01 2.967849440872669109e-01 2.890197005867958246e-01 2.824706120789051145e-01 2.768546529114246368e-01 2.719463118910789290e-01 2.675706274807453378e-01 2.635972797870635986e-01 2.599317517876624795e-01 2.565079852938652039e-01 2.532821342349052540e-01 2.502270221710204967e-01 2.473260816931724670e-01 2.445710349082946822e-01
3.670470518991351128e-01 3.455591391026973658e-01 3.285739430040121034e-01 3.161307422816753143e-01 3.077602985501289301e-01 3.024507859349250816e-01 2.991341665387153848e-01 2.969815731048583984e-01 2.954527825117111428e-01 2.942317122220993175e-01 2.931441637873649642e-01 2.920989248156547480e-01 2.910494798421859874e-01 2.899714845418930320e-01 2.888534069061279297e-01 2.876886284351348744e-01 2.864731621742248602e-01 2.852043089270591691e-01 2.838793176412582331e-01 2.824955081939697354e-01
3.493688257038593536e-01 3.171327208727598435e-01 2.921755714714527330e-01 2.737959903478622281e-01 2.609448164701461681e-01 2.521233859658241205e-01 2.460312616825103826e-01 2.417205765843391529e-01 2.385541546344757124e-01 2.361217689514160112e-01 2.341655129194259721e-01 2.325253441929817089e-01 2.311016833782195967e-01 2.298336821794509932e-01 2.286827325820922907e-01 2.276240885257720947e-01 2.266418135166168302e-01 2.257255265116691612e-01 2.248673653602600020e-01 2.240615019202232272e-01
3.688836614089086585e-01 3.293972824141382927e-01 2.922111134789884268e-01 2.613637280836701438e-01 2.384541376680135716e-01 2.226410143822431520e-01 2.121516972035169535e-01 2.052897819876670915e-01 2.007790411263704333e-01 1.977613488584756829e-01 1.956890852749347820e-01 1.942204245924949724e-01 1.931428034603595856e-01 1.923241358250379618e-01 1.916805338114500046e-01 1.911590775102376960e-01 1.907247970253229119e-01 1.903545670956373337e-01 1.900328137725591782e-01 1.897487013787031163e-01
2.528064770996570343e-01 2.436037970334291591e-01 2.375158565491437834e-01 2.333926098048687003e-01 2.305900973081588812e-01 2.285872605443000916e-01 2.270441739261150338e-01 2.257665413618087646e-01 2.246525719761848505e-01 2.236529265344142925e-01 2.227446554601192341e-01 2.219176931679248677e-01 2.211673727631568998e-01 2.204909645020961817e-01 2.198853012919425864e-01 2.193467518687248208e-01 2.188710996508598239e-01 2.184532070159912187e-01 2.180880996584892151e-01 2.177701953053474415e-01
2.267807111144065912e-01 2.216959083080291826e-01 2.196076324582099948e-01 2.181321257352829002e-01 2.170237234234809742e-01 2.161400392651557922e-01 2.153974348306655906e-01 2.147470065951347373e-01 2.141606256365776173e-01 2.136202108860015825e-01 2.131147021055221635e-01 2.126369968056678883e-01 2.121824502944946178e-01 2.117473313212394626e-01 2.113294154405593872e-01 2.109266424179077060e-01 2.105375200510025135e-01 2.101609906554222085e-01 2.097959563136100880e-01 2.094415500760078430e-01
3.330689768120646543e-01 2.980395842343568913e-01 2.704488769173621909e-01 2.502864699065685539e-01 2.365103957056999273e-01 2.274058166146278315e-01 2.214266648888587874e-01 2.174391752481460438e-01 2.146929371356963989e-01 2.127162358164787215e-01 2.112217080593109253e-01 2.100359597802162193e-01 2.090534892678260759e-01 2.082106909155845564e-01 2.074675831198692366e-01 2.067990133166313083e-01 2.061882188916206449e-01 2.056241369247436557e-01 2.050988706946373086e-01 2.046065336465835438e-01
2.781671252846718012e-01 2.691957990825176172e-01 2.636464385688304657e-01 2.595734415948390827e-01 2.563460451364517056e-01 2.535956078767776511e-01 2.511218723654746743e-01 2.488188132643699702e-01 2.466349488496780429e-01 2.445446577668189958e-01 2.425376531481742981e-01 2.406092290580272575e-01 2.387578320503234985e-01 2.369830726087093220e-01 2.352848677337169570e-01 2.336622890830039878e-01 2.321148243546485856e-01 2.306413000822067350e-01 2.292396424710750613e-01 2.279091936349868786e-01
2.706429737806320124e-01 2.628053054213523865e-01 2.565662297606468023e-01 2.510364058613777094e-01 2.461976288259029311e-01 2.419775065779685985e-01 2.382664866745471954e-01 2.349508458375930697e-01 2.319337716698646468e-01 2.291427415609359752e-01 2.265281821787357430e-01 2.240581701695918970e-01 2.217133219540119160e-01 2.194820147752761796e-01 2.173576650023460455e-01 2.153368908166885254e-01 2.134169614315032937e-01 2.115963360667228732e-01 2.098737837374210491e-01 2.082476860284805387e-01
