2.671500804275274144e-01 2.592387350648641675e-01 2.526324687153100879e-01 2.469751115888357273e-01 2.420901975780725413e-01 2.377990667521953649e-01 2.339453428983688243e-01 2.304055009782314256e-01 2.270901063084602434e-01 2.239393523335456715e-01 2.209169267117977176e-01 2.180038283765315943e-01 2.151930725574493497e-01 2.124857378005981512e-01 2.098877134919166498e-01 2.074070174247026332e-01 2.050526202470064063e-01 2.028326857835054398e-01 2.007539675384759914e-01 1.988211946189403501e-01
2.864582084864377709e-01 2.704631931334733896e-01 2.586246363073587684e-01 2.492305056750774295e-01 2.417656968533992701e-01 2.357818284630775474e-01 2.309273836016655090e-01 2.269284036755561951e-01 2.235746130347252003e-01 2.207089602947235052e-01 2.182162874937057517e-01 2.160131649672984988e-01 2.140399056673049916e-01 2.122539444267749764e-01 2.106246851384639684e-01 2.091299279034137815e-01 2.077529156208038352e-01 2.064812088012695224e-01 2.053047570586204462e-01 2.042152400314807825e-01
4.025314051099121437e-01 3.788243316859006837e-01 3.555749957263469874e-01 3.337864262610674149e-01 3.144905728101730080e-01 2.981265084445476332e-01 2.846774902939796514e-01 2.738524782657623113e-01 2.652451221644878121e-01 2.584351828694343434e-01 2.530416248738765472e-01 2.487435898184776339e-01 2.452824206650257022e-01 2.424555823206901439e-01 2.401075990498066082e-01 2.381205847859382552e-01 2.364063049852848097e-01 2.348983979225158780e-01 2.335477009415626581e-01 2.323178575932979550e-01
3.575945863872766473e-01 3.481410771608352550e-01 3.404180264472961293e-01 3.335107201337814131e-01 3.274138382077216858e-01 3.220519664883613742e-01 3.173178882896900421e-01 3.130960635840892570e-01 3.092765532433986442e-01 3.057605721056461112e-01 3.024655286967754542e-01 2.993240179121494093e-01 2.962827870249748474e-01 2.933005146682262643e-01 2.903460058569908298e-01 2.873972378671169059e-01 2.844376064836978690e-01 2.814568004012107938e-01 2.784486891329288616e-01 2.754103161394595989e-01
3.326306025759550034e-01 3.193313976388890141e-01 3.024328088341280973e-01 2.831195902265608577e-01 2.640530845522880421e-01 2.475604899972677353e-01 2.346592802554368917e-01 2.252156402915716227e-01 2.185474580526352018e-01 2.138918215036392234e-01 2.106145858764648382e-01 2.082533656060695515e-01 2.064926332235336170e-01 2.051252043247222823e-01 2.040172870457172272e-01 2.030826260149478923e-01 2.022665459662675858e-01 2.015336067974567436e-01 2.008610124140977893e-01 2.002341101318597660e-01
2.700588148832321345e-01 2.642441853880882485e-01 2.597789064049720875e-01 2.558077897131443290e-01 2.521811294555664218e-01 2.487978464365005471e-01 2.455891716480255171e-01 2.425101277232170061e-01 2.395328500866890087e-01 2.366406936943531159e-01 2.338256214559078228e-01 2.310846230387687550e-01 2.284184843301773071e-01 2.258298169076442818e-01 2.233225327730178900e-01 2.209005986154079504e-01 2.185684418678283669e-01 2.163300178945064545e-01 2.141884872317314226e-01 2.121468409895896912e-01
2.681158414483070240e-01 2.653090271353721885e-01 2.639847117662429965e-01 2.628831484913826122e-01 2.619091624021530063e-01 2.610048198699951305e-01 2.601334908604621687e-01 2.592721694707870728e-01 2.584067726135254039e-01 2.575286397337913646e-01 2.566327992081642306e-01 2.557163652777671992e-01 2.547778916358947598e-01 2.538170626759528870e-01 2.528336867690086365e-01 2.518282717466354126e-01 2.508014982938766568e-01 2.497540065646171592e-01 2.486868885159492504e-01 2.476010468602180548e-01
3.374614124558866224e-01 3.220650426670909061e-01 3.090060491487383598e-01 2.982234431058168322e-01 2.896134959906339623e-01 2.828715096414089469e-01 2.776101683080196558e-01 2.734550419449806036e-01 2.700917874276638209e-01 2.672787803411483809e-01 2.648395831882953688e-01 2.626491487026214600e-01 2.606209501624107139e-01 2.586953574419021407e-01 2.568319097161292919e-01 2.550028754770755635e-01 2.531896717846393585e-01 2.513797514140606038e-01 2.495643770694732644e-01 2.477371348440647048e-01
3.657370223058387659e-01 3.366448632185347623e-01 3.078061983175575667e-01 2.812426548358052947e-01 2.584922901075333290e-01 2.400937318429350875e-01 2.258400838635861996e-01 2.151242522522807121e-01 2.072241071984171901e-01 2.014663809910416659e-01 1.972923520579934198e-01 1.942686650156974781e-01 1.920725322514772460e-01 1.904689356312155857e-01 1.892890956997871355e-01 1.884123903512954779e-01 1.877535332366824239e-01 1.872515743598341942e-01 1.868636002764105797e-01 1.865589985623955782e-01
2.861058802716434091e-01 2.704190084617584811e-01 2.544613012857734891e-01 2.396328768879175120e-01 2.272770612314343464e-01 2.179156057536602020e-01 2.113164882361888985e-01 2.068722298741340615e-01 2.039344459772109985e-01 2.019778572022914997e-01 2.006330968439579143e-01 1.996606667339801688e-01 1.989128345251083285e-01 1.983014316856861192e-01 1.977746248245239313e-01 1.973027889430522819e-01 1.968684652447700578e-01 1.964622004330158211e-01 1.960783386230468828e-01 1.957137179374694724e-01
4.662636106472928255e-01 4.399781663739122384e-01 4.079158125538379087e-01 3.727537224069237820e-01 3.380855428799987017e-01 3.067800338566303298e-01 2.803891989588737643e-01 2.592548180371522792e-01 2.429413780570030268e-01 2.306575376540422329e-01 2.215402062237262770e-01 2.148098040372133366e-01 2.098322320729494039e-01 2.061224773526191822e-01 2.033240570873021957e-01 2.011810582876205344e-01 1.995115540176629898e-01 1.981870761513709889e-01 1.971170777082443260e-01 1.962369950860738677e-01
3.799541358184069240e-01 3.537800809787586265e-01 3.293595836218446427e-01 3.073280287440866010e-01 2.882259717583656178e-01 2.720820269547402637e-01 2.586360844224691591e-01 2.475053351745009345e-01 2.382899622991681010e-01 2.306288156658410915e-01 2.242209840565919932e-01 2.188255743682384624e-01 2.142543608695268720e-01 2.103616151213645868e-01 2.070328390598297208e-01 2.041775811463594492e-01 2.017228689789772045e-01 1.996084418892860313e-01 1.977840773761272430e-01 1.962069795280695084e-01
2.579577833414077870e-01 2.542194969952106254e-01 2.516522875428199857e-01 2.493536634743213631e-01 2.472692540287971530e-01 2.453612723946571317e-01 2.436022490262985118e-01 2.419706121087074335e-01 2.404497790336608820e-01 2.390271577239036493e-01 2.376925146579742520e-01 2.364371246099472024e-01 2.352540084719657865e-01 2.341370439529418812e-01 2.330810734629631120e-01 2.320814335346221835e-01 2.311340361833572332e-01 2.302350512146949801e-01 2.293813931941986184e-01 2.285698926448821999e-01
2.353815001994371547e-01 2.302360916137695390e-01 2.271220453828573238e-01 2.245515067875385185e-01 2.223725540190935046e-01 2.204732500761747427e-01 2.187801732122898191e-01 2.172432503104209933e-01 2.158263321220874886e-01 2.145028688758611746e-01 2.132530886679887827e-01 2.120623724907636509e-01 2.109203397482633524e-01 2.098195090889930781e-01 2.087540376186370894e-01 2.077203196287155107e-01 2.067157889902591639e-01 2.057386466860771090e-01 2.047880013287067535e-01 2.038629663735628261e-01
4.724023221607785428e-01 4.495819990534801192e-01 4.232033349433914071e-01 3.950344870798289665e-01 3.675573988631367639e-01 3.426473569497466287e-01 3.212732386216521352e-01 3.036029421910643733e-01 2.892997282743454135e-01 2.778114036098122686e-01 2.685607029125094414e-01 2.610380248725414076e-01 2.548325788974761807e-01 2.496289584040641829e-01 2.451907790452241831e-01 2.413443106412887507e-01 2.379615014046430610e-01 2.349492569267749853e-01 2.322378984093665943e-01 2.297763526439666748e-01
3.900935293361544876e-01 3.730726372823119363e-01 3.570862033218145104e-01 3.419258713722229115e-01 3.279263357818126834e-01 3.152741039544343926e-01 3.040485408902168230e-01 2.942388662695884505e-01 2.857629099488258606e-01 2.784945708513260065e-01 2.722864443063736095e-01 2.669909575581550509e-01 2.624715457856655054e-01 2.586070878803730100e-01 2.552934241294860795e-01 2.524409291148185797e-01 2.499722427129745517e-01 2.478204432129859913e-01 2.459280434250831482e-01 2.442463243007659823e-01
2.786762389540672347e-01 2.745616042613983065e-01 2.723158827424049244e-01 2.703748449683189281e-01 2.686353817582130543e-01 2.670182785391807534e-01 2.654630938172340415e-01 2.639234897494315835e-01 2.623636397719383284e-01 2.607555776834488137e-01 2.590771907567978039e-01 2.573118075728416665e-01 2.554469493031501504e-01 2.534755310416221818e-01 2.513953858613968140e-01 2.492099925875663757e-01 2.469284871220588651e-01 2.445646047592163197e-01 2.421356931328773610e-01 2.396615657210350026e-01
2.786543440818786688e-01 2.720517277717590110e-01 2.672226104140281722e-01 2.632837755978107430e-01 2.599967896938323864e-01 2.571834477782249384e-01 2.547157144546508545e-01 2.525036734342575029e-01 2.504828023910522505e-01 2.486066699028015026e-01 2.468408641219139166e-01 2.451610490679740906e-01 2.435486876964569058e-01 2.419913393259048584e-01 2.404803006350993977e-01 2.390093404054641768e-01 2.375747801363468081e-01 2.361735059320926589e-01 2.348040227591991491e-01 2.334648752212524492e-01
4.345594833232462317e-01 4.074840018525719421e-01 3.779593267291784242e-01 3.480857454612851232e-01 3.199365181848407014e-01 2.948051641136407719e-01 2.732438931614160627e-01 2.553667765855789362e-01 2.411147879809141248e-01 2.302456916868686754e-01 2.222654006630182255e-01 2.165398468077182892e-01 2.124614493548870053e-01 2.095377929508686066e-01 2.074067270755767800e-01 2.058150817453861248e-01 2.045907425880432173e-01 2.036179585754871457e-01 2.028193804621696572e-01 2.021435014903545380e-01
2.370610566437244549e-01 2.323920094966888394e-01 2.291307494044304005e-01 2.261247529089450703e-01 2.233281610906124037e-01 2.207126168906688723e-01 2.182598617672920349e-01 2.159585894644260318e-01 2.138014566898346069e-01 2.117832438647747062e-01 2.098996210098266479e-01 2.081466780602931888e-01 2.065203575789928414e-01 2.050159950554370780e-01 2.036286507546901658e-01 2.023527224361896526e-01 2.011822372674942072e-01 2.001106435060501232e-01 1.991314081847667672e-01 1.982378362119197879e-01
4.245329130440950172e-01 4.029441840667277730e-01 3.808146607875824152e-01 3.590342349559068613e-01 3.390986941382289066e-01 3.219137821346521600e-01 3.077584765851497650e-01 2.964542847126722114e-01 2.875827346742153012e-01 2.806570415198803015e-01 2.752206249535083527e-01 2.708913967013358848e-01 2.673678393661975683e-01 2.644221866130828658e-01 2.618866132199764163e-01 2.596399895846843719e-01 2.575951425731182187e-01 2.556908625364303633e-01 2.538842856884002686e-01 2.521455608308315055e-01
3.437831548228860168e-01 3.216209274530410500e-01 3.013281138241291068e-01 2.834979658573865691e-01 2.686746056377887770e-01 2.567986327409744196e-01 2.474769030511379253e-01 2.402071225643157837e-01 2.345120239257812433e-01 2.299956402182579129e-01 2.263526211678981714e-01 2.233569480478763691e-01 2.208455130457878113e-01 2.187016686797141896e-01 2.168413795530796107e-01 2.152039326727390178e-01 2.137451180815696794e-01 2.124318020045757316e-01 2.112396757304668415e-01 2.101498214900493489e-01
3.786783756548539048e-01 3.632125374465249301e-01 3.456509808916598536e-01 3.260364642459899209e-01 3.056946902163326651e-01 2.865613638609647573e-01 2.701989950984716171e-01 2.572448492795229025e-01 2.475114995241165239e-01 2.403897051513194938e-01 2.351944042742252217e-01 2.313404485583305248e-01 2.283902847766876298e-01 2.260398750007152624e-01 2.240866088867187467e-01 2.223986881971359297e-01 2.208915770053863636e-01 2.195115461945533752e-01 2.182238774001598325e-01 2.170071664452552784e-01
3.812726984731852897e-01 3.673723612725734444e-01 3.538610094040632315e-01 3.411020628362894103e-01 3.295544341206550487e-01 3.195079441368580131e-01 3.110446144640445776e-01 3.040731163322925590e-01 2.983948251605033630e-01 2.937703907489776500e-01 2.899659572541713470e-01 2.867774264514446059e-01 2.840392726659775047e-01 2.816229692101478443e-01 2.794324183464050315e-01 2.773964932560920582e-01 2.754644608497619496e-01 2.735995420813560619e-01 2.717762678861618264e-01 2.699770671129226862e-01
3.037972412258386767e-01 2.971499634534120471e-01 2.924102579802274615e-01 2.887443126738071242e-01 2.858839401602745189e-01 2.836034904420375868e-01 2.817268931865692383e-01 2.801261356472968811e-01 2.787111541628837785e-01 2.774210731685161635e-01 2.762154813110828666e-01 2.750681592524051866e-01 2.739622905850410683e-01 2.728873796761036030e-01 2.718369111418724171e-01 2.708067975938320271e-01 2.697947141528129755e-01 2.687991721928119637e-01 2.678193980455398360e-01 2.668548177182674674e-01
3.269853067770600585e-01 3.103439768403768451e-01 2.970053096115589097e-01 2.865111736953258603e-01 2.784748914837837375e-01 2.724287757277488731e-01 2.679130847752094202e-01 2.645310288667678811e-01 2.619661454856395677e-01 2.599795627593994296e-01 2.583969523012638048e-01 2.570935033261775859e-01 2.559814411401748480e-01 2.549992370605468905e-01 2.541046851873398071e-01 2.532680106163024969e-01 2.524691969156265259e-01 2.516940498352051025e-01 2.509329137206077753e-01 2.501787775754928389e-01
2.899296960979700355e-01 2.847584413364529499e-01 2.800052657164633363e-01 2.756707137823105058e-01 2.718190128728747434e-01 2.684585930034518175e-01 2.655470377951860694e-01 2.630092757195234277e-01 2.607561293989419937e-01 2.587008847296237701e-01 2.567690730839967683e-01 2.549030628800392217e-01 2.530633957684040314e-01 2.512269318103790283e-01 2.493845358490943964e-01 2.475372532010078341e-01 2.456929114460945085e-01 2.438639721274376004e-01 2.420643234252929654e-01 2.403076873719692252e-01
2.403183808922767506e-01 2.366369643807411105e-01 2.344271413981914576e-01 2.325885868072509743e-01 2.310388955473899886e-01 2.297109831869602325e-01 2.285534135997295269e-01 2.275266797840595212e-01 2.266006636619567749e-01 2.257529146969318445e-01 2.249660664796829246e-01 2.242271861433982882e-01 2.235265253484249037e-01 2.228562450408935469e-01 2.222107788920402449e-01 2.215859803557395924e-01 2.209781017899513367e-01 2.203848816454410664e-01 2.198041772842407315e-01 2.192346523702144723e-01
2.308689883351325856e-01 2.269524735212326005e-01 2.248658591508865268e-01 2.232747378945350580e-01 2.220441073179245106e-01 2.210800322890281722e-01 2.203154268860816889e-01 2.197027537226677041e-01 2.192071872949600264e-01 2.188034296035766546e-01 2.184722244739532582e-01 2.181992948055267445e-01 2.179732897877693087e-01 2.177854892611503501e-01 2.176290801167488076e-01 2.174982118606567372e-01 2.173888024687767040e-01 2.172967323660850436e-01 2.172194012999534574e-01 2.171541774272918723e-01
3.086380338668823220e-01 2.897866291552781970e-01 2.747607329487800620e-01 2.625295720994472726e-01 2.528441274166107200e-01 2.452876561880111828e-01 2.394260956346988545e-01 2.348718142509460538e-01 2.313064156472682820e-01 2.284803384542465343e-01 2.262054347991943326e-01 2.243417282402515311e-01 2.227866104245185830e-01 2.214660072326660178e-01 2.203257575631141774e-01 2.193272498250007640e-01 2.184422031044959966e-01 2.176494580507278565e-01 2.169337126612663202e-01 2.162832888960838362e-01
2.581062805652618586e-01 2.531770896911620938e-01 2.494871659576892720e-01 2.458729757368564584e-01 2.423284162580967016e-01 2.388646206259727456e-01 2.354962779581546706e-01 2.322379969060421046e-01 2.291020019352436043e-01 2.260977452993392922e-01 2.232322293519973799e-01 2.205097141861915577e-01 2.179316973686218351e-01 2.154986156523227558e-01 2.132082730531692505e-01 2.110579948127269678e-01 2.090440841019153562e-01 2.071623578667640686e-01 2.054076525568962197e-01 2.037747161090374126e-01
2.871101823449134782e-01 2.752147938311100273e-01 2.663530647754669411e-01 2.595985388755798207e-01 2.544813264906406469e-01 2.505748540163040272e-01 2.475324705243110712e-01 2.450920182466506947e-01 2.430663254857063360e-01 2.413247731328010681e-01 2.397792148590087991e-01 2.383703628182411161e-01 2.370591086149215765e-01 2.358198773860931408e-01 2.346356096863746743e-01 2.334953755140304621e-01 2.323919987678527699e-01 2.313205859065055880e-01 2.302779677510261580e-01 2.292621862888336304e-01
2.850493413209915228e-01 2.727531023323536141e-01 2.630134505033492887e-01 2.549884435534477412e-01 2.486039197444915860e-01 2.436330777406692516e-01 2.397988295555114613e-01 2.368388766050338878e-01 2.345321655273437389e-01 2.327053061127662692e-01 2.312281924486160323e-01 2.300052371621131853e-01 2.289674094319343600e-01 2.280654385685920715e-01 2.272643256187439065e-01 2.265392956137657066e-01 2.258724871277809076e-01 2.252512601017951921e-01 2.246664881706237904e-01 2.241118103265762329e-01
2.977232863008976160e-01 2.881839948892593317e-01 2.808921599388122803e-01 2.748272192478179998e-01 2.698169639706611833e-01 2.656812617182731651e-01 2.622577464580536089e-01 2.594075158238410839e-01 2.570150545239448525e-01 2.549866202473640708e-01 2.532461887598037586e-01 2.517332375049591286e-01 2.503996717929840021e-01 2.492072427272796764e-01 2.481259033083915710e-01 2.471318447589874179e-01 2.462065416574478194e-01 2.453351229429245051e-01 2.445061907172202953e-01 2.437105616927146834e-01
2.787205216567963384e-01 2.671870188228785969e-01 2.546099443174898447e-01 2.418249338679015759e-01 2.299438637122511730e-01 2.198244979232549801e-01 2.118272265046834968e-01 2.058645005524158411e-01 2.015943601727485657e-01 1.986065914481878192e-01 1.965316250920295660e-01 1.950808423757553201e-01 1.940462606400251422e-01 1.932852756232023295e-01 1.927033822983503231e-01 1.922389432042837243e-01 1.918521134927868854e-01 1.915177062898874294e-01 1.912192426621913965e-01 1.909466234967112652e-01
2.809148177504539601e-01 2.710606488585471929e-01 2.649689120054244951e-01 2.604573428630828635e-01 2.570389637351035983e-01 2.543507269024848916e-01 2.521421822905540733e-01 2.502460893988609492e-01 2.485549238324165355e-01 2.469977048039436462e-01 2.455289638042449929e-01 2.441208261251449629e-01 2.427545896172523532e-01 2.414191317558288530e-01 2.401075115799903847e-01 2.388152253627777166e-01 2.375398552417755105e-01 2.362806379795074352e-01 2.350366258621215954e-01 2.338083428144454856e-01
2.943203847110271720e-01 2.756324307620525160e-01 2.606116275489330225e-01 2.485758154094219186e-01 2.392305105924606434e-01 2.321123173832893294e-01 2.267512392997741710e-01 2.227343195676803611e-01 2.197248119115829401e-01 2.174616359174251501e-01 2.157471637427806899e-01 2.144351513683795951e-01 2.134179368615150563e-01 2.126176035404205300e-01 2.119773930311202870e-01 2.114562150835991028e-01 2.110243424773216303e-01 2.106600478291511536e-01 2.103474554419517417e-01 2.100750997662544362e-01
2.856068368256092227e-01 2.803915144503116852e-01 2.764851102232933067e-01 2.730407813191413902e-01 2.699240446090698242e-01 2.670417979359626659e-01 2.643286502361297807e-01 2.617382770776748857e-01 2.592389625310898005e-01 2.568097028136253623e-01 2.544364196062087746e-01 2.521112993359565513e-01 2.498302587866783053e-01 2.475917932391166754e-01 2.453968298435211248e-01 2.432474333047866810e-01 2.411462366580963135e-01 2.390964207053184465e-01 2.371011751890182429e-01 2.351634183526039035e-01
2.238639404624700457e-01 2.184560266882181190e-01 2.149152132868766829e-01 2.120716901868581750e-01 2.097675560414791196e-01 2.078781441599130697e-01 2.063092578947544053e-01 2.049906646460294690e-01 2.038690078258514338e-01 2.029042700678110045e-01 2.020653729140758637e-01 2.013282433152198680e-01 2.006742266565561261e-01 2.000886703282594714e-01 1.995595712214708328e-01 1.990776330232620350e-01 1.986352834105491738e-01 1.982262612879276409e-01 1.978455314040183932e-01 1.974891549348831155e-01
2.663011771440506048e-01 2.630108615756034940e-01 2.613011497259140059e-01 2.596189013123512135e-01 2.579602006077766352e-01 2.563257545232772716e-01 2.547152146697044262e-01 2.531292897462844582e-01 2.515687826275825323e-01 2.500345167517661893e-01 2.485268804430961487e-01 2.470475387573242143e-01 2.455967566370964028e-01 2.441747656464576810e-01 2.427828752994537487e-01 2.414211845397949141e-01 2.400900116562843245e-01 2.387897035479545627e-01 2.375204804539680359e-01 2.362822315096855252e-01
3.022722369432449541e-01 2.940160948038101352e-01 2.889320588111877197e-01 2.851238372921943709e-01 2.822603684663772539e-01 2.800678384304046697e-01 2.783399343490600697e-01 2.769275221228599815e-01 2.757255199551582603e-01 2.746604469418525429e-01 2.736819079518318376e-01 2.727544400095939792e-01 2.718541151285171487e-01 2.709638851881027155e-01 2.700724008679389887e-01 2.691713497042655945e-01 2.682548654079437433e-01 2.673194420337676735e-01 2.663621219992637901e-01 2.653813296556472578e-01
2.917667359113693126e-01 2.870827215909957930e-01 2.842603200674057029e-01 2.816114372014999478e-01 2.790828448534011796e-01 2.766353768110275113e-01 2.742407146096229598e-01 2.718786969780921936e-01 2.695370861887931846e-01 2.672082656621933006e-01 2.648881071805954113e-01 2.625755146145820618e-01 2.602707907557487710e-01 2.579757186770439414e-01 2.556935414671898110e-01 2.534270566701888883e-01 2.511804667115211664e-01 2.489575445652008057e-01 2.467626172304153431e-01 2.445992404222488426e-01
3.484297171235084534e-01 3.375855445861816184e-01 3.301852115988731518e-01 3.244851699471473783e-01 3.201407128572463789e-01 3.168225938081741244e-01 3.142590728402137601e-01 3.122398960590362371e-01 3.106087163090706094e-01 3.092503049969673179e-01 3.080826783180236617e-01 3.070465007424354464e-01 3.061000028252601757e-01 3.052128380537033059e-01 3.043641036748885864e-01 3.035379704833030545e-01 3.027236184477806180e-01 3.019131451845168956e-01 3.011002510786056630e-01 3.002806481719016984e-01
3.232195082865655378e-01 3.097783732600510320e-01 2.991812172904610434e-01 2.903799210116267404e-01 2.831494553759694166e-01 2.772191614285111627e-01 2.723380986973643059e-01 2.682942742109298839e-01 2.649170444905757926e-01 2.620718437433242620e-01 2.596539904922247066e-01 2.575826091319322608e-01 2.557946505397558079e-01 2.542399195581674376e-01 2.528785795718431206e-01 2.516778704524040289e-01 2.506102955341338867e-01 2.496521017700433775e-01 2.487828359752893570e-01 2.479832524806261096e-01
3.845787577331066243e-01 3.554031980037689054e-01 3.267803452163934863e-01 3.009905192255973860e-01 2.796846053004264920e-01 2.631867513060569541e-01 2.509593048691749484e-01 2.421175564825534809e-01 2.357793314754962899e-01 2.312141883373260431e-01 2.278740510344505199e-01 2.253693151473999123e-01 2.234320166707038924e-01 2.218800136446952842e-01 2.205920436978340282e-01 2.194865646958351069e-01 2.185092747211456188e-01 2.176234385371208224e-01 2.168050175905227583e-01 2.160371264815330594e-01
3.840106984600424878e-01 3.607596330344676749e-01 3.404120513051748231e-01 3.227624816447496325e-01 3.080656252056360178e-01 2.961424002051353255e-01 2.865949897468090257e-01 2.789547960460185827e-01 2.727711510658263894e-01 2.676552623510360940e-01 2.632946142554283275e-01 2.594539026916027336e-01 2.559650497138500347e-01 2.527148216962814553e-01 2.496304443478584156e-01 2.466671684384346142e-01 2.437987026572227545e-01 2.410117051005363498e-01 2.383026358485221818e-01 2.356744039058685236e-01
2.170877662301063660e-01 2.135066697001457292e-01 2.115773457288742110e-01 2.099738796055316825e-01 2.086154410243034329e-01 2.074441163241863284e-01 2.064171476662158833e-01 2.055037483572959844e-01 2.046814152598381009e-01 2.039329488575458427e-01 2.032458585500717119e-01 2.026104348897933838e-01 2.020191612839698780e-01 2.014661662280559651e-01 2.009465175867080622e-01 2.004563346505165156e-01 1.999924841523170460e-01 1.995521140098571733e-01 1.991328676044940849e-01 1.987326945364475128e-01
2.485890218615531833e-01 2.465846461057663030e-01 2.456757034361362335e-01 2.449285140633583047e-01 2.442864368855953150e-01 2.437138172984123219e-01 2.431860820949077739e-01 2.426857106387615148e-01 2.421997398138046320e-01 2.417185780405998186e-01 2.412342709302902344e-01 2.407407121360302105e-01 2.402327249944209986e-01 2.397061133384704723e-01 2.391572175920009535e-01 2.385835085809230871e-01 2.379826562106609478e-01 2.373534385859966400e-01 2.366952715814113484e-01 2.360083012282848391e-01
3.338523889519274257e-01 3.098915151879191310e-01 2.889340856298804328e-01 2.706705959886312463e-01 2.553410534560680567e-01 2.428223008662462323e-01 2.327974478900432520e-01 2.248742629587650310e-01 2.186571283638477359e-01 2.137878954410553090e-01 2.099644351005554299e-01 2.069425800442695751e-01 2.045315377414226587e-01 2.025855053961277130e-01 2.009938095510006018e-01 1.996743735671043518e-01 1.985661357641220204e-01 1.976228713989257868e-01 1.968110159039497264e-01 1.961044311523437444e-01
2.757679764926433408e-01 2.700720135867595850e-01 2.660652810335159546e-01 2.626273703575134344e-01 2.596043780446052329e-01 2.568885689973831044e-01 2.544035279750824219e-01 2.520957505702972612e-01 2.499283581972122081e-01 2.478762179613113459e-01 2.459225696325302024e-01 2.440559968352317699e-01 2.422689682245254550e-01 2.405560871958732638e-01 2.389135971665382330e-01 2.373388728499412625e-01 2.358298161625862199e-01 2.343845817446708613e-01 2.330012166500091686e-01 2.316782113909721386e-01
