2.601667997241020047e-01 2.541424095630645530e-01 2.484947556257247891e-01 2.430604806542396579e-01 2.379278123378753551e-01 2.331095656752586454e-01 2.286383154988288757e-01 2.245628958940505959e-01 2.209141474962234564e-01 2.176917243003845259e-01 2.148668923974037248e-01 2.123940840363502391e-01 2.102246007323265165e-01 2.083140659332275435e-01 2.066242775321006642e-01 2.051223328709602389e-01 2.037788450717926136e-01 2.025682932138442860e-01 2.014677628874778637e-01 2.004581648111343484e-01
2.493988382816314797e-01 2.415258195996284607e-01 2.349194085597992032e-01 2.291808751225471452e-01 2.242381948232650690e-01 2.199751687049865678e-01 2.162720206379890320e-01 2.130275711417198292e-01 2.101650831103324957e-01 2.076293906569480763e-01 2.053819838166236755e-01 2.033939045667648438e-01 2.016402658820152238e-01 2.000974443554878190e-01 1.987421524524688732e-01 1.975519624352455039e-01 1.965055885910987898e-01 1.955836567282676630e-01 1.947688299417495716e-01 1.940458351373672563e-01
2.493884643912315235e-01 2.445630362629890309e-01 2.403578805923461958e-01 2.364387404918670554e-01 2.327914819121360834e-01 2.293893885612487693e-01 2.262079373002052196e-01 2.232259771227836642e-01 2.204216617345809981e-01 2.177716782689094466e-01 2.152503296732902471e-01 2.128234896063804504e-01 2.104457545280456476e-01 2.080675959587097168e-01 2.056508922576904264e-01 2.031861588358879200e-01 2.007031095027923540e-01 1.982653617858886608e-01 1.959488955140113731e-01 1.938155901432037365e-01
2.430196005105972334e-01 2.378619655966758839e-01 2.332454916834831304e-01 2.286952635645866372e-01 2.242019343376159546e-01 2.197762513160705644e-01 2.154350101947784535e-01 2.111974889039993364e-01 2.070924353599548351e-01 2.031629532575607300e-01 1.994629977643489760e-01 1.960456700623035564e-01 1.929493775963783131e-01 1.901893520355224521e-01 1.877577437460422605e-01 1.856289990246295929e-01 1.837678548693656988e-01 1.821364778280258057e-01 1.806987260282039709e-01 1.794226467609405518e-01
2.587646490335464566e-01 2.527558296918869241e-01 2.473680606484413014e-01 2.421936461329460277e-01 2.372749459743499767e-01 2.326535713672638062e-01 2.283575478196143982e-01 2.243975439667701688e-01 2.207700017094612055e-01 2.174618950486183200e-01 2.144551935791969288e-01 2.117295280098915045e-01 2.092635643482208263e-01 2.070359778404235740e-01 2.050258368253707886e-01 2.032131773233413763e-01 2.015786284208297696e-01 2.001031550765037526e-01 1.987684106826782260e-01 1.975562340021133345e-01
2.447442513704299882e-01 2.381555175781250033e-01 2.322783735394477744e-01 2.268509098887443454e-01 2.219588482379913352e-01 2.176359948515892151e-01 2.138604769110679649e-01 2.105760964751243469e-01 2.077130424976348921e-01 2.052019259333610623e-01 2.029801937937736611e-01 2.009937343001365617e-01 1.991960763931274470e-01 1.975472232699394259e-01 1.960137003660201993e-01 1.945683127641677779e-01 1.931901420652866463e-01 1.918645595014095429e-01 1.905823531746864419e-01 1.893389503657817718e-01
2.482108059525489907e-01 2.391079616546630815e-01 2.319675526022910994e-01 2.263541373610496454e-01 2.219624045491218611e-01 2.184745219349861212e-01 2.156363674998283408e-01 2.132563531398773138e-01 2.111929926276207015e-01 2.093454974889755182e-01 2.076448336243629511e-01 2.060457339882850736e-01 2.045196521282195978e-01 2.030494439601898127e-01 2.016254010796546814e-01 2.002426993846893322e-01 1.988994114100933186e-01 1.975956590473652019e-01 1.963322654366493336e-01 1.951103380322456449e-01
2.488814306259155285e-01 2.437557843327522178e-01 2.394871890544891246e-01 2.356796559691429205e-01 2.321764644980430503e-01 2.288544103503227234e-01 2.256547731161117620e-01 2.225781571865081687e-01 2.196557271480560347e-01 2.169223013520240884e-01 2.143989095091819730e-01 2.120872971415519725e-01 2.099703165888786305e-01 2.080154806375503485e-01 2.061780646443366893e-01 2.044034218788146895e-01 2.026289746165275685e-01 2.007864362001419156e-01 1.988060554862022267e-01 1.966253158450126659e-01
2.417963221669197083e-01 2.359422704577446017e-01 2.311152076721191273e-01 2.267712932825088623e-01 2.228260952234268066e-01 2.192174583673477117e-01 2.159145966172218434e-01 2.129101309180259638e-01 2.102019682526588551e-01 2.077812910079956110e-01 2.056295466423034568e-01 2.037210342288017229e-01 2.020274743437767140e-01 2.005211451649665799e-01 1.991767859458923318e-01 1.979725030064582725e-01 1.968894328176975239e-01 1.959112901985645416e-01 1.950240994989871912e-01 1.942156672477722279e-01
2.527486902475357122e-01 2.469793981313705422e-01 2.416144031286239502e-01 2.364287230372428827e-01 2.315232881903648288e-01 2.269607144594192605e-01 2.227722343802452099e-01 2.189560160040855408e-01 2.154833826422691279e-01 2.123131823539733953e-01 2.094045946002006664e-01 2.067222177982330211e-01 2.042357659339904818e-01 2.019185727834701405e-01 1.997457873821258667e-01 1.976934367418289318e-01 1.957387766242027205e-01 1.938608625531196561e-01 1.920426574349403392e-01 1.902720868587493841e-01
2.420834493637084861e-01 2.380345150828361567e-01 2.348133888840675254e-01 2.319699418544769187e-01 2.294044482707977284e-01 2.270349448919296298e-01 2.248010227084159818e-01 2.226618582010269076e-01 2.205924105644226085e-01 2.185805869102478149e-01 2.166249859333038430e-01 2.147329032421111950e-01 2.129160475730896007e-01 2.111864283680915944e-01 2.095523378252983071e-01 2.080166366696357683e-01 2.065761804580688588e-01 2.052233140170574288e-01 2.039469812810421057e-01 2.027348043024539970e-01
2.423194071650505155e-01 2.381983643770217984e-01 2.347084644436836232e-01 2.314289662241935663e-01 2.283552229404449407e-01 2.254852324724197499e-01 2.228185373544692982e-01 2.203541448712348916e-01 2.180866256356239208e-01 2.160006669163704041e-01 2.140668419003486644e-01 2.122425797581672657e-01 2.104765790700912353e-01 2.087162101268768277e-01 2.069170895218849227e-01 2.050532916188240184e-01 2.031252926588058560e-01 2.011603763699531533e-01 1.992044262588024139e-01 1.973071606457233451e-01
2.411733341217041082e-01 2.359803378582000788e-01 2.316119897365570002e-01 2.277081087231636047e-01 2.242680969834327798e-01 2.212674221396446206e-01 2.186621284484863148e-01 2.163980334997177013e-01 2.144179117679596014e-01 2.126666125655174155e-01 2.110951289534568898e-01 2.096626630425453275e-01 2.083370432257652394e-01 2.070940989255905251e-01 2.059164497256278925e-01 2.047923219203948986e-01 2.037140157818794206e-01 2.026769566535949751e-01 2.016786822676658597e-01 2.007176619768142600e-01
2.418094578385353022e-01 2.348181039094924816e-01 2.281478640437126226e-01 2.217089205980301014e-01 2.157416936755180426e-01 2.104202958941459589e-01 2.058059619367122728e-01 2.018568658828735485e-01 1.984749168157577404e-01 1.955488009750843137e-01 1.929782667756080594e-01 1.906821371614932925e-01 1.885988464951515176e-01 1.866832156479358573e-01 1.849027113616466544e-01 1.832343727350234930e-01 1.816613127291202556e-01 1.801708775758743275e-01 1.787532383948564618e-01 1.774002186954021509e-01
2.350709253549575772e-01 2.304559478163719088e-01 2.268354487419128318e-01 2.238051149249076777e-01 2.212752255797386103e-01 2.191524475812912098e-01 2.173475334048271257e-01 2.157847929000854537e-01 2.144067072868347246e-01 2.131733152270317011e-01 2.120591169595718306e-01 2.110483577847480641e-01 2.101303467154502780e-01 2.092974886298179515e-01 2.085427868366241388e-01 2.078594782948494091e-01 2.072404250502586365e-01 2.066786006093025152e-01 2.061667263507843129e-01 2.056981432437896828e-01
2.459087932109832730e-01 2.401925900578498752e-01 2.352233389019966203e-01 2.305067452788353011e-01 2.260412022471428029e-01 2.218334642052650352e-01 2.178854858875274580e-01 2.141937556862830994e-01 2.107514834403991788e-01 2.075509357452392512e-01 2.045838516950607422e-01 2.018415245413780201e-01 1.993154492974281433e-01 1.969980072975158758e-01 1.948826459050178594e-01 1.929629066586494579e-01 1.912312981486320451e-01 1.896780858933925507e-01 1.882915419340133734e-01 1.870577071607112951e-01
2.549449613690376037e-01 2.516242271661758290e-01 2.486702615022659268e-01 2.456502610445022716e-01 2.426223868131637540e-01 2.396541795134544406e-01 2.368030652403831371e-01 2.341085895895957947e-01 2.315902385115623519e-01 2.292462205886840743e-01 2.270556131005287137e-01 2.249842816591262895e-01 2.229913175106048584e-01 2.210348385572433461e-01 2.190766459703445412e-01 2.170857569575309620e-01 2.150417044758796692e-01 2.129376721382141013e-01 2.107815581560134877e-01 2.085954324901103940e-01
2.545900818705558732e-01 2.478015282750129777e-01 2.412966740131378129e-01 2.349105140566825900e-01 2.289287763833999512e-01 2.235386696457862810e-01 2.188056924939155712e-01 2.147068768739700262e-01 2.111784461140632507e-01 2.081450459361076366e-01 2.055322781205177196e-01 2.032701849937438854e-01 2.012943255901336603e-01 1.995473118126392387e-01 1.979797524213790794e-01 1.965507739782333396e-01 1.952282196283340321e-01 1.939875622093677476e-01 1.928110566735267706e-01 1.916866947710514080e-01
2.604241216182708873e-01 2.546371939778327986e-01 2.494587907195091325e-01 2.445373141765594394e-01 2.399365293979644764e-01 2.357177808880805969e-01 2.319174885749816784e-01 2.285371682047843966e-01 2.255421015620231728e-01 2.228726726770401123e-01 2.204608735442161460e-01 2.182448929548263528e-01 2.161746788024902222e-01 2.142128017544746299e-01 2.123312315344810519e-01 2.105086645483970620e-01 2.087279176712036055e-01 2.069759052991867188e-01 2.052436298131942727e-01 2.035278770327567932e-01
2.621295011043548451e-01 2.573420417308807107e-01 2.525749859213828885e-01 2.475721925497054998e-01 2.424661836028099149e-01 2.373909774422645613e-01 2.324727857112884599e-01 2.278353303670883068e-01 2.235849183797836426e-01 2.197900709509849615e-01 2.164697715640068187e-01 2.135975149273872387e-01 2.111176365613937345e-01 2.089640724658965998e-01 2.070736730098724498e-01 2.053930944204330478e-01 2.038804647326469544e-01 2.025046551227569491e-01 2.012432894110679493e-01 2.000805088877677940e-01
2.572451639175414861e-01 2.518120798468589938e-01 2.470079028606414762e-01 2.424415966868400663e-01 2.380963903665542503e-01 2.340046921372413713e-01 2.302322477102279608e-01 2.268397557735443160e-01 2.238551214337348993e-01 2.212689641118049666e-01 2.190454116463661227e-01 2.171359825134277222e-01 2.154895427823066700e-01 2.140577578544616832e-01 2.127978459000587352e-01 2.116729623079299794e-01 2.106521326303482100e-01 2.097098597884178295e-01 2.088251352310180609e-01 2.079812520742416460e-01
2.422980481386184659e-01 2.380920433998107988e-01 2.346126776933669944e-01 2.313991641998290882e-01 2.284023961424827553e-01 2.255935603380203325e-01 2.229612034559249889e-01 2.205002561211585888e-01 2.182019802927970820e-01 2.160478636622428783e-01 2.140079370141029225e-01 2.120431616902351268e-01 2.101111480593681469e-01 2.081712543964386042e-01 2.061908265948295682e-01 2.041492483019828885e-01 2.020404905080795399e-01 1.998740229010581848e-01 1.976731127500533924e-01 1.954710543155670222e-01
2.440792039036750738e-01 2.388107082247734048e-01 2.343677741289138805e-01 2.303721451759338512e-01 2.268213453888893172e-01 2.236947575211525041e-01 2.209428557753563005e-01 2.184973755478858970e-01 2.162842831015586720e-01 2.142334777116775557e-01 2.122845080494880632e-01 2.103884670138359003e-01 2.085087758302688610e-01 2.066206040978431635e-01 2.047110927104950073e-01 2.027782213687896740e-01 2.008293148875236467e-01 1.988785359263419983e-01 1.969438089430332051e-01 1.950434111058712006e-01
2.485068130493164051e-01 2.437998187541961792e-01 2.395882245898246776e-01 2.355109328031539939e-01 2.316160759329795871e-01 2.279380029439926070e-01 2.245057183504104714e-01 2.213512793183326777e-01 2.185063937306404025e-01 2.159910771250724837e-01 2.138024336099624556e-01 2.119143521785736006e-01 2.102847459912300099e-01 2.088643372058868464e-01 2.076041337847709667e-01 2.064597794413566556e-01 2.053936132788658220e-01 2.043749134242534571e-01 2.033795711398124761e-01 2.023895557224750508e-01
2.387440869212150707e-01 2.328436028957366899e-01 2.275710996985435552e-01 2.224823537468910151e-01 2.175741693377494790e-01 2.129292842745781067e-01 2.086829650402069192e-01 2.049482211470604054e-01 2.017664787173271135e-01 1.991096997261047330e-01 1.969088986515998840e-01 1.950822755694389399e-01 1.935529978573322374e-01 1.922566053271293762e-01 1.911420796811580669e-01 1.901700699329376132e-01 1.893108145892620220e-01 1.885415652394294705e-01 1.878450664877891474e-01 1.872079449892044001e-01
2.373306122422218223e-01 2.331928974390029830e-01 2.293376332521438465e-01 2.254536810517311085e-01 2.216376972198486339e-01 2.180041807889938343e-01 2.146463707089424078e-01 2.116133126616477900e-01 2.089082226157188416e-01 2.065019059181213423e-01 2.043508467078208879e-01 2.024110731482505754e-01 2.006453999876975924e-01 1.990252169966697793e-01 1.975295513868332020e-01 1.961432400345802241e-01 1.948554027080535989e-01 1.936578923463821433e-01 1.925447800755500927e-01 1.915113085508346469e-01
2.343891087174415633e-01 2.303027078509330694e-01 2.267891767621040278e-01 2.233639410138130166e-01 2.199877232313156017e-01 2.166520628333091780e-01 2.133790907263755920e-01 2.102097737789153931e-01 2.071900795400142548e-01 2.043592679500579878e-01 2.017439046502113309e-01 1.993565189838409357e-01 1.971977837383747101e-01 1.952587443590164118e-01 1.935240486264228899e-01 1.919747665524482727e-01 1.905908730626106329e-01 1.893536157906055561e-01 1.882454571127891441e-01 1.872509193420410223e-01
2.536133724451065108e-01 2.463802161812782276e-01 2.402247685194015547e-01 2.348872345685958929e-01 2.303024435043334872e-01 2.263452950119972107e-01 2.228872159123420627e-01 2.198235967755317599e-01 2.170757123827934398e-01 2.145824503898620672e-01 2.122947776317596347e-01 2.101742839813232344e-01 2.081936717033386341e-01 2.063355335593223538e-01 2.045913451910018888e-01 2.029579579830169678e-01 2.014343500137329157e-01 2.000189012289047275e-01 1.987073922157287509e-01 1.974929666519165128e-01
2.516626939177513123e-01 2.483603811264037953e-01 2.451958411931991488e-01 2.415326300263404835e-01 2.370835986733436651e-01 2.318767485022544816e-01 2.261813032627105757e-01 2.203665900230407648e-01 2.147750458121299721e-01 2.096557387709617748e-01 2.051404473185539368e-01 2.012459778785705700e-01 1.979057972133159704e-01 1.950151666998863331e-01 1.924671784043311962e-01 1.901718145608901900e-01 1.880607503652572676e-01 1.860854658484459023e-01 1.842134432494640373e-01 1.824238677322864433e-01
2.508633974194526828e-01 2.460110485553741455e-01 2.415486353635787897e-01 2.370398521423339733e-01 2.325938731431961004e-01 2.283741357922554061e-01 2.245023727416992076e-01 2.210191562771797180e-01 2.179020640254020758e-01 2.151011094450950567e-01 2.125639691948890686e-01 2.102464190125465371e-01 2.081142151355743486e-01 2.061424386501312378e-01 2.043130591511726490e-01 2.026128672063350622e-01 2.010314805805683003e-01 1.995600931346416529e-01 1.981905382871627930e-01 1.969150720536708699e-01
2.472591999173164301e-01 2.424207299947738758e-01 2.382453960180282715e-01 2.344239774346351668e-01 2.309449595212936523e-01 2.277372086048126132e-01 2.247148337960243325e-01 2.218113398551940785e-01 2.189942085742950517e-01 2.162629112601280323e-01 2.136387324333191007e-01 2.111509284377098006e-01 2.088256919384002819e-01 2.066792279481887706e-01 2.047163683176040638e-01 2.029313135147094715e-01 2.013106651604175679e-01 1.998364336788654438e-01 1.984883290529250999e-01 1.972460626065730971e-01
2.556691461801529064e-01 2.507359197735786194e-01 2.461307704448700007e-01 2.416281205415725664e-01 2.373471447825431790e-01 2.333754950761794955e-01 2.297542011737823409e-01 2.264849877357482943e-01 2.235438445210456981e-01 2.208933621644973699e-01 2.184919318556785561e-01 2.162995588779449418e-01 2.142810651659965426e-01 2.124067246913909912e-01 2.106527206301689048e-01 2.090006464719772472e-01 2.074371546506881825e-01 2.059532046318054144e-01 2.045434725284576427e-01 2.032050195336341791e-01
2.507831111550331005e-01 2.452814319729804959e-01 2.406729248166084301e-01 2.365705794095993020e-01 2.329136952757835388e-01 2.296208909153938382e-01 2.266113904118537969e-01 2.238183927536010753e-01 2.211919474601745650e-01 2.186975187063217030e-01 2.163138338923454307e-01 2.140306335687637285e-01 2.118452015519142195e-01 2.097582495212554909e-01 2.077702549099922080e-01 2.058791667222976685e-01 2.040809842944145136e-01 2.023704501986503534e-01 2.007429367303848189e-01 1.991954144835472174e-01
2.425675636529922574e-01 2.389371156692504938e-01 2.355228260159492604e-01 2.320411530137062028e-01 2.284849014878272966e-01 2.248402059078216664e-01 2.211051312088966325e-01 2.173201891779899531e-01 2.135748904943466087e-01 2.099879176914691836e-01 2.066750232875347038e-01 2.037194071710109744e-01 2.011562244594097271e-01 1.989756439626216844e-01 1.971370001137256744e-01 1.955854566395282823e-01 1.942653959989547596e-01 1.931272725760936615e-01 1.921304336190223783e-01 1.912433302402496427e-01
2.535605967044830544e-01 2.486788004636764637e-01 2.443984147906303472e-01 2.402995428442954995e-01 2.363108193874359220e-01 2.324213460087776184e-01 2.286657270789146379e-01 2.250917294621467557e-01 2.217339059710502491e-01 2.186057782173156661e-01 2.157017302513122570e-01 2.129984143376350281e-01 2.104574131965637196e-01 2.080347624421119701e-01 2.056965166330337602e-01 2.034312590956687816e-01 2.012489748001098644e-01 1.991687002778053384e-01 1.972073033452033941e-01 1.953728592395782560e-01
2.831508231163024636e-01 2.749718484282493436e-01 2.674901694059371726e-01 2.603846162557602040e-01 2.538384205102920399e-01 2.479256919026374684e-01 2.425946962833404608e-01 2.377488979697227611e-01 2.333129438757896301e-01 2.292445683479309160e-01 2.255237755179405335e-01 2.221363678574562184e-01 2.190632626414298900e-01 2.162772187590599193e-01 2.137427869439124939e-01 2.114149165153503540e-01 2.092410448193550154e-01 2.071687889099121105e-01 2.051568371057510276e-01 2.031827917695045449e-01
2.407143557071685924e-01 2.359817680716514710e-01 2.320444425940513533e-01 2.283834528923034679e-01 2.248506420850753806e-01 2.213069495558738775e-01 2.176506742835044861e-01 2.138398295640945301e-01 2.099047982692718584e-01 2.059418797492980902e-01 2.020866796374320984e-01 1.984729588031768910e-01 1.951957492530345950e-01 1.922950780391693149e-01 1.897617614269256625e-01 1.875562264025211201e-01 1.856266841292381342e-01 1.839217984676361217e-01 1.823970687389373790e-01 1.810166072845459106e-01
2.425060620903968789e-01 2.381611162424087658e-01 2.346488398313522350e-01 2.314313435554504472e-01 2.284753918647766113e-01 2.257502359151840332e-01 2.232305723428726074e-01 2.208966365456581094e-01 2.187322181463241533e-01 2.167224746942520153e-01 2.148527461290359597e-01 2.131076541543006908e-01 2.114713984727859541e-01 2.099266642332077160e-01 2.084554225206375067e-01 2.070389017462730408e-01 2.056585988402366560e-01 2.042975524067878745e-01 2.029415994882583507e-01 2.015807080268859908e-01
2.556654065847396851e-01 2.495283332467079229e-01 2.441745465993881148e-01 2.391808623075485363e-01 2.345337873697280751e-01 2.301862177252769481e-01 2.261082506179809548e-01 2.223147124052047841e-01 2.188481429219245877e-01 2.157401755452156011e-01 2.129874595999717846e-01 2.105540302395820518e-01 2.083876308798789934e-01 2.064347338676452703e-01 2.046495828032493525e-01 2.029963618516922030e-01 2.014489123225212119e-01 1.999882885813712985e-01 1.986014437675475974e-01 1.972788882255554210e-01
2.472467115521430892e-01 2.415521252155304055e-01 2.363983744382858188e-01 2.314754435420036394e-01 2.269058686494827282e-01 2.227590647339820762e-01 2.190402305126190052e-01 2.157127138972282365e-01 2.127251076698303267e-01 2.100274306535720725e-01 2.075780394673347462e-01 2.053454542160034202e-01 2.033050608634948686e-01 2.014351400732994068e-01 1.997139951586723305e-01 1.981191354990005371e-01 1.966286551952362016e-01 1.952224954962730463e-01 1.938840475678443864e-01 1.926007506251335155e-01
2.491633659601211470e-01 2.437865093350410350e-01 2.388848721981048639e-01 2.342957809567451366e-01 2.301644122600555453e-01 2.265437296032905556e-01 2.233960607647895724e-01 2.206428048014640875e-01 2.182103216648101918e-01 2.160445925593376115e-01 2.141069382429122980e-01 2.123684424161911000e-01 2.108053016662597701e-01 2.093956893682479836e-01 2.081192275881767195e-01 2.069564530253410473e-01 2.058894845843315113e-01 2.049022468924522333e-01 2.039807143807411127e-01 2.031128787994384843e-01
2.417814159393310569e-01 2.364832514524459750e-01 2.324102732539176930e-01 2.289439103007316623e-01 2.259247562289238009e-01 2.232445400953292913e-01 2.208394393324852045e-01 2.186724734306335349e-01 2.167180949449539207e-01 2.149532523751258861e-01 2.133549803495407016e-01 2.119001036882400546e-01 2.105658942461013927e-01 2.093312400579452615e-01 2.081766152381896995e-01 2.070852899551391679e-01 2.060428303480148216e-01 2.050373604893684365e-01 2.040591999888420049e-01 2.031008136272430542e-01
2.423933404684066872e-01 2.367472630739212158e-01 2.318277379870414823e-01 2.272772035002708357e-01 2.230867597460746699e-01 2.192486274242401167e-01 2.157362782955169755e-01 2.125176116824150085e-01 2.095701143145561329e-01 2.068829259276390165e-01 2.044482773542404264e-01 2.022531116008758623e-01 2.002767983078956593e-01 1.984937903285026450e-01 1.968770554661750660e-01 1.954008251428604181e-01 1.940428239107132025e-01 1.927842289209365789e-01 1.916102865338325523e-01 1.905095329880714394e-01
2.417801821231841952e-01 2.373776942491531428e-01 2.336237189173698547e-01 2.301216325163841225e-01 2.268780857324600164e-01 2.239008834958076399e-01 2.211914372444152843e-01 2.187440145015716597e-01 2.165453484654426553e-01 2.145754137635230985e-01 2.128094929456710860e-01 2.112210467457771301e-01 2.097841465473175016e-01 2.084750944375991788e-01 2.072733229398727450e-01 2.061613252758979775e-01 2.051244479417800859e-01 2.041503942012786732e-01 2.032289865612983693e-01 2.023517662286758445e-01
2.509068810939789063e-01 2.455597794055938698e-01 2.409319624304771534e-01 2.366131106019020158e-01 2.326118788123130721e-01 2.289369687438011225e-01 2.255861392617225514e-01 2.225422596931457553e-01 2.197788316011428933e-01 2.172651529312133734e-01 2.149686515331268311e-01 2.128553852438926641e-01 2.108906415104866150e-01 2.090397322177887096e-01 2.072692999243736234e-01 2.055494940280914173e-01 2.038562946021556799e-01 2.021728605031967163e-01 2.004897145926952395e-01 1.988035006821155526e-01
2.387334868311881964e-01 2.334086960554122847e-01 2.289393675327301148e-01 2.250176745653152399e-01 2.216657426953315690e-01 2.188433700799942150e-01 2.164745733141898998e-01 2.144684177637100342e-01 2.127342391014098999e-01 2.111921352148055930e-01 2.097777730226516590e-01 2.084444862604141191e-01 2.071607327461242598e-01 2.059079667925834689e-01 2.046773135662078857e-01 2.034660744667053101e-01 2.022752495110035076e-01 2.011073948442936021e-01 1.999648717045784119e-01 1.988499081134796065e-01
2.485022297501564004e-01 2.431442102789878879e-01 2.382208672165870567e-01 2.334848570823669367e-01 2.290852081775665294e-01 2.251369175314903159e-01 2.216872006654739269e-01 2.187170889973640564e-01 2.161658349633216736e-01 2.139580374956130959e-01 2.120210474729538053e-01 2.102931898832321178e-01 2.087261331081390336e-01 2.072830185294151362e-01 2.059365338087081887e-01 2.046662849187851074e-01 2.034566155076026894e-01 2.022954905033111650e-01 2.011735183000564475e-01 2.000836017727851968e-01
2.493941229581832786e-01 2.452392271161079329e-01 2.418161526322364918e-01 2.387707254290580838e-01 2.360557097196578913e-01 2.336050528287887673e-01 2.313509240746497997e-01 2.292344495654106140e-01 2.272094738483428911e-01 2.252420577406883118e-01 2.233081007003784313e-01 2.213904011249542281e-01 2.194765093922615151e-01 2.175568452477455172e-01 2.156234163045883112e-01 2.136692368984222379e-01 2.116877314448356584e-01 2.096731448173523027e-01 2.076219168305397100e-01 2.055355522036552418e-01
2.421541067957878046e-01 2.378881955146789628e-01 2.343439900875091686e-01 2.312087079882621798e-01 2.284334161877632219e-01 2.259566649794578497e-01 2.237250775098800770e-01 2.216970202326774553e-01 2.198389652371406655e-01 2.181228631734848100e-01 2.165261447429656927e-01 2.150323137640953175e-01 2.136308106780052118e-01 2.123154959082603488e-01 2.110827469825744540e-01 2.099292632937431458e-01 2.088507628440856856e-01 2.078412738442420860e-01 2.068933638930320618e-01 2.059987568855285722e-01
2.566259220242500527e-01 2.515356528759002952e-01 2.468395784497260936e-01 2.422135123610496543e-01 2.377326336503028936e-01 2.335334888100624173e-01 2.297520554065704268e-01 2.264554184675216797e-01 2.236157914996147189e-01 2.211338356137275696e-01 2.188836199045181286e-01 2.167496350407600303e-01 2.146473479270935014e-01 2.125278702378272933e-01 2.103744706511497531e-01 2.081952184438705389e-01 2.060145485401153609e-01 2.038635396957397539e-01 2.017726159095764027e-01 1.997659760713577370e-01
