2.307818228006363048e-01 2.295856454968452365e-01 2.287873443216085489e-01 2.282064203917980316e-01 2.277583204954862495e-01 2.273896152526140302e-01 2.270667958259582619e-01 2.267688082903623614e-01 2.264821255207061790e-01 2.261971779167652186e-01 2.259064206480979886e-01 2.256032184511423122e-01 2.252811983972787813e-01 2.249341841042041823e-01 2.245561034977436032e-01 2.241404810547828752e-01 2.236781705170869938e-01 2.231519028544425853e-01 2.225260723382234684e-01 2.217293661087751389e-01
2.851135733723640375e-01 2.788268220424652277e-01 2.734886208176612876e-01 2.688060852885246210e-01 2.647064584493636907e-01 2.611111837625503806e-01 2.579487928748130932e-01 2.551533555984497048e-01 2.526603862643241882e-01 2.504002523422241278e-01 2.482906311750411876e-01 2.462280577421188388e-01 2.440759730339050193e-01 2.416508650779723988e-01 2.387122094631194957e-01 2.349792653322219926e-01 2.302021118998527627e-01 2.242830070853233382e-01 2.173918360471725486e-01 2.099973663687705883e-01
2.501002210378646673e-01 2.490612605214118924e-01 2.479596138000488281e-01 2.466692614555358876e-01 2.451668813824653681e-01 2.434308111667632946e-01 2.414308357238769409e-01 2.391324079036712680e-01 2.365145114064216569e-01 2.335906946659088157e-01 2.304180559515953131e-01 2.270900303125381603e-01 2.237171801924705550e-01 2.204058921337127552e-01 2.172417709231376781e-01 2.142811655998229925e-01 2.115517340600490681e-01 2.090582205355167311e-01 2.067899672687053547e-01 2.047279950976371721e-01
2.504647871851921059e-01 2.493034306168556147e-01 2.483997994661331088e-01 2.475964376330375694e-01 2.468410432338714600e-01 2.460966885089874157e-01 2.453353559970855580e-01 2.445329090952873263e-01 2.436659932136535645e-01 2.427112850546836731e-01 2.416464728116989036e-01 2.404529672861099310e-01 2.391176605224609453e-01 2.376314541697502059e-01 2.359841075539589050e-01 2.341573727130889793e-01 2.321188393235206482e-01 2.298199915885925371e-01 2.272009730339050182e-01 2.242056423425674572e-01
2.426251295208931014e-01 2.401749548316002014e-01 2.378181949257850702e-01 2.353593808412551835e-01 2.327531236410141091e-01 2.299659919738769598e-01 2.269751808047294483e-01 2.237716874480247531e-01 2.203643152117729098e-01 2.167834270000457697e-01 2.130813491344451804e-01 2.093287408351898193e-01 2.056067451834678594e-01 2.019958423078060117e-01 1.985655720531940560e-01 1.953672389686107735e-01 1.924315054714679785e-01 1.897699439525604159e-01 1.873788158595562081e-01 1.852436263859272014e-01
2.648495697975158936e-01 2.602281948924064503e-01 2.562213000655174100e-01 2.524741739034652710e-01 2.489155641198158297e-01 2.454749408364295948e-01 2.420932102203369185e-01 2.387332022190093994e-01 2.353893190622329823e-01 2.320894241333007757e-01 2.288857400417327881e-01 2.258368977904319785e-01 2.229911240935325556e-01 2.203769809007644631e-01 2.180034431815147389e-01 2.158642984926700537e-01 2.139442619681358460e-01 2.122236664593219746e-01 2.106816273927688554e-01 2.092980948090553406e-01
2.591194722056389121e-01 2.532936170697211997e-01 2.478841829299926747e-01 2.425386133790016219e-01 2.371993756294250577e-01 2.318588301539420971e-01 2.265636351704597429e-01 2.214109846949577354e-01 2.165206414461135764e-01 2.119954732060432556e-01 2.078953298926353443e-01 2.042320716381073042e-01 2.009816756844520491e-01 1.981009560823440430e-01 1.955415740609169062e-01 1.932578107714653104e-01 1.912100577354431119e-01 1.893649284541606970e-01 1.876947976648807581e-01 1.861766497790813546e-01
2.820577505230903448e-01 2.774353235960006492e-01 2.728946277499199047e-01 2.682962381839752442e-01 2.637282085418701238e-01 2.592789998650550931e-01 2.550103437900543280e-01 2.509520989656448542e-01 2.471090912818908747e-01 2.434721684455871671e-01 2.400286564230919018e-01 2.367695137858390753e-01 2.336932146549224876e-01 2.308056232333183244e-01 2.281167650222778454e-01 2.256364615261554629e-01 2.233698409795761008e-01 2.213159325718879744e-01 2.194672439247369877e-01 2.178114467114210251e-01
2.408613690733909518e-01 2.363941207528114374e-01 2.321941155195236250e-01 2.280556404590606823e-01 2.239898684620857117e-01 2.200197833776474099e-01 2.161717472970485776e-01 2.124730305373668804e-01 2.089497669041156802e-01 2.056252528727054718e-01 2.025179047882556815e-01 1.996388953924179144e-01 1.969918200373649564e-01 1.945723916590213765e-01 1.923703448474407274e-01 1.903715193271637018e-01 1.885598944127559740e-01 1.869187918305396934e-01 1.854320201277732949e-01 1.840841920673847165e-01
2.440954172611236594e-01 2.398657006025314287e-01 2.354349935054779186e-01 2.307481631636619512e-01 2.259869980812072854e-01 2.213503780961036671e-01 2.170033240318298418e-01 2.130471190810203641e-01 2.095170322060584955e-01 2.064010998606681802e-01 2.036622124910354714e-01 2.012530517578124956e-01 1.991250696778297524e-01 1.972334414720535167e-01 1.955395391583442666e-01 1.940114489197730940e-01 1.926233206689357824e-01 1.913545186817645904e-01 1.901882673799991652e-01 1.891110058128833704e-01
2.529147791862487726e-01 2.492885580658912581e-01 2.455831348896026500e-01 2.416906285285949640e-01 2.376092123985290572e-01 2.333798173069953907e-01 2.290955677628517262e-01 2.248813700675964256e-01 2.208621945977211065e-01 2.171386146545410123e-01 2.137750989198684559e-01 2.108002543449401800e-01 2.082125064730644126e-01 2.059891942143440291e-01 2.040952891111373901e-01 2.024903236329555489e-01 2.011328646540641862e-01 1.999838748574256919e-01 1.990082426369190194e-01 1.981753678619861680e-01
2.697092851996421570e-01 2.663586929440498463e-01 2.636017957329749861e-01 2.612138903141021928e-01 2.591122436523437544e-01 2.572177517414093173e-01 2.554574358463287398e-01 2.537605348229408087e-01 2.520529684424400174e-01 2.502513647079467884e-01 2.482580190896988004e-01 2.459615719318389848e-01 2.432487720251083341e-01 2.400306573510170016e-01 2.362762558460235474e-01 2.320328748226165860e-01 2.274187114834785584e-01 2.225926727056503351e-01 2.177193954586982838e-01 2.129442352056503396e-01
2.630833426117897278e-01 2.589053788781165988e-01 2.554217556118965060e-01 2.523474806547165161e-01 2.496154782176017717e-01 2.471662801504135032e-01 2.449500447511673007e-01 2.429261511564254628e-01 2.410614141821861289e-01 2.393280467391014077e-01 2.377016553282737810e-01 2.361595897376537190e-01 2.346803037822246529e-01 2.332436880469322127e-01 2.318318909406661965e-01 2.304313287138938793e-01 2.290343590080738123e-01 2.276409558951854595e-01 2.262590788304805756e-01 2.249033491313457422e-01
2.719902503490447820e-01 2.694596248865127608e-01 2.673201462626457192e-01 2.652842906117439115e-01 2.633368486166000610e-01 2.614698407053947515e-01 2.596796935796737427e-01 2.579668164253234863e-01 2.563325157761573991e-01 2.547771963477134527e-01 2.532978889346122475e-01 2.518874484300613337e-01 2.505331617593765103e-01 2.492148673534393399e-01 2.479062154889106750e-01 2.465791156888008095e-01 2.452085709571838468e-01 2.437731409072876054e-01 2.422524580359458890e-01 2.406257772445678789e-01
2.454799190163612366e-01 2.444039797782897872e-01 2.434457471966743336e-01 2.424968242645263727e-01 2.415226188302040111e-01 2.405029571056366000e-01 2.394269379973411604e-01 2.382794073224067666e-01 2.370368191599845908e-01 2.356753954291343767e-01 2.341749837994575589e-01 2.325236806273460466e-01 2.307228735089301985e-01 2.287907391786575262e-01 2.267623224854469210e-01 2.246847259998321633e-01 2.226095491647720470e-01 2.205843615531921376e-01 2.186461350321769748e-01 2.168181213736534163e-01
2.316038641333580117e-01 2.278577429056167503e-01 2.241286191344261103e-01 2.203174597024917525e-01 2.165227323770523016e-01 2.128433927893638722e-01 2.093595379590988126e-01 2.061233973503112660e-01 2.031591677665710582e-01 2.004678598046302773e-01 1.980344969034194824e-01 1.958346578478813160e-01 1.938400644063949518e-01 1.920222347974777088e-01 1.903547397255897500e-01 1.888144345581531658e-01 1.873817196488380410e-01 1.860404168069362540e-01 1.847774218022823212e-01 1.835824407637119404e-01
2.486762097477912825e-01 2.441290149092674167e-01 2.392674663662910373e-01 2.340096414089202770e-01 2.285485017299652144e-01 2.231163755059242249e-01 2.179303830862045210e-01 2.131524813175201538e-01 2.088727337121963623e-01 2.051159584522247448e-01 2.018603624403476626e-01 1.990583489835262287e-01 1.966524069011211517e-01 1.945847694575786602e-01 1.928025011718273174e-01 1.912594904005527618e-01 1.899165062606334720e-01 1.887406496703624703e-01 1.877045384049415566e-01 1.867853693664073833e-01
2.549181374907493747e-01 2.528167581558227739e-01 2.509871047735214300e-01 2.491817203164100603e-01 2.472734379768371515e-01 2.451375415921211165e-01 2.426570746302604553e-01 2.397350937128067128e-01 2.363142487406730552e-01 2.324017429351806774e-01 2.280874696373939581e-01 2.235387426614761364e-01 2.189651957154273854e-01 2.145672795176506165e-01 2.104948583245277449e-01 2.068308115005493275e-01 2.035987108945846447e-01 2.007805062830448073e-01 1.983350177109241552e-01 1.962116998434066673e-01
2.446527165174484375e-01 2.418243721127510126e-01 2.392049375176429626e-01 2.364818772673606961e-01 2.335524407029151983e-01 2.303965193033218339e-01 2.270475366711616483e-01 2.235678181052208058e-01 2.200274500250816445e-01 2.164906626939773482e-01 2.130107477307319752e-01 2.096306902170181341e-01 2.063859421014785644e-01 2.033055552840232760e-01 2.004116502404212907e-01 1.977184748649597201e-01 1.952319142222404547e-01 1.929503448307514080e-01 1.908659026026725825e-01 1.889664940536022186e-01
2.581618708372115933e-01 2.491414949297904857e-01 2.419772392511367887e-01 2.362515521049499412e-01 2.317170074582100003e-01 2.281147682666778698e-01 2.252069732546806424e-01 2.227924481034278814e-01 2.207095345854759305e-01 2.188335940241813715e-01 2.170723521709442272e-01 2.153611920773982891e-01 2.136579461395740620e-01 2.119390633702278037e-01 2.101959869265556391e-01 2.084317849576473314e-01 2.066583485901355710e-01 2.048932853341102478e-01 2.031566268205642622e-01 2.014681655168533425e-01
2.419669625163078375e-01 2.394706878066062972e-01 2.369874477386474665e-01 2.344470572471618608e-01 2.318840017914771956e-01 2.293459133803844585e-01 2.268771955370902926e-01 2.245095780491828952e-01 2.222603732347488426e-01 2.201343247294426098e-01 2.181273500621318806e-01 2.162296238541603077e-01 2.144288268685340948e-01 2.127125059068203095e-01 2.110703793168068054e-01 2.094954687356948841e-01 2.079843220114707958e-01 2.065367437899112701e-01 2.051549580693244890e-01 2.038425734639167652e-01
2.513994824886321977e-01 2.488649380207061668e-01 2.464579871296882496e-01 2.439971074461936840e-01 2.414272600412368797e-01 2.387163338065147467e-01 2.358515140414237932e-01 2.328395596146583535e-01 2.297072389721870334e-01 2.265021240711212192e-01 2.232910349965095409e-01 2.201524078845977783e-01 2.171638029813766357e-01 2.143877279758453491e-01 2.118638357520103432e-01 2.096082916855812051e-01 2.076187491416931208e-01 2.058804616332054194e-01 2.043717247247695823e-01 2.030677430331707112e-01
2.605293723940849127e-01 2.575065442919731162e-01 2.544411525130271801e-01 2.510208997130394248e-01 2.472200605273246754e-01 2.430432909727096580e-01 2.385354584455490201e-01 2.337844592332840032e-01 2.289113873243331931e-01 2.240512594580650330e-01 2.193314877152442999e-01 2.148566037416458074e-01 2.107005015015602223e-01 2.069065210223197948e-01 2.034919524192810025e-01 2.004531091451644820e-01 1.977708694338798645e-01 1.954158502817154031e-01 1.933533173799514837e-01 1.915468357503414265e-01
2.512053459882735984e-01 2.490555965900421165e-01 2.471707075834274348e-01 2.450691348314285312e-01 2.424218231439590476e-01 2.389934778213501088e-01 2.347675082087516685e-01 2.300201982259750255e-01 2.251986920833587702e-01 2.206949213147163524e-01 2.167297565937042203e-01 2.133684590458869990e-01 2.105798837542533775e-01 2.082892253994941822e-01 2.064106708765029996e-01 2.048637972772121563e-01 2.035800959169864754e-01 2.025037680566310894e-01 2.015905112028121837e-01 2.008057169616222493e-01
2.722548726201057256e-01 2.686367201805114902e-01 2.653116983175277666e-01 2.620456784963607899e-01 2.588705071806907676e-01 2.558258703351020680e-01 2.529470631480216780e-01 2.502590751647948975e-01 2.477740374207496599e-01 2.454913061857223466e-01 2.433998319506645303e-01 2.414818024635314864e-01 2.397154977917671237e-01 2.380780425667762823e-01 2.365475562214851279e-01 2.351046544313430686e-01 2.337328040599823131e-01 2.324186092615127541e-01 2.311513957381248485e-01 2.299230942130088828e-01
2.343364304304123014e-01 2.292205733060836692e-01 2.246534886956214894e-01 2.203401613235473622e-01 2.163069662451743980e-01 2.125881564617156938e-01 2.092097721993923243e-01 2.061794184148311726e-01 2.034861375391483207e-01 2.011049570143222942e-01 1.990030512213706859e-01 1.971447980403900069e-01 1.954953666031360726e-01 1.940227666497230663e-01 1.926991134881973211e-01 1.915007458627223935e-01 1.904080556333065111e-01 1.894049006700515847e-01 1.884783628582954451e-01 1.876178503036499134e-01
2.276543813943862904e-01 2.231638559699058444e-01 2.190057861804962092e-01 2.150387163460254769e-01 2.114198362827300892e-01 2.082333628833293870e-01 2.054989206790923950e-01 2.031922259926796093e-01 2.012651431560516235e-01 1.996608398854732569e-01 1.983230696618556999e-01 1.972014576196670643e-01 1.962533843517303422e-01 1.954437797516584419e-01 1.947447750717401505e-01 1.941342891752719790e-01 1.935951486974954727e-01 1.931139560043811931e-01 1.926801449805498057e-01 1.922856663912534680e-01
2.458180335164070196e-01 2.440670311450958141e-01 2.422183507680892856e-01 2.402236431837082020e-01 2.381375935673713806e-01 2.360168376564979464e-01 2.339040637016296387e-01 2.318193575739860568e-01 2.297582787275314342e-01 2.276955339312553284e-01 2.255933353304863109e-01 2.234141829609870844e-01 2.211368393898010265e-01 2.187678235769271728e-01 2.163434791564941284e-01 2.139206609129905567e-01 2.115614792704582081e-01 2.093201750516891502e-01 2.072352759540080913e-01 2.053278319537639729e-01
2.478547352552414040e-01 2.447525790333747731e-01 2.421441775560378984e-01 2.398161000013351307e-01 2.377436846494674627e-01 2.359061688184738159e-01 2.342778030037880044e-01 2.328251999616622880e-01 2.315069100260734591e-01 2.302753359079360851e-01 2.290785238146781921e-01 2.278638222813606229e-01 2.265814974904060419e-01 2.251891592144966148e-01 2.236561560630798418e-01 2.219678133726120106e-01 2.201276254653930786e-01 2.181572973728179987e-01 2.160937368869781383e-01 2.139836058020591625e-01
2.439504972100257907e-01 2.408493754267692633e-01 2.378079009056091320e-01 2.345465284585952770e-01 2.311559054255485635e-01 2.277482885122299183e-01 2.244320696592330966e-01 2.212933276593685161e-01 2.183876091241836459e-01 2.157412786781787994e-01 2.133571349084377178e-01 2.112218610942363795e-01 2.093126128613948811e-01 2.076028928160667530e-01 2.060654947161674466e-01 2.046749582886695784e-01 2.034079523384570987e-01 2.022442300617694755e-01 2.011659668385982480e-01 2.001582476496696350e-01
2.538172420859337031e-01 2.521139541268348494e-01 2.507289868593216009e-01 2.494491574168205272e-01 2.482573917508125172e-01 2.471344906091690052e-01 2.460607823729515087e-01 2.450148192048072771e-01 2.439719244837760814e-01 2.429015868902206499e-01 2.417646563053131026e-01 2.405099409818649281e-01 2.390709367394447393e-01 2.373650223016738892e-01 2.352979841828346241e-01 2.327794697880744834e-01 2.297514548897743314e-01 2.262227320671081621e-01 2.222917622327804654e-01 2.181375861167907659e-01
2.552560374140739330e-01 2.522560349106788835e-01 2.492513555288314864e-01 2.460694175958633434e-01 2.427085191011428833e-01 2.391885566711425826e-01 2.355585560202598516e-01 2.319021964073181286e-01 2.283229154348373480e-01 2.249154612421989385e-01 2.217457294464111328e-01 2.188483437895774875e-01 2.162345001101493858e-01 2.139003601670265153e-01 2.118328213691711426e-01 2.100132545828819197e-01 2.084199443459510692e-01 2.070300856232643039e-01 2.058206084370613198e-01 2.047697161138057609e-01
2.699511891603469937e-01 2.668147349357605225e-01 2.641604477167129317e-01 2.616525518894195490e-01 2.592220002412796154e-01 2.568000870943069613e-01 2.543247020244598366e-01 2.517449182271957464e-01 2.490251171588897805e-01 2.461485385894775502e-01 2.431187027692794933e-01 2.399575799703597967e-01 2.367015025019645613e-01 2.333954593539238065e-01 2.300884497165679998e-01 2.268305566906929083e-01 2.236705759167671170e-01 2.206538054347038369e-01 2.178190305829048046e-01 2.151952293515205505e-01
2.635528936982154957e-01 2.601612132787704534e-01 2.566985478997230730e-01 2.530700746178626837e-01 2.493396022915840282e-01 2.455669885873794644e-01 2.417825192213058361e-01 2.379877635836601391e-01 2.341766116023063782e-01 2.303553268313408009e-01 2.265468877553939719e-01 2.227841883897781483e-01 2.191014233231544373e-01 2.155269452929496898e-01 2.120803979039192211e-01 2.087763145565986744e-01 2.056297656893730230e-01 2.026588396728038755e-01 1.998822312057018380e-01 1.973145698010921600e-01
2.455063942074775796e-01 2.413220080733299300e-01 2.371300190687179454e-01 2.328515079617500261e-01 2.286293590068817216e-01 2.245887461304664490e-01 2.208143618702888555e-01 2.173456913232803267e-01 2.141828179359435980e-01 2.112983277440071139e-01 2.086501124501228266e-01 2.061920464038848877e-01 2.038814380764961132e-01 2.016824939846992570e-01 1.995678532123565663e-01 1.975180274248123091e-01 1.955205191671848253e-01 1.935684035718440998e-01 1.916592554748058341e-01 1.897936840355396171e-01
2.635567626357078752e-01 2.599653926491737321e-01 2.572523957490920887e-01 2.550865042209625178e-01 2.533565676212310991e-01 2.519657647609710449e-01 2.508354392647743070e-01 2.499032950401306186e-01 2.491205841302871760e-01 2.484492605924606412e-01 2.478597950935363670e-01 2.473288676142692544e-01 2.468378418684005760e-01 2.463710990548133861e-01 2.459148636460304349e-01 2.454556003212928772e-01 2.449785551428794728e-01 2.444660574197769221e-01 2.438949671387672380e-01 2.432335954904556174e-01
2.294292294979095592e-01 2.273021745681762795e-01 2.255978605151176541e-01 2.240574094653129678e-01 2.225451773405074940e-01 2.209415370225906450e-01 2.191417098045349010e-01 2.170634755492210355e-01 2.146579372882843062e-01 2.119195765256881581e-01 2.088896292448043923e-01 2.056489935517311074e-01 2.023033186793327387e-01 1.989666962623596325e-01 1.957459351420402505e-01 1.927277085185050975e-01 1.899701499938964977e-01 1.875022152066230796e-01 1.853279307484626826e-01 1.834336295723915100e-01
2.327485385537147455e-01 2.305763694643974404e-01 2.284837955236435070e-01 2.263762339949607905e-01 2.242574855685234014e-01 2.221440638601779871e-01 2.200564210116863206e-01 2.180144765973091037e-01 2.160347329080104795e-01 2.141288043558597642e-01 2.123026280105113905e-01 2.105565524101257191e-01 2.088857326656579916e-01 2.072807174175977651e-01 2.057278431951999609e-01 2.042097578197717700e-01 2.027056901901960473e-01 2.011917845159769125e-01 1.996412750333547703e-01 1.980252157896757181e-01
2.599537789821624867e-01 2.576034724712371604e-01 2.550593212246894947e-01 2.519837895035743625e-01 2.481688049435615551e-01 2.435083955526352040e-01 2.380867812037467945e-01 2.322047522664070218e-01 2.262949600815772899e-01 2.207708853483200118e-01 2.159069922566413946e-01 2.118099428713321741e-01 2.084598301351070493e-01 2.057698386907577393e-01 2.036311879754066356e-01 2.019382357597351019e-01 2.005986262857913927e-01 1.995362962782382954e-01 1.986904034018516507e-01 1.980131547152995941e-01
2.570330297946930020e-01 2.528614252805709839e-01 2.489700436592102162e-01 2.451854318380355946e-01 2.414767614006996244e-01 2.378163039684295654e-01 2.341689464449882574e-01 2.304950982332229503e-01 2.267637467384338301e-01 2.229658919572830300e-01 2.191148801147937697e-01 2.152349692583084007e-01 2.113520130515098572e-01 2.074927051365375585e-01 2.036887377500534169e-01 1.999793785810470570e-01 1.964096434414386860e-01 1.930248507857322826e-01 1.898641119897365448e-01 1.869547545164823577e-01
2.474333918094634988e-01 2.410380712151527494e-01 2.350637820363044861e-01 2.292525857686996404e-01 2.236906892061233387e-01 2.184723106026649486e-01 2.136784517765045188e-01 2.093662410974502508e-01 2.055632142722606526e-01 2.022670529782772120e-01 1.994502963125705797e-01 1.970683620870113395e-01 1.950679263472556990e-01 1.933935448527336065e-01 1.919927529990673176e-01 1.908184590935707026e-01 1.898300924897193820e-01 1.889936316013336171e-01 1.882808586955070362e-01 1.876688595116138558e-01
2.667468625307083396e-01 2.620675569772720204e-01 2.580692088603973589e-01 2.544947740435600236e-01 2.512723702192306563e-01 2.483213841915130615e-01 2.455593803524971086e-01 2.429070049524307273e-01 2.402901950478553705e-01 2.376396882534027033e-01 2.348913294076919456e-01 2.319874614477157593e-01 2.288816538453102012e-01 2.255436533689498813e-01 2.219659921526908886e-01 2.181707197427749656e-01 2.142139238119125377e-01 2.101829284429550249e-01 2.061828041076660123e-01 2.023172609508037678e-01
2.474622961878776561e-01 2.423686712980270275e-01 2.375369668006896973e-01 2.327907875180244557e-01 2.282180306315421958e-01 2.239021927118301503e-01 2.198944449424743708e-01 2.162127929925918568e-01 2.128503561019897405e-01 2.097856274247169583e-01 2.069919675588607899e-01 2.044435426592826899e-01 2.021174666285514843e-01 1.999935862421989563e-01 1.980533121526241169e-01 1.962792496383190255e-01 1.946544159948825903e-01 1.931625710427761211e-01 1.917885056138038669e-01 1.905183470249176003e-01
2.470095598697662487e-01 2.440425613522529680e-01 2.413574436306953341e-01 2.386389696598053001e-01 2.358857971429824951e-01 2.331187447905540555e-01 2.303667300939560014e-01 2.276592203974723838e-01 2.250227016210556152e-01 2.224801990389823902e-01 2.200508385896682850e-01 2.177498602867126432e-01 2.155880448222160239e-01 2.135712841153144803e-01 2.117004990577697754e-01 2.099723213911056652e-01 2.083799666166305520e-01 2.069146700203418621e-01 2.055667601525783539e-01 2.043263977766036910e-01
2.459841528534889299e-01 2.450133270025253163e-01 2.439761582016944930e-01 2.427962267398834362e-01 2.413680973649025008e-01 2.395341899991035584e-01 2.371128514409065191e-01 2.339887768030166626e-01 2.302201682329177990e-01 2.260525995492935203e-01 2.218092438578605774e-01 2.177616381645202659e-01 2.140715783834457320e-01 2.108015513420105069e-01 2.079486653208732494e-01 2.054756280779838629e-01 2.033311688899993863e-01 2.014624473452568121e-01 1.998214963078498718e-01 1.983673420548439092e-01
2.440214234590530329e-01 2.389462447166442738e-01 2.347995409369468822e-01 2.311230504512786776e-01 2.277838730812072887e-01 2.246821501851081759e-01 2.217478802800178506e-01 2.189332005381584290e-01 2.162056103348732050e-01 2.135435980558395286e-01 2.109343379735946766e-01 2.083722217381000497e-01 2.058575066924095143e-01 2.033950504660606284e-01 2.009927687048912170e-01 1.986596661806106501e-01 1.964046381413936671e-01 1.942356379330158200e-01 1.921589882671833061e-01 1.901791477203369218e-01
2.230288869142532382e-01 2.214131382107734636e-01 2.199218158423900671e-01 2.184358658269047737e-01 2.168924004212021694e-01 2.152373768389224951e-01 2.134275998920202311e-01 2.114312418922781878e-01 2.092242724820971567e-01 2.067881316505372491e-01 2.041143124736845560e-01 2.012150621600449218e-01 1.981352971494197979e-01 1.949545296840369812e-01 1.917750748433172669e-01 1.887001210078597113e-01 1.858137126825749885e-01 1.831707094237208233e-01 1.807958643138408705e-01 1.786904739215970095e-01
2.487947994470596225e-01 2.444260594248771623e-01 2.404756584763526883e-01 2.365184372663498014e-01 2.325819486379623324e-01 2.287135866284370489e-01 2.249654784798622020e-01 2.213858757913112763e-01 2.180093361437320798e-01 2.148532988131046373e-01 2.119210183620452992e-01 2.092060410976409879e-01 2.066946771740913458e-01 2.043692608177661851e-01 2.022106911242008143e-01 2.002004513144493014e-01 1.983219829201698370e-01 1.965610371530056022e-01 1.949060411751270261e-01 1.933475655317306585e-01
2.481271654367446788e-01 2.466735047101974443e-01 2.453738531470298634e-01 2.441027423739433322e-01 2.428233057260513195e-01 2.415144649147987488e-01 2.401552048325538702e-01 2.387081158161163397e-01 2.371015986800193709e-01 2.352019989490509166e-01 2.327547645568847634e-01 2.292872077226638661e-01 2.241461497545242376e-01 2.170802807807922230e-01 2.089575278759002730e-01 2.012803612649440854e-01 1.950204423069953896e-01 1.903109380602836520e-01 1.868601126968860715e-01 1.843165041506290569e-01
2.434847456216812089e-01 2.410916864871978649e-01 2.388532534241676331e-01 2.366754645109176713e-01 2.344639697670936607e-01 2.320617310702800806e-01 2.292793592810630776e-01 2.259509365260601033e-01 2.219958508014678866e-01 2.174684008955955483e-01 2.125722463428974252e-01 2.076185223460197404e-01 2.029323500394821234e-01 1.987560859322548001e-01 1.952038277685642365e-01 1.922765742242336373e-01 1.899071294069290261e-01 1.880016632378101460e-01 1.864662009477615345e-01 1.852187663316726685e-01
