2.799502891302108609e-01 2.649963900446891674e-01 2.514671918749808999e-01 2.387181511521339339e-01 2.271361404657363803e-01 2.172175174951553323e-01 2.091981574892997631e-01 2.029457581043243308e-01 1.981263655424118086e-01 1.943845902383327384e-01 1.914284783601760964e-01 1.890421150624752022e-01 1.870733638107776597e-01 1.854155148565769240e-01 1.839935787022113911e-01 1.827538527548313030e-01 1.816571471095085044e-01 1.806745754182338681e-01 1.797842507064342510e-01 1.789695636928081424e-01
2.349276643991470293e-01 2.316215920448303212e-01 2.286092478036880482e-01 2.256171447038650413e-01 2.225967907905578580e-01 2.195099803805351246e-01 2.163262093067169212e-01 2.130267521739006020e-01 2.096103069186210643e-01 2.060947680473327603e-01 2.025129982829093900e-01 1.989053958654403709e-01 1.953134065866470315e-01 1.917755630612373308e-01 1.883255094289779663e-01 1.849910026788711415e-01 1.817938743531704038e-01 1.787500299513339885e-01 1.758697025477886089e-01 1.731575749814510401e-01
2.621273210644721741e-01 2.578706094622612022e-01 2.538574779033661022e-01 2.498464804887771673e-01 2.458913964033126731e-01 2.420489540696144082e-01 2.383455058932304471e-01 2.347737902402877719e-01 2.313082230091094982e-01 2.279228815436363242e-01 2.246049594879150346e-01 2.213603600859642140e-01 2.182115051150322060e-01 2.151893195509910484e-01 2.123235616087913447e-01 2.096343261003494329e-01 2.071284514665603649e-01 2.048002591729164157e-01 2.026347197592258398e-01 2.006115330755710580e-01
2.532308635115623208e-01 2.496768447756767262e-01 2.463787075877189592e-01 2.430369916558265675e-01 2.396599575877189636e-01 2.362819021940231190e-01 2.329518336057662953e-01 2.297205230593681313e-01 2.266285070776939414e-01 2.236969369649887129e-01 2.209256866574287326e-01 2.182982277870178234e-01 2.157903867959976296e-01 2.133781269192695507e-01 2.110427224636077792e-01 2.087724056839942999e-01 2.065625607967376820e-01 2.044141951203346241e-01 2.023326665163040217e-01 2.003258344531059221e-01
2.638429319858551225e-01 2.596484664082527316e-01 2.557795217633247464e-01 2.519259276986122176e-01 2.480852943658828635e-01 2.442737519741058350e-01 2.405142769217491205e-01 2.368342795968055858e-01 2.332661920785903953e-01 2.298476564884185669e-01 2.266187593340873718e-01 2.236159974336624223e-01 2.208661764860153087e-01 2.183830922842025790e-01 2.161671680212020885e-01 2.142071467638015647e-01 2.124830022454261835e-01 2.109691864252090376e-01 2.096381017565727145e-01 2.084622168540954668e-01
2.538552436232566767e-01 2.504668211936950661e-01 2.475341436266899064e-01 2.445839905738830533e-01 2.414875921607017584e-01 2.381853508949279830e-01 2.346983611583709772e-01 2.311113828420638949e-01 2.275226911902427651e-01 2.239862343668937716e-01 2.204774415493011563e-01 2.169004449248314037e-01 2.131421238183975331e-01 2.091546905040740922e-01 2.050144407153129678e-01 2.008969911932945163e-01 1.969882711768150274e-01 1.934081350266933508e-01 1.901922421157360155e-01 1.873171429336071003e-01
2.430875131487846286e-01 2.381823346018791254e-01 2.339312306046485990e-01 2.298254200816154391e-01 2.257347691059112538e-01 2.216231158375739918e-01 2.175192731618881270e-01 2.134927770495414767e-01 2.096122628450393655e-01 2.059145650267600880e-01 2.024010759592056174e-01 1.990496471524238475e-01 1.958272242546081621e-01 1.926995068788528442e-01 1.896393680572509843e-01 1.866342872381210327e-01 1.836902235448360510e-01 1.808315068483352661e-01 1.780939079821109716e-01 1.755154594779014532e-01
2.464692443609237671e-01 2.435667628049850431e-01 2.411453348398208685e-01 2.389140841364860435e-01 2.368310043215751670e-01 2.348602902889251609e-01 2.329704031348228399e-01 2.311338654160499662e-01 2.293276959657669090e-01 2.275336226820945662e-01 2.257391163706779502e-01 2.239374312758445618e-01 2.221278843283653326e-01 2.203154239058494612e-01 2.185095098614692755e-01 2.167223718762397722e-01 2.149673962593078580e-01 2.132564651966094849e-01 2.115982860326766912e-01 2.099970659613609181e-01
2.391406723856925876e-01 2.348821535706520081e-01 2.307120150327682528e-01 2.264621177315712108e-01 2.221940472722053472e-01 2.179793417453765869e-01 2.138924396038055509e-01 2.100100663304328985e-01 2.063985604047775257e-01 2.031010115146636985e-01 2.001342698931694031e-01 1.974933199584484045e-01 1.951583653688430675e-01 1.931013265252113364e-01 1.912906685471534862e-01 1.896948276460170835e-01 1.882837919890880674e-01 1.870300601422786591e-01 1.859093463420867787e-01 1.849001085758209262e-01
2.484980431199073914e-01 2.458734658360481329e-01 2.434839093685150224e-01 2.410228130221366838e-01 2.384475183486938488e-01 2.357438370585441534e-01 2.329181936383247498e-01 2.299921315908431962e-01 2.269981008768081621e-01 2.239755308628082198e-01 2.209677883982658353e-01 2.180190348625183072e-01 2.151720839738845703e-01 2.124643734097480807e-01 2.099260777235031072e-01 2.075772199034690846e-01 2.054275819659233115e-01 2.034771341085434004e-01 2.017181804776191634e-01 2.001371324062347357e-01
2.422643962502479542e-01 2.352153781056404158e-01 2.288731774687766951e-01 2.227484279870987072e-01 2.168539133667945762e-01 2.112282192707061745e-01 2.059149286150932234e-01 2.009495776891708496e-01 1.963531705737114053e-01 1.921308231353759666e-01 1.882738520205020916e-01 1.847634276747703586e-01 1.815758386254310575e-01 1.786853553354740276e-01 1.760669551044702630e-01 1.736972286552190825e-01 1.715548300743102994e-01 1.696201290190219868e-01 1.678751413524150748e-01 1.663031622022390354e-01
2.551078033447265470e-01 2.494938364624977034e-01 2.449723890423774753e-01 2.405666229128837486e-01 2.358442941308021568e-01 2.306564620137214749e-01 2.251558187603950600e-01 2.196797704696655251e-01 2.145197916030883722e-01 2.097709712386131298e-01 2.053583982586860701e-01 2.011478540301323004e-01 1.970408049225807201e-01 1.930256927013397350e-01 1.891772678494453297e-01 1.856081604957580677e-01 1.824055513739585854e-01 1.795976009964942999e-01 1.771601691842079052e-01 1.750413209199905284e-01
2.518046435713767739e-01 2.473459228873252924e-01 2.436163279414176874e-01 2.401928427815437361e-01 2.369854363799095143e-01 2.339353618025779846e-01 2.310161599516868669e-01 2.282199364900588945e-01 2.255406069755554188e-01 2.229640048742294323e-01 2.204664689302444358e-01 2.180186837911605724e-01 2.155937850475311279e-01 2.131764516234397888e-01 2.107683226466178783e-01 2.083869984745979342e-01 2.060594359040260337e-01 2.038135430216789223e-01 2.016703256964683666e-01 1.996410173177719238e-01
2.522702777385711914e-01 2.497269621491432223e-01 2.472239482402801558e-01 2.444911855459213357e-01 2.414456337690353283e-01 2.380271393060684193e-01 2.342165499925613348e-01 2.300454762578010570e-01 2.255957368016242859e-01 2.209910783171653847e-01 2.163804739713668934e-01 2.119115340709686324e-01 2.077025997638702326e-01 2.038232862949371227e-01 2.002920800447464122e-01 1.970887787640094868e-01 1.941725513339042641e-01 1.914988701045513275e-01 1.890291242301463948e-01 1.867341288924217191e-01
2.418958678841590937e-01 2.383326548337936501e-01 2.351416441798210022e-01 2.320396533608436451e-01 2.289594388008117654e-01 2.258685418963432279e-01 2.227729785442352228e-01 2.197158220410347085e-01 2.167614364624023404e-01 2.139754748344421253e-01 2.114082467555999656e-01 2.090872475504875205e-01 2.070171079039573592e-01 2.051853159070015087e-01 2.035684081912040588e-01 2.021377858519554094e-01 2.008638522028922957e-01 1.997182390093803495e-01 1.986755219101905834e-01 1.977136161923408464e-01
2.503793987631797724e-01 2.460960364341735762e-01 2.426390832662582431e-01 2.394888284802436929e-01 2.364317801594734147e-01 2.332548815011978027e-01 2.297309550642967213e-01 2.256455826759338479e-01 2.208964845538139432e-01 2.156134769320487976e-01 2.101630514860153287e-01 2.049847859144210693e-01 2.003973314166068997e-01 1.965309482812881425e-01 1.933734451234340734e-01 1.908386908471584320e-01 1.888164179027080614e-01 1.871993829309940294e-01 1.858958642184734278e-01 1.848323887586593717e-01
2.445176061987876792e-01 2.419722253084182761e-01 2.396646040678024336e-01 2.373335728049278393e-01 2.349630451202392445e-01 2.325419735908508256e-01 2.300644889473915100e-01 2.275346651673317011e-01 2.249699527025222912e-01 2.223978716135024958e-01 2.198479992151260443e-01 2.173435544967651234e-01 2.148976024985313482e-01 2.125148350000381492e-01 2.101975035667419389e-01 2.079513016343116638e-01 2.057881322503089805e-01 2.037250870466232322e-01 2.017808356881141685e-01 1.999705787003040192e-01
2.493489411473274187e-01 2.448493051528930764e-01 2.407979130744934138e-01 2.367946478724479720e-01 2.327668094635009788e-01 2.286662331223487943e-01 2.244962328672409080e-01 2.203184804320335310e-01 2.162320885062217757e-01 2.123397552967071500e-01 2.087217375636100658e-01 2.054259684681892517e-01 2.024715088307857402e-01 1.998552142083644956e-01 1.975598737597465404e-01 1.955597911775112108e-01 1.938246357440948364e-01 1.923229870200157121e-01 1.910240691900253196e-01 1.898996688425541035e-01
2.505792799592018172e-01 2.469739645719528087e-01 2.437647959589958058e-01 2.405478504300117559e-01 2.372263890504837103e-01 2.337451395392417808e-01 2.300670453906059343e-01 2.261657750606536899e-01 2.220399197936057945e-01 2.177425524592399575e-01 2.133998665213584778e-01 2.091854304075241033e-01 2.052623453736305281e-01 2.017365410923957769e-01 1.986461690068244967e-01 1.959771800041198719e-01 1.936866813898086570e-01 1.917208553850650865e-01 1.900261569023132258e-01 1.885547249019146054e-01
2.462821009755134516e-01 2.420962381362914972e-01 2.378720459342002769e-01 2.334397554397583119e-01 2.288524985313415416e-01 2.241888868808746271e-01 2.195359918475150995e-01 2.149859574437141541e-01 2.106364962458610601e-01 2.065800648927688665e-01 2.028821259737014771e-01 1.995678235590457872e-01 1.966265274584293454e-01 1.940270210802555184e-01 1.917299400269985299e-01 1.896957224607467574e-01 1.878882083296775918e-01 1.862760916352272089e-01 1.848326323926448855e-01 1.835356092453002963e-01
2.482852107286453169e-01 2.454708826541900646e-01 2.427122974395752031e-01 2.398427608609199624e-01 2.368771496415138234e-01 2.338478931784629955e-01 2.308023399114608742e-01 2.277972704172134266e-01 2.248881393671035844e-01 2.221188303828239563e-01 2.195165717601776090e-01 2.170932799577713068e-01 2.148483365774154774e-01 2.127720084786415000e-01 2.108489912748336692e-01 2.090605610609054532e-01 2.073869955539703325e-01 2.058089411258697543e-01 2.043085670471191384e-01 2.028696790337562450e-01
2.299424824118614097e-01 2.271490833163261336e-01 2.249946349859237582e-01 2.230350893735885687e-01 2.212292370200157066e-01 2.195489272475242559e-01 2.179729789495468140e-01 2.164851543307304282e-01 2.150728246569633406e-01 2.137263178825378473e-01 2.124377214908599876e-01 2.112006720900535539e-01 2.100094199180602972e-01 2.088586303591728199e-01 2.077429828047752391e-01 2.066566956043243419e-01 2.055937698483467080e-01 2.045474824309349016e-01 2.035108324885368247e-01 2.024761947989463795e-01
2.430783128738403243e-01 2.379000487923622065e-01 2.332825165987014726e-01 2.289634546637535073e-01 2.249666464328765880e-01 2.212982082366943271e-01 2.179580098390579146e-01 2.149418741464614868e-01 2.122414012253284465e-01 2.098414476215839375e-01 2.077204190194606725e-01 2.058519294857978910e-01 2.042076624929904938e-01 2.027592027187347379e-01 2.014794047176838021e-01 2.003433176875114574e-01 1.993285234272479944e-01 1.984153655171394248e-01 1.975866895914077659e-01 1.968279434740543288e-01
2.535502359271049611e-01 2.495867395401001054e-01 2.460823312401771434e-01 2.429058462381362971e-01 2.400405356287956260e-01 2.374547097086906478e-01 2.351037129759788458e-01 2.329386690258979931e-01 2.309151968359947071e-01 2.289997535943985030e-01 2.271705034375190724e-01 2.254139435291290239e-01 2.237179788947105397e-01 2.220659214258194070e-01 2.204333925247192461e-01 2.187879806756973244e-01 2.170914995670318592e-01 2.153047153353691012e-01 2.133935165405273504e-01 2.113368979096412748e-01
2.417146667838096508e-01 2.393854922056198042e-01 2.372527077794074901e-01 2.351528701186180181e-01 2.330980357527732971e-01 2.310974907875061046e-01 2.291523036360740562e-01 2.272565689682960466e-01 2.254013466835022017e-01 2.235779824852943409e-01 2.217803210020065363e-01 2.200057250261306663e-01 2.182553324103355397e-01 2.165337631106376559e-01 2.148476290702819869e-01 2.132045495510101196e-01 2.116117620468139782e-01 2.100755196809768743e-01 2.086005473136901822e-01 2.071896833181381126e-01
2.548784753680229387e-01 2.500036212801933222e-01 2.460342004895210155e-01 2.425115457177162148e-01 2.392674779891967862e-01 2.362179246544837963e-01 2.333135288953781250e-01 2.305050659179687378e-01 2.277342632412910350e-01 2.249356132745742864e-01 2.220451942086219821e-01 2.190114194154739458e-01 2.158027610182762235e-01 2.124086683988571089e-01 2.088354298472404613e-01 2.051032611727714450e-01 2.012484964728355474e-01 1.973259299993515015e-01 1.934029245376586992e-01 1.895464089512824968e-01
2.398810303211212080e-01 2.359336045384406999e-01 2.325169491767883345e-01 2.291875094175338801e-01 2.258844724297523476e-01 2.226153621077537614e-01 2.194151899218559354e-01 2.163223987817764205e-01 2.133652314543724171e-01 2.105580037832260054e-01 2.079027616977691673e-01 2.053945273160934504e-01 2.030254474282264798e-01 2.007874420285225003e-01 1.986735314130783081e-01 1.966783772408962350e-01 1.947978077828884103e-01 1.930282230675220423e-01 1.913661336898803689e-01 1.898076413571834486e-01
2.775124078989029131e-01 2.717712646722793557e-01 2.665958634018897877e-01 2.616940811276435852e-01 2.570553228259086498e-01 2.526391449570655756e-01 2.484014528989791915e-01 2.442949277162551891e-01 2.402649328112602123e-01 2.362687015533447288e-01 2.322997602820396357e-01 2.283948436379432678e-01 2.246222338080406111e-01 2.210612428188324097e-01 2.177807945013046365e-01 2.148235830664634582e-01 2.122002905607223433e-01 2.098937499523162720e-01 2.078692600131034907e-01 2.060856939852237779e-01
2.552515545487403781e-01 2.510905244946479709e-01 2.472886088490486023e-01 2.435676783323287853e-01 2.398961785435676508e-01 2.362596276402473550e-01 2.326571986079216114e-01 2.290953961014747520e-01 2.255856582522392240e-01 2.221459484100341830e-01 2.188043370842933655e-01 2.155997663736343439e-01 2.125755870342254661e-01 2.097693052887916465e-01 2.072037631273269676e-01 2.048852682113647405e-01 2.028067076206207242e-01 2.009526310861110554e-01 1.993036927282810233e-01 1.978391233086586043e-01
2.455940452218055847e-01 2.387315848469734325e-01 2.322487562894821056e-01 2.262495732307434060e-01 2.209881985187530651e-01 2.165122491121292125e-01 2.127272573113441478e-01 2.094990590214729220e-01 2.067049291729927130e-01 2.042470774054527261e-01 2.020518371462821927e-01 2.000652202963829063e-01 1.982473105192184559e-01 1.965677797794342097e-01 1.950031001865863700e-01 1.935343198478221838e-01 1.921458160877227705e-01 1.908245094120502583e-01 1.895596739649772766e-01 1.883420743048191126e-01
2.687271839380264149e-01 2.623845666646957286e-01 2.566157156229019187e-01 2.509991329908370927e-01 2.454554507136345043e-01 2.398885214328765891e-01 2.342046421766281195e-01 2.283511254191398498e-01 2.223301884531974915e-01 2.161721700429916349e-01 2.099142706394195590e-01 2.036112967133522078e-01 1.973516109585762013e-01 1.912536521255970012e-01 1.854418133199214891e-01 1.800201345980167456e-01 1.750564409792423337e-01 1.705807001888751950e-01 1.665919273346662399e-01 1.630680911242961828e-01
2.584722143411636308e-01 2.534071883559226857e-01 2.488892194628715415e-01 2.444895225763320801e-01 2.401340249180793640e-01 2.358848837018013012e-01 2.318307390809059010e-01 2.280125665664672896e-01 2.244105100631713923e-01 2.209753468632698059e-01 2.176614239811897333e-01 2.144420734047889632e-01 2.113129541277885548e-01 2.082879781723022405e-01 2.053899207711219754e-01 2.026402357220649653e-01 2.000522512197494551e-01 1.976299113035202004e-01 1.953693915903568223e-01 1.932622841000556924e-01
2.571493452787399492e-01 2.530271348357200356e-01 2.493413043022155717e-01 2.455090340971946838e-01 2.414117145538330067e-01 2.370141530036926347e-01 2.322869864106178184e-01 2.271364080905914351e-01 2.213693919777870167e-01 2.147740870714187622e-01 2.073276691138744299e-01 1.993647167086601280e-01 1.915090590715408381e-01 1.843848602473735776e-01 1.783589476346969516e-01 1.734946931898593836e-01 1.696620871126651720e-01 1.666616618633270375e-01 1.642996642738580593e-01 1.624164440482854799e-01
2.337215617299079895e-01 2.290580019354820362e-01 2.248447051644325290e-01 2.208562132716178905e-01 2.171006119251251143e-01 2.135438048839569114e-01 2.101414081454276994e-01 2.068619439005851823e-01 2.036909343302250042e-01 2.006255382299423351e-01 1.976680971682071575e-01 1.948223100602626823e-01 1.920911757647991158e-01 1.894760641455650318e-01 1.869765847921371349e-01 1.845911371707916193e-01 1.823170192539692036e-01 1.801509453356265889e-01 1.780889002978801594e-01 1.761262173950672028e-01
2.518014433979988143e-01 2.458668339252471913e-01 2.408049595355987449e-01 2.361686077713966436e-01 2.317787539958953980e-01 2.274760758876800404e-01 2.231852063536644004e-01 2.189403951168060192e-01 2.148549503087997525e-01 2.110583910346031100e-01 2.076440846920013517e-01 2.046509280800819508e-01 2.020741939544677679e-01 1.998830839991569408e-01 1.980344755947589797e-01 1.964802818000316587e-01 1.951728729903697834e-01 1.940679076313972518e-01 1.931265567243099224e-01 1.923163971304893416e-01
2.469437420368194580e-01 2.438775855302810769e-01 2.410766687989235046e-01 2.382559484243392811e-01 2.354170411825179943e-01 2.325760167837142844e-01 2.297625663876533553e-01 2.270159971714019731e-01 2.243791759014129583e-01 2.218902683258056618e-01 2.195773658156394970e-01 2.174558281898498480e-01 2.155290970206260592e-01 2.137908473610878046e-01 2.122278371453285295e-01 2.108229744434356734e-01 2.095573508739471402e-01 2.084120026230812106e-01 2.073691040277481079e-01 2.064122998714447155e-01
2.625772884488105641e-01 2.571100124716758639e-01 2.531175687909126282e-01 2.499306470155716053e-01 2.471270626783370894e-01 2.443889698386192411e-01 2.414796927571296603e-01 2.382283821702003423e-01 2.345394045114517212e-01 2.304162377119064464e-01 2.259767901897430376e-01 2.214316698908805892e-01 2.170189753174781855e-01 2.129228138923645042e-01 2.092230550944805256e-01 2.059006084501743272e-01 2.028775696456432409e-01 2.000600112974643685e-01 1.973725721240043585e-01 1.947853472828865173e-01
2.466870352625846752e-01 2.441874590516090460e-01 2.414824345707893283e-01 2.382287952303886458e-01 2.342828896641731273e-01 2.296433779597282510e-01 2.245118048787116960e-01 2.192647883296012790e-01 2.142975547909736767e-01 2.098641788959503263e-01 2.060445879399776525e-01 2.028064857423305389e-01 2.000720603764057082e-01 1.977554602921008930e-01 1.957788148522376925e-01 1.940762023627758126e-01 1.925944443047046539e-01 1.912908105552196536e-01 1.901315668225288524e-01 1.890900540351867776e-01
2.616465240716934204e-01 2.575378775596618430e-01 2.537169560790061840e-01 2.499812981486320418e-01 2.463385447859764155e-01 2.427743458747863847e-01 2.392472910881042469e-01 2.357021474838256747e-01 2.320883283019065935e-01 2.283785268664360046e-01 2.245849174261093095e-01 2.207644546031951871e-01 2.170060238242149386e-01 2.134068858623504594e-01 2.100514936447143433e-01 2.069992028176784460e-01 2.042803619801998039e-01 2.018989032506942616e-01 1.998385585844516810e-01 1.980695277452468872e-01
2.488249924778938305e-01 2.459499558806419461e-01 2.433650958538055298e-01 2.407176074385642961e-01 2.379305469989776711e-01 2.349952265620231517e-01 2.319821050763130055e-01 2.290085852146148682e-01 2.261767011880874700e-01 2.235294196009635914e-01 2.210518500208854542e-01 2.186966466903686457e-01 2.164107730984687894e-01 2.141555616259575023e-01 2.119201079010963329e-01 2.097246769070625350e-01 2.076120907068252641e-01 2.056305569410324108e-01 2.038180014491081105e-01 2.021942219138145314e-01
2.509445646405220054e-01 2.462937447428703297e-01 2.424457901716232378e-01 2.389831089973449840e-01 2.357738706469535706e-01 2.327170145511627264e-01 2.297296771407127403e-01 2.267377775907516435e-01 2.236790278553962841e-01 2.205125725269317660e-01 2.172239801287650929e-01 2.138211721181869640e-01 2.103258395195007346e-01 2.067666891217231628e-01 2.031780886650085549e-01 1.996014657616615173e-01 1.960843801498413086e-01 1.926764605939388364e-01 1.894242939352989152e-01 1.863688862323761020e-01
2.393469193577766330e-01 2.343623858690261907e-01 2.298112118244171054e-01 2.254266652464866627e-01 2.212669691443443221e-01 2.173968303203582808e-01 2.138383314013481140e-01 2.105699059367179826e-01 2.075460785627365190e-01 2.047159788012504478e-01 2.020345410704612599e-01 1.994678202271461531e-01 1.969945663213729936e-01 1.946046647429466314e-01 1.922981706261634727e-01 1.900817118585109711e-01 1.879657703638076827e-01 1.859619456529617298e-01 1.840806552767753623e-01 1.823294466733932362e-01
2.482411992549896362e-01 2.442885273694992143e-01 2.403056785464286749e-01 2.360144528746604964e-01 2.313626724481582519e-01 2.263660237193107494e-01 2.211192250251770020e-01 2.157655516266822893e-01 2.104499322175979736e-01 2.053041955828666665e-01 2.004386162757873513e-01 1.959268902242183585e-01 1.918013732135295801e-01 1.880608130991458793e-01 1.846836993098258939e-01 1.816381871700286921e-01 1.788890185952186629e-01 1.764013977348804496e-01 1.741421070694923467e-01 1.720807273685932282e-01
2.614021086692809859e-01 2.580070912837982289e-01 2.551032960414886253e-01 2.523665115237235801e-01 2.497692045569419872e-01 2.472669720649719183e-01 2.447854670882224914e-01 2.422128227353096130e-01 2.393990364670753601e-01 2.361709687113761891e-01 2.323765191435814004e-01 2.279560819268226513e-01 2.230013734102249123e-01 2.177554088830947754e-01 2.125400498509407154e-01 2.076426973938941822e-01 2.032374170422553972e-01 1.993775935471057970e-01 1.960367809236049641e-01 1.931523396074771859e-01
2.432921415567398105e-01 2.406348004937171881e-01 2.378192538022995128e-01 2.345949319005012634e-01 2.310935410857200556e-01 2.275401735305786211e-01 2.241433313488960244e-01 2.210248592495918374e-01 2.182114094495773426e-01 2.156658449769019992e-01 2.133233082294464233e-01 2.111184412240982022e-01 2.090021997690200695e-01 2.069495421648025468e-01 2.049599826335906927e-01 2.030513632297515914e-01 2.012493242323398490e-01 1.995762635767459880e-01 1.980441054701805037e-01 1.966522416472434864e-01
2.590784540772437805e-01 2.556008830666541831e-01 2.524846395850181557e-01 2.493791261315345675e-01 2.462436136603355363e-01 2.430128064751625183e-01 2.396197441220283553e-01 2.360223537683486805e-01 2.322252887487411543e-01 2.282866135239601246e-01 2.243056434392929066e-01 2.203982025384902954e-01 2.166707026958465676e-01 2.132028120756149225e-01 2.100404277443885803e-01 2.071983370184898310e-01 2.046667549014091481e-01 2.024209246039390675e-01 2.004282870888710044e-01 1.986539301276206981e-01
2.266774064302444491e-01 2.194378447532653875e-01 2.130916400253772824e-01 2.072780908644199505e-01 2.019144392013549894e-01 1.969100460410118103e-01 1.921921074390411377e-01 1.877238278090953838e-01 1.835074882209301039e-01 1.795712308585643846e-01 1.759483796358108643e-01 1.726617583632469310e-01 1.697166380286216636e-01 1.671017897129058738e-01 1.647935559600591793e-01 1.627617207914590913e-01 1.609738536179065593e-01 1.593977217376232047e-01 1.580042822659015744e-01 1.567672359198331866e-01
2.580884397029876709e-01 2.533367952704429493e-01 2.494616767764091525e-01 2.460672372579574552e-01 2.430231627821922424e-01 2.401853179931640603e-01 2.374206715822219926e-01 2.346239051222801242e-01 2.317267650365829601e-01 2.287003937363624451e-01 2.255513560771942039e-01 2.223119154572486822e-01 2.190296643972396984e-01 2.157585442066192738e-01 2.125532627105712891e-01 2.094657424092292719e-01 2.065411615371704201e-01 2.038142004609108104e-01 2.013059630990028381e-01 1.990228071808815002e-01
2.431870946288108848e-01 2.392271766066551286e-01 2.355478608608245761e-01 2.318514472246170077e-01 2.281759718060493436e-01 2.245979157090187139e-01 2.212075945734977844e-01 2.180802625417709306e-01 2.152545309066772328e-01 2.127287688851356440e-01 2.104711014032363825e-01 2.084335377812385481e-01 2.065628314018249645e-01 2.048067489266395536e-01 2.031162500381469838e-01 2.014474076032638505e-01 1.997630697488784746e-01 1.980348980426788197e-01 1.962456911802291926e-01 1.943905362486839372e-01
2.521030986309051314e-01 2.484467363357543979e-01 2.452393552660941944e-01 2.420802709460258551e-01 2.389364910125732488e-01 2.357978129386901767e-01 2.326763668656349204e-01 2.295986112952232427e-01 2.265953180193901184e-01 2.236936765909194880e-01 2.209133043885231074e-01 2.182674038410186701e-01 2.157639136910438626e-01 2.134079343080520497e-01 2.112023675441742077e-01 2.091481673717498768e-01 2.072438472509384177e-01 2.054848104715347179e-01 2.038632452487945668e-01 2.023687854409217945e-01
