9.550319565997051896e-01 8.602853077724830211e-01 7.694488995937718290e-01 6.857807043887441667e-01 6.112319884973111961e-01 5.461108847739524208e-01 4.894388393303597540e-01 4.396434161101132054e-01 3.954476329952740232e-01 3.562956003069303046e-01 3.220563975788536260e-01 2.925720959522732367e-01 2.674921186886786151e-01 2.463225881301332187e-01 2.285227171176484329e-01 2.135729578052996680e-01 2.010089013079414122e-01 1.904313942332919452e-01 1.815044653193035595e-01 1.739484332237373199e-01
2.934340903404881740e-01 2.600833701873488946e-01 2.319482830507331450e-01 2.087980221201723996e-01 1.902561047460767374e-01 1.756345351609297778e-01 1.641826588819094435e-01 1.552132883227022864e-01 1.481567113127948698e-01 1.425679233191476658e-01 1.381088386924238798e-01 1.345248194027226507e-01 1.316236805915832475e-01 1.292595771769992907e-01 1.273208003118634357e-01 1.257211855379864462e-01 1.243938466487452404e-01 1.232864014757797111e-01 1.223576363595202526e-01 1.215750281792134097e-01
7.079522071266546313e-01 6.413831496093189699e-01 5.780265704795601867e-01 5.189361309516243859e-01 4.645352577434327390e-01 4.149999389030517571e-01 3.705776589900778850e-01 3.315599250965169387e-01 2.980691913166083618e-01 2.699044360115658292e-01 2.465797128982376296e-01 2.274542637425474856e-01 2.118547223578207128e-01 1.991554360673762902e-01 1.888134979456663198e-01 1.803737926902249378e-01 1.734644261281937383e-01 1.677874745149165459e-01 1.631029464537277762e-01 1.592208083905279625e-01
1.812160222679376709e+00 1.695497859455645129e+00 1.563583974596112869e+00 1.424861413519829423e+00 1.287894163588061858e+00 1.159405712820589462e+00 1.043675537034869150e+00 9.427265257202088744e-01 8.568787018442526326e-01 7.853455640841275898e-01 7.267162723769433619e-01 6.793122244114055963e-01 6.414238930237479153e-01 6.114460965030593664e-01 5.879434128676075400e-01 5.696686294244136528e-01 5.555571251630317953e-01 5.447080782195553583e-01 5.363598072424065055e-01 5.298651815019548295e-01
2.424385936197359093e-01 2.185444504805491295e-01 1.995302629404932249e-01 1.844719920761417609e-01 1.726624549724510849e-01 1.634216443891637061e-01 1.561806551087647765e-01 1.504865622892975763e-01 1.459871662501245615e-01 1.424119742028415181e-01 1.395542458631098270e-01 1.372560107149183861e-01 1.353964387811720238e-01 1.338826261647045601e-01 1.326427349820732959e-01 1.316210821457207136e-01 1.307740066014230207e-01 1.300673555210232757e-01 1.294739164784550756e-01 1.289724578894674845e-01
1.565056492912117458e-01 1.500544877559877865e-01 1.455940278386697040e-01 1.422209664015099406e-01 1.396664775116369106e-01 1.377154166623950071e-01 1.362059115432202872e-01 1.350195435760542795e-01 1.340702415350824572e-01 1.332959090359508991e-01 1.326518048904836156e-01 1.321052556950599033e-01 1.316324044857174191e-01 1.312161796446889572e-01 1.308434627857059107e-01 1.305049206409603368e-01 1.301935462560504797e-01 1.299041598010808318e-01 1.296325110178440931e-01 1.293757516983896627e-01
1.992004282918060087e-01 1.861380673071835190e-01 1.761120055126957629e-01 1.680899844504892826e-01 1.616698487894609459e-01 1.565045524155720957e-01 1.523179827630519734e-01 1.488950404664501626e-01 1.460695934668183316e-01 1.437136154808104083e-01 1.417289247084408954e-01 1.400396340247243576e-01 1.385878635942935921e-01 1.373280199011787661e-01 1.362254778295755309e-01 1.352526081167161331e-01 1.343878757767379417e-01 1.336140915052965172e-01 1.329176900489255908e-01 1.322876515192911162e-01
4.935515243751794623e-01 4.441568642178754245e-01 3.996502694452647164e-01 3.606016806117258722e-01 3.270865059853531598e-01 2.987586359609849529e-01 2.750788152567110734e-01 2.554356318060308495e-01 2.392162057571113054e-01 2.258532146736979551e-01 2.148444066382944606e-01 2.057608234276994963e-01 1.982431072369217895e-01 1.919953939225524653e-01 1.867771068215370311e-01 1.823935633059590999e-01 1.786874760966747910e-01 1.755323085281997875e-01 1.728265629336237785e-01 1.704883210174739372e-01
1.915643318733200484e+00 1.811317424112930841e+00 1.679654481355100870e+00 1.530413713189773262e+00 1.376860466770595037e+00 1.230754827169294074e+00 1.099806819195531693e+00 9.874055246217176007e-01 8.937164405800285261e-01 8.170696327741029386e-01 7.550459629821125729e-01 7.051339410193758761e-01 6.650564763105216715e-01 6.328805752127117934e-01 6.070241438841736947e-01 5.862142380800287045e-01 5.694344855667077265e-01 5.558743708657902793e-01 5.448839945472953028e-01 5.359399975251144532e-01
5.388100564670549320e-01 5.089705242344200187e-01 4.826103955935104883e-01 4.534652821859526672e-01 4.168434286205592865e-01 3.731788480279646936e-01 3.274078577901025078e-01 2.849212869790790359e-01 2.488103184144710989e-01 2.197892194013547906e-01 1.971818111841275867e-01 1.798164559719407363e-01 1.665255907922983114e-01 1.563338508596643917e-01 1.484848178969696286e-01 1.424084787629544824e-01 1.376789701217785433e-01 1.339779430022463302e-01 1.310660233860835300e-01 1.287625102279707778e-01
7.962235054158373071e-01 7.186363889966742580e-01 6.548356909412541560e-01 6.043132437960594405e-01 5.649500502985028705e-01 5.340643804701358244e-01 5.088284318277402907e-01 4.864064684308141429e-01 4.640828850001343930e-01 4.395196037169080139e-01 4.111660558347648431e-01 3.786797822584048734e-01 3.431141084957926024e-01 3.066751160612329885e-01 2.720091579391737402e-01 2.413246037957355872e-01 2.158094802030245674e-01 1.956002475714194722e-01 1.801293501703912503e-01 1.685353257518727443e-01
9.761593114282004491e-01 8.797507346111523852e-01 7.871538109051107179e-01 7.027266815041730563e-01 6.288611000207492419e-01 5.660815356395425546e-01 5.137092965517513488e-01 4.704481618292629674e-01 4.348115684336517073e-01 4.053758276649750969e-01 3.809002937702462011e-01 3.603560413420200392e-01 3.429181274911388688e-01 3.279358513373881734e-01 3.149028039770200849e-01 3.034281571721658133e-01 2.932092878967523797e-01 2.840132778137922087e-01 2.756619698414579100e-01 2.680190649721771456e-01
1.729315818355462442e-01 1.651180008411211042e-01 1.595296380712534212e-01 1.552266547479666803e-01 1.519069040822796646e-01 1.493367569334805023e-01 1.473387364204973016e-01 1.457775299251079515e-01 1.445494809187948815e-01 1.435747946519404517e-01 1.427926412131637346e-01 1.421567503362894114e-01 1.416318684909492753e-01 1.411915500275790769e-01 1.408156014606356532e-01 1.404890802595764321e-01 1.402006102912128072e-01 1.399417262896895386e-01 1.397059171274304401e-01 1.394882846623659023e-01
3.521467018841212826e-01 3.155181300055119320e-01 2.806854567828122593e-01 2.490624470944749203e-01 2.218354231451667158e-01 1.994207126036053601e-01 1.816049129823659181e-01 1.678029444552788518e-01 1.572948750460636813e-01 1.493777493021298253e-01 1.434435659824885023e-01 1.390009438371634931e-01 1.356686212489148502e-01 1.331584457308054026e-01 1.312563325185328589e-01 1.298037129617296281e-01 1.286845134454779327e-01 1.278131691599264652e-01 1.271273491298779978e-01 1.265810818830505058e-01
5.197435620662145261e-01 4.956156320848094654e-01 4.738906176324235164e-01 4.526756937673780956e-01 4.311133789515588233e-01 4.089883969107176998e-01 3.864468896150839439e-01 3.638240121352282475e-01 3.415405137703055316e-01 3.200287686599767589e-01 2.996675349937868438e-01 2.807347462330624377e-01 2.633944775983945719e-01 2.477086405725276441e-01 2.336533154005883128e-01 2.211500741705822171e-01 2.100852938080061127e-01 2.003284962282577963e-01 1.917437793029239390e-01 1.841984610294457592e-01
4.017806640456547118e-01 3.509893289571784369e-01 3.085387555538909310e-01 2.737990073845139594e-01 2.457259760275337657e-01 2.231568426074954925e-01 2.050438674134784367e-01 1.905020916204455128e-01 1.788051530796292421e-01 1.693703377358906359e-01 1.617334346458665084e-01 1.555266441224375795e-01 1.504596059699542798e-01 1.463030957406590560e-01 1.428765942229657526e-01 1.400370095959078687e-01 1.376707836522837181e-01 1.356885656673693930e-01 1.340188847703393527e-01 1.326045030809473169e-01
5.104483803200627889e-01 4.378535818652426470e-01 3.753892279992942504e-01 3.234521134151145949e-01 2.812269605929031968e-01 2.474005262937862548e-01 2.205763945466605869e-01 1.994518263597410690e-01 1.828879036223770571e-01 1.699303063197294128e-01 1.598034433391876397e-01 1.518873918149620250e-01 1.456931551266461566e-01 1.408388622227357834e-01 1.370271974900970358e-01 1.340280791894724599e-01 1.316625233054219413e-01 1.297923035494750466e-01 1.283097529178485185e-01 1.271317617932800070e-01
1.558113124278024841e+00 1.462035782389411898e+00 1.357378761415020563e+00 1.246735795707791139e+00 1.134219738834072011e+00 1.024155155557455066e+00 9.200752289959928110e-01 8.243448948131117948e-01 7.382026371145400390e-01 6.619816081713406630e-01 5.953740659344475272e-01 5.376835269271396101e-01 4.880139375838916660e-01 4.454078076384030416e-01 4.089303644117899261e-01 3.777175832225475594e-01 3.509977352996065947e-01 3.280964402593963269e-01 3.084337057301309026e-01 2.915149197113350854e-01
8.297724355753640646e-01 7.363701854128157365e-01 6.533221121248788954e-01 5.820911370636895343e-01 5.222377323848195196e-01 4.720801768917590180e-01 4.294503043853182822e-01 3.922438528824568338e-01 3.589010237414186344e-01 3.286469631991348894e-01 3.013643207063432805e-01 2.772063234857523595e-01 2.562625284857138475e-01 2.384257890122535306e-01 2.234181259703473255e-01 2.108764950744807798e-01 2.004188984190113931e-01 1.916893331520259369e-01 1.843766223359853129e-01 1.782201259303838048e-01
1.313997441512765318e+00 1.203361626658588701e+00 1.091158043103350739e+00 9.814266183587233572e-01 8.772716395585269389e-01 7.807799392883316703e-01 6.932019056706031357e-01 6.150757019617594246e-01 5.463712134835077006e-01 4.866516828212479329e-01 4.352186675676398275e-01 3.912360372887633275e-01 3.538210767060809281e-01 3.221103686135211586e-01 2.952985411926056236e-01 2.726576441526413208e-01 2.535438482684548855e-01 2.374006514879875018e-01 2.237509348127059705e-01 2.121900122449733306e-01
3.533053137402748511e-01 3.121456089608204976e-01 2.762321993455407187e-01 2.463850084590921974e-01 2.225069619278656208e-01 2.038401007640641138e-01 1.894219108335983004e-01 1.783300307075842417e-01 1.697828818345442359e-01 1.631613377900794082e-01 1.579922569170594260e-01 1.539201883506029767e-01 1.506803383305668764e-01 1.480753140151500613e-01 1.459587633982300792e-01 1.442205672245472636e-01 1.427782036177814018e-01 1.415687430929392643e-01 1.405446315929293755e-01 1.396688239183276892e-01
1.739912125617265604e+00 1.649170526871457598e+00 1.535629191203042865e+00 1.406763691259548033e+00 1.274059404344297874e+00 1.147896558353677321e+00 1.034951716579962433e+00 9.379825070651713892e-01 8.569069639481858847e-01 7.900893329135396659e-01 7.352985000435000584e-01 6.902612294356503808e-01 6.529145440564479985e-01 6.214854013794319787e-01 5.944805626248126362e-01 5.706486145940163901e-01 5.489339881687510525e-01 5.284450317262234798e-01 5.084409337090619596e-01 4.883388497077976176e-01
1.637655928544700101e+00 1.532079517105594313e+00 1.408776703639887273e+00 1.274360771566862338e+00 1.141065816736954730e+00 1.019115542067003499e+00 9.137720781238749534e-01 8.261213974519159287e-01 7.548233984448415868e-01 6.975223094531974866e-01 6.516888495136663462e-01 6.150185427378118685e-01 5.855620347427474837e-01 5.617247650646551849e-01 5.422229621419318857e-01 5.260222179623815775e-01 5.122793672242551555e-01 5.002963703329441625e-01 4.894811084802495049e-01 4.793195647091488265e-01
2.286635684396605972e-01 2.047051526885479700e-01 1.858698946516960937e-01 1.713874161802232399e-01 1.605213609244674489e-01 1.524953447934239981e-01 1.466277054976671823e-01 1.423597970511764343e-01 1.392564650252461345e-01 1.369923853129148550e-01 1.353302641585469313e-01 1.340992430597543750e-01 1.331778391823172647e-01 1.324795070849359158e-01 1.319428305700421356e-01 1.315239103138446941e-01 1.311914227716624859e-01 1.309231869876384680e-01 1.307029135525226704e-01 1.305186739936471108e-01
2.891092192661744997e-01 2.601152225932309991e-01 2.339904439386737145e-01 2.115605819576171498e-01 1.930911217091488552e-01 1.783171183848753505e-01 1.667235911847092245e-01 1.577307293470948946e-01 1.507930859783664368e-01 1.454455830436199859e-01 1.413135165348649025e-01 1.381051133107394080e-01 1.355969572253525324e-01 1.336204962618648961e-01 1.320493202563375323e-01 1.307883999403566255e-01 1.297663415875285886e-01 1.289289665035903421e-01 1.282358956988901011e-01 1.276557196676731121e-01
6.200834342448797720e-01 5.581224085821304692e-01 4.998670185788068876e-01 4.468103038458502985e-01 3.997939774853148109e-01 3.589498477289725931e-01 3.239821874505878219e-01 2.943504874748020805e-01 2.694002824464405421e-01 2.484589468128979295e-01 2.308964723624330750e-01 2.161535161785650416e-01 2.037517508370001451e-01 1.932920472041155247e-01 1.844449014470592452e-01 1.769380900461692274e-01 1.705479857709724378e-01 1.650901703524868813e-01 1.604131536534987301e-01 1.563907285267487068e-01
5.352997472289052761e-01 5.153538285790273399e-01 5.031520756127793037e-01 4.958579435978754391e-01 4.910485848130338171e-01 4.869468949919973921e-01 4.823417961224913397e-01 4.763293744043039513e-01 4.680676057669916346e-01 4.566761914215748952e-01 4.413623846304835507e-01 4.217684126691892965e-01 3.983184943220112739e-01 3.722328329226002319e-01 3.451418312895111473e-01 3.185889717191457970e-01 2.937098142737522566e-01 2.711552345333620995e-01 2.511739949136972405e-01 2.337449989840388320e-01
7.398237341013736978e-01 6.745823068101890474e-01 6.113629524708085183e-01 5.517500941478646892e-01 4.968608967514592245e-01 4.472686810074446573e-01 4.031715797006924507e-01 3.644881749506020951e-01 3.309388354068505400e-01 3.021136509162897776e-01 2.775311607034925965e-01 2.566812115350694534e-01 2.390631377791214707e-01 2.242083081646706055e-01 2.116902418649988238e-01 2.011339624668471437e-01 1.922162992402445536e-01 1.846624841541051887e-01 1.782422617846168567e-01 1.727639908925630019e-01
6.662112442034594517e-01 6.023211790003961674e-01 5.510425751065577415e-01 5.101233579726249801e-01 4.757770424004411081e-01 4.438036562848697297e-01 4.110942208808773812e-01 3.768740091096151601e-01 3.424571613600710385e-01 3.098178619565442049e-01 2.804415260325185955e-01 2.550158491940237582e-01 2.336014256626367525e-01 2.158899292722344376e-01 2.014027147972956289e-01 1.896183409309014634e-01 1.800432674260810106e-01 1.722458042949438217e-01 1.658663446828722854e-01 1.606140522193163500e-01
1.098590504168532878e+00 1.001180907264351827e+00 9.045856710127554434e-01 8.116575902875047266e-01 7.244371474173385561e-01 6.442207889926794273e-01 5.717335585664164999e-01 5.072221413938313717e-01 4.505601775141258036e-01 4.013450211570602222e-01 3.589947433288034340e-01 3.228304298266994055e-01 2.921410211135662127e-01 2.662252322955555583e-01 2.444229556669597625e-01 2.261322479669206631e-01 2.108157134415523659e-01 1.980043055015267006e-01 1.872924751503160234e-01 1.783342796793022100e-01
2.692973997490480387e-01 2.515007567545399225e-01 2.373681268934160482e-01 2.257149314228445169e-01 2.161160851921886117e-01 2.081829492840915896e-01 2.015925381053239041e-01 1.960854756832122736e-01 1.914531861711293581e-01 1.875293115433305513e-01 1.841807235125452191e-01 1.813004949223250284e-01 1.788025988452136561e-01 1.766176640987396351e-01 1.746898672357201643e-01 1.729739350825548194e-01 1.714328312501311180e-01 1.700366662628948755e-01 1.687609919719398055e-01 1.675861156173050481e-01
8.581298834877089110e-01 7.697866296698339106e-01 6.867104275827295989e-01 6.106643040524795119e-01 5.423047391201043510e-01 4.816237824602830897e-01 4.282954378930298733e-01 3.818239366023163939e-01 3.416288342182087767e-01 3.071000089555127599e-01 2.776287838062490021e-01 2.526242897607153259e-01 2.315265395244932856e-01 2.138111500878585591e-01 1.989960589364636601e-01 1.866475652856752210e-01 1.763787085842341285e-01 1.678528991714119956e-01 1.607789430674165521e-01 1.549088626075535990e-01
3.632170372654343060e-01 3.284755934325949145e-01 2.980961934905644872e-01 2.717215443811437647e-01 2.492158981950251539e-01 2.302363523369740372e-01 2.143656271198778884e-01 2.011698669398901962e-01 1.902348056039772917e-01 1.811839490081183501e-01 1.736888773227110438e-01 1.674693302996456690e-01 1.622915288293734215e-01 1.579631277313456039e-01 1.543274001684039887e-01 1.512573299277573946e-01 1.486507456656545323e-01 1.464254883117973860e-01 1.445153759792447146e-01 1.428672808408737172e-01
1.233958028219640291e+00 1.110646442621946228e+00 9.980085531994700165e-01 9.002238445045895876e-01 8.182757004036830262e-01 7.511827103552058960e-01 6.970914902164077054e-01 6.539221755237918376e-01 6.197079611357184659e-01 5.927305753041582914e-01 5.715460286655615896e-01 5.549613816579221925e-01 5.419972830752703974e-01 5.318445671510744210e-01 5.238258491390115346e-01 5.173628580191211856e-01 5.119423777133375042e-01 5.070858913824697334e-01 5.023171538894530830e-01 4.971256681484556017e-01
6.617060583375860006e-01 5.889876005810219528e-01 5.212438139762162193e-01 4.599488768167884767e-01 4.056440172323891868e-01 3.582674595814387408e-01 3.174524245563947189e-01 2.826689212545170360e-01 2.533105187182081997e-01 2.287489459903111477e-01 2.083666132751386679e-01 1.915771905711153578e-01 1.778383092919830211e-01 1.666594391618855253e-01 1.576062523666769133e-01 1.503019774751737647e-01 1.444250020012259605e-01 1.397055871412158090e-01 1.359203981980681430e-01 1.328861212823539972e-01
1.983210815396160009e-01 1.818263888545334217e-01 1.697300918400287684e-01 1.607422076538205236e-01 1.541698434576392052e-01 1.493828242272138562e-01 1.458829841949045580e-01 1.432990775443613585e-01 1.413633274286985320e-01 1.398861175402998924e-01 1.387336737290024713e-01 1.378122829273343009e-01 1.370561601594090517e-01 1.364195217564702078e-01 1.358699405938386950e-01 1.353847845271229644e-01 1.349481786973774355e-01 1.345493396744132097e-01 1.341803405806422100e-01 1.338359870575368538e-01
1.604785167798399859e-01 1.567045577801763900e-01 1.545116807334125097e-01 1.527659481950104370e-01 1.513519317843020073e-01 1.501859352737665299e-01 1.492077853158116363e-01 1.483741571195423548e-01 1.476537744700908705e-01 1.470236121304333288e-01 1.464666364528238729e-01 1.459701081179082260e-01 1.455240196175873191e-01 1.451209057122468948e-01 1.447547329030930974e-01 1.444206468388438136e-01 1.441146783530712072e-01 1.438334541767835595e-01 1.435743812099099237e-01 1.433348858729004971e-01
4.159588501755206447e-01 3.751163059577811709e-01 3.402031422562140639e-01 3.108073332324920446e-01 2.863284586163354350e-01 2.660475300106918684e-01 2.492831746069714416e-01 2.354332246654667060e-01 2.239816547790542123e-01 2.144958812789991565e-01 2.066165911871939986e-01 2.000485908612608943e-01 1.945503516122698839e-01 1.899258102383464542e-01 1.860150372702628341e-01 1.826888475287705704e-01 1.798421745747327827e-01 1.773901933338493109e-01 1.752632073871791263e-01 1.734053554479032810e-01
2.200443005347915426e-01 1.999791428143385119e-01 1.847297746942785923e-01 1.728923597637185561e-01 1.637658017742796845e-01 1.567156049561163056e-01 1.512333249044240935e-01 1.469304251848370657e-01 1.435148149542510576e-01 1.407693294255295824e-01 1.385331970336846907e-01 1.366875104326754908e-01 1.351434207474812854e-01 1.338354247924871676e-01 1.327135139284655319e-01 1.317407312057912450e-01 1.308885805448517237e-01 1.301352361775934829e-01 1.294635934056714288e-01 1.288606206048280023e-01
7.032864909157160449e-01 6.512504146649351622e-01 6.113291190424342547e-01 5.814449345296816007e-01 5.593936849492047170e-01 5.432138294088235675e-01 5.313132146071916084e-01 5.223974241407900454e-01 5.153681906631741860e-01 5.092151485612907980e-01 5.029044443289035771e-01 4.952730783733915731e-01 4.849685241135779368e-01 4.705243627826121156e-01 4.507017377892770793e-01 4.250992624016362020e-01 3.946967245850828698e-01 3.617918692936655245e-01 3.291997940500732689e-01 2.992656391009222983e-01
7.466766138645181128e-01 6.852303802600363536e-01 6.257578420273420816e-01 5.690640489716133343e-01 5.158642929926645637e-01 4.666870812908746058e-01 4.219237428344058682e-01 3.817945842510653276e-01 3.463387333849095584e-01 3.154295126079096900e-01 2.888076557712884185e-01 2.661208997648645824e-01 2.469615422716014974e-01 2.309020665014395457e-01 2.175203017878811762e-01 2.064179202262312052e-01 1.972329863486811385e-01 1.896450996398925670e-01 1.833767355233430763e-01 1.781914799660444249e-01
6.830532646817073505e-01 6.100047994323903877e-01 5.446602494566468167e-01 4.873055669979657889e-01 4.377485846192575858e-01 3.953468324267305212e-01 3.593198177883459854e-01 3.288619606293286535e-01 3.032017653936054380e-01 2.816321012417029035e-01 2.635220213770299025e-01 2.483190495602320969e-01 2.355481281233414714e-01 2.248055282451605352e-01 2.157501957070780962e-01 2.080961657761145056e-01 2.016047503698791821e-01 1.960784792970298451e-01 1.913524636339570817e-01 1.872895809612236950e-01
8.850703380002232779e-01 8.248083357208816357e-01 7.650582081827951297e-01 7.062023586950817444e-01 6.490365137328626410e-01 5.943739315788844069e-01 5.429206168386008224e-01 4.952117623884257358e-01 4.515902698921127056e-01 4.122154366807080916e-01 3.770854120224248485e-01 3.460640976070044617e-01 3.189158565446268967e-01 2.953354697299073184e-01 2.749795304020335451e-01 2.574912783072977884e-01 2.425200239566038252e-01 2.297339314300916036e-01 2.188276046406826825e-01 2.095271177028712462e-01
2.097290439932839867e-01 1.920724724472529510e-01 1.788546555703942331e-01 1.687452905104146472e-01 1.610098503145854787e-01 1.550465007266029760e-01 1.504045487195253272e-01 1.467538614058866986e-01 1.438531801570206992e-01 1.415249013248831012e-01 1.396377159422263481e-01 1.380935899214819074e-01 1.368189069721847673e-01 1.357576847262680630e-01 1.348673122003674618e-01 1.341148408316075735e-01 1.334747159946709782e-01 1.329268568102270343e-01 1.324554202519357127e-01 1.320476393308490648e-01
1.942964170899358634e-01 1.732085756164451484e-01 1.578815867321100019e-01 1.468575469823554247e-01 1.390875930991023746e-01 1.336538619920611404e-01 1.298574826586991471e-01 1.271962406719103489e-01 1.253198976255953390e-01 1.239867456653155342e-01 1.230309405201114731e-01 1.223386235674843170e-01 1.218313073087483600e-01 1.214546416467055662e-01 1.211709422245621642e-01 1.209534246334806051e-01 1.207838371582329318e-01 1.206486352533102102e-01 1.205384964123368263e-01 1.204466595919802818e-01
2.989412204226391534e-01 2.687018348565740067e-01 2.422150589085310946e-01 2.194872074551494634e-01 2.006095188920153372e-01 1.852695674676215210e-01 1.729823393566766732e-01 1.632218306302092858e-01 1.554932802706025519e-01 1.493677997728809770e-01 1.444916854659095418e-01 1.405823730234987967e-01 1.374189498368650619e-01 1.348311571613885484e-01 1.326882848888635558e-01 1.308912547584623054e-01 1.293645603093318552e-01 1.280504064587876245e-01 1.269052252266555936e-01 1.258958417270332475e-01
1.854449230497702938e+00 1.770566510008648065e+00 1.660624011633917707e+00 1.529113538655219706e+00 1.388467560378677135e+00 1.251521013279561778e+00 1.126887481140656844e+00 1.018389781397263549e+00 9.264692681358428494e-01 8.497932186425896095e-01 7.863971937287579372e-01 7.342712325163301967e-01 6.915945981579716406e-01 6.567858119027004671e-01 6.284949413896537829e-01 6.055777674444839942e-01 5.870689148758906351e-01 5.721609235679352423e-01 5.601793909187836595e-01 5.505656437260573188e-01
3.237553142578690202e-01 2.897486416150059085e-01 2.606116001759073431e-01 2.360915870058670485e-01 2.158623895017444672e-01 1.993750198995258016e-01 1.860429363537696168e-01 1.753132103938696562e-01 1.666982626369281073e-01 1.597849108351510894e-01 1.542321943404385831e-01 1.497626067488454227e-01 1.461539836158044503e-01 1.432288501621223897e-01 1.408473995747044627e-01 1.388988834666088357e-01 1.372955003380775529e-01 1.359686550777405578e-01 1.348638452496379592e-01 1.339378770161420151e-01
4.851556617607093447e-01 4.570403746345255147e-01 4.286045114188163918e-01 3.970086961367633172e-01 3.637830802216194814e-01 3.312489723286125565e-01 3.012435610685497700e-01 2.747887538839131616e-01 2.521819556504488191e-01 2.332413471024483431e-01 2.175419701123610106e-01 2.045842303661629669e-01 1.938860029168426868e-01 1.850231966562569108e-01 1.776418591151013859e-01 1.714550926722586133e-01 1.662331902794539906e-01 1.617938795778900429e-01 1.579927773121744261e-01 1.547156630922108811e-01
2.255022277663101815e-01 2.056682807061588347e-01 1.897308903513476308e-01 1.768457075022160929e-01 1.665832396876066879e-01 1.584552737046033277e-01 1.520190426986664511e-01 1.469051697943359602e-01 1.428191519156098432e-01 1.395320046320557561e-01 1.368677214626222716e-01 1.346922520361840681e-01 1.329026971571147520e-01 1.314206893090158756e-01 1.301852184347808417e-01 1.291492104902863536e-01 1.282756116520613332e-01 1.275350243691354968e-01 1.269041671324521170e-01 1.263642382249235974e-01
