2.433976223957142748e-01 2.102188057755119965e-01 1.900905439633788774e-01 1.774165924162662000e-01 1.691605257571791310e-01 1.635726717830402743e-01 1.596386879053170449e-01 1.567551907716551729e-01 1.545544678182341203e-01 1.528064939007162948e-01 1.513644055044278403e-01 1.501318935910239682e-01 1.490453196410089776e-01 1.480614152038469966e-01 1.471511056460440281e-01 1.462944564037025053e-01 1.454780949559062730e-01 1.446925402246415637e-01 1.439318205974996212e-01 1.431915880320593637e-01
3.174104867551852949e-01 2.790901346533792293e-01 2.481104453234002083e-01 2.238419724919367693e-01 2.052110299491323453e-01 1.907845445140264884e-01 1.793546104885171966e-01 1.700500091491267129e-01 1.622795979422517187e-01 1.556600733683444482e-01 1.499553533061407373e-01 1.450261000916361898e-01 1.407849474484100805e-01 1.371616606158204410e-01 1.340846615005284459e-01 1.314780720672570069e-01 1.292649035528302126e-01 1.273733305581845332e-01 1.257402595062740158e-01 1.243130284268409019e-01
1.839251336790621361e+00 1.659178563393652439e+00 1.404947654400020784e+00 1.128740040673874345e+00 8.996037117100786906e-01 7.418553178396541936e-01 6.429052328527905535e-01 5.825950307311722476e-01 5.450977916774718546e-01 5.197371084817860032e-01 4.994247914914012876e-01 4.792934449243796413e-01 4.558928745374487557e-01 4.269366379326492988e-01 3.914919014402403197e-01 3.503432657763914659e-01 3.061052027642767737e-01 2.626621915881469094e-01 2.238667178963260063e-01 1.921515348224961950e-01
8.229867819192259182e-01 7.109230417408980429e-01 6.158798459911486445e-01 5.304593356214172273e-01 4.524797729879094232e-01 3.846372182257619121e-01 3.284366442017017107e-01 2.834899893280817262e-01 2.483816470857709569e-01 2.213516909035388447e-01 2.006787364813499286e-01 1.848653714754618649e-01 1.727030360931530728e-01 1.632620365102775417e-01 1.558486009971238595e-01 1.499549006391316663e-01 1.452100264141336083e-01 1.413438157085329383e-01 1.381574592273682456e-01 1.355034574703313510e-01
1.059632134900893918e+00 9.231575096202141451e-01 7.995493953876519067e-01 6.969015993754911209e-01 6.118346167425261495e-01 5.377172981072975144e-01 4.716548622251138800e-01 4.143481454445281931e-01 3.664275667059700980e-01 3.273280326870735557e-01 2.958137112227268717e-01 2.705438813008367860e-01 2.503175927791744249e-01 2.341256628232076809e-01 2.211410433659329877e-01 2.106924292119219944e-01 2.022399921715259674e-01 1.953515520971268460e-01 1.896829982940107517e-01 1.849620779044926222e-01
4.500793574255658180e-01 4.084960307396249823e-01 3.598425511654931852e-01 3.076988366199657210e-01 2.595830849045887567e-01 2.201872335304506101e-01 1.903453090367838718e-01 1.687042646808549762e-01 1.533489897195249863e-01 1.425743704964406722e-01 1.350533434120006759e-01 1.298003301024436840e-01 1.261059356830082911e-01 1.234736158000305228e-01 1.215631524473428787e-01 1.201445808680728089e-01 1.190627211472019553e-01 1.182131163077428937e-01 1.175248852954246109e-01 1.169494100962765459e-01
2.413143120523955076e-01 2.009563913491001497e-01 1.735121386224636741e-01 1.543981682066805639e-01 1.407807094615418364e-01 1.309168366179801479e-01 1.237184943357715339e-01 1.184513032069662575e-01 1.145877318394377675e-01 1.117407863072094193e-01 1.096267356298631090e-01 1.080394219978188658e-01 1.068301935905765221e-01 1.058931418502834232e-01 1.051522110758560252e-01 1.045536023021031713e-01 1.040588953673795974e-01 1.036404576221866547e-01 1.032785071472778760e-01 1.029592572340959633e-01
1.915032469018115024e-01 1.664692207169718996e-01 1.513173901743721239e-01 1.415313184331171148e-01 1.349179125158116166e-01 1.301733587402850445e-01 1.265644156560301881e-01 1.236859703110530923e-01 1.213143273862078847e-01 1.193237021798267961e-01 1.176397446822375070e-01 1.162140447273850435e-01 1.150104142259806422e-01 1.139980396116152400e-01 1.131482110032811794e-01 1.124342752434313308e-01 1.118313002726063071e-01 1.113172067515552088e-01 1.108727302961051431e-01 1.104820946836844037e-01
4.280465685290255617e-01 3.452903808686096365e-01 2.863244366494472892e-01 2.454424182651564479e-01 2.174402779294177801e-01 1.981991803692653709e-01 1.848227428505197223e-01 1.753643094142899039e-01 1.685394310159608611e-01 1.635021191649138894e-01 1.596922172280028362e-01 1.567353054974228166e-01 1.543777300324291057e-01 1.524455536808818623e-01 1.508177023474127076e-01 1.494093750603497084e-01 1.481597950868308589e-01 1.470255945250391882e-01 1.459755605645477738e-01 1.449866956099867821e-01
1.304961856454610880e-01 1.260482118278741792e-01 1.240821829624473988e-01 1.228107613697648065e-01 1.219088465254753867e-01 1.212142846547067110e-01 1.206416856031864854e-01 1.201441173907369375e-01 1.196946587972343018e-01 1.192772650346159979e-01 1.188822236005216831e-01 1.185031368304044069e-01 1.181359076127409952e-01 1.177777767274528764e-01 1.174267422687262363e-01 1.170814890414476339e-01 1.167411107569932965e-01 1.164049360156059199e-01 1.160724603384733211e-01 1.157434994354844121e-01
1.256340623786672828e-01 1.239519602432846979e-01 1.233906754711642795e-01 1.228837877931073241e-01 1.224086471972987006e-01 1.219557533739134697e-01 1.215192214259877834e-01 1.210953999496996447e-01 1.206818847800605055e-01 1.202768953563645438e-01 1.198794605396688029e-01 1.194886976038105758e-01 1.191041051386855509e-01 1.187253106664866165e-01 1.183521597390063129e-01 1.179844849091023218e-01 1.176220798166468795e-01 1.172650773427449111e-01 1.169132412807084576e-01 1.165666550979949506e-01
1.295321868504397678e+00 1.074365916771348628e+00 8.508524586079647678e-01 6.607581603695297234e-01 5.179546724386091539e-01 4.174470102794839432e-01 3.480750507797620297e-01 2.997188635671955148e-01 2.651381573563412752e-01 2.396253851152141678e-01 2.202248974653775726e-01 2.050847940071253150e-01 1.930221525061642796e-01 1.832568504754453764e-01 1.752528611739399000e-01 1.686250830197241202e-01 1.630857822811231095e-01 1.584140599705278762e-01 1.544361382082570233e-01 1.510130874090828135e-01
1.881904676544945698e-01 1.666933116014115424e-01 1.515763479401357472e-01 1.409505129256285738e-01 1.336679885722696914e-01 1.286944519542157772e-01 1.252541477652266699e-01 1.228224397171288756e-01 1.210590581828728252e-01 1.197453985270112709e-01 1.187394763575866791e-01 1.179480444639921244e-01 1.173090923251584178e-01 1.167806096002459576e-01 1.163336787559092061e-01 1.159480438847094730e-01 1.156092424830421767e-01 1.153068956919014454e-01 1.150330871623009427e-01 1.147820899588987281e-01
5.356130655805464436e-01 4.384109983328380866e-01 3.529038316301171263e-01 2.829133847102639487e-01 2.305322373725357532e-01 1.938231009084847856e-01 1.687905018143646962e-01 1.517037569439708133e-01 1.398752907801099343e-01 1.315350122007657718e-01 1.255376158052753377e-01 1.211375407333616788e-01 1.178440612998383624e-01 1.153293741872766925e-01 1.133718135402705246e-01 1.118189373035147621e-01 1.105645719462336335e-01 1.095334561339404850e-01 1.086725169391138529e-01 1.079421345284208716e-01
1.735198189814109337e+00 1.502516563967801533e+00 1.253067592745646941e+00 1.042563730218680540e+00 8.879486354500113476e-01 7.785565063904141825e-01 6.994630420689645911e-01 6.404408470757175786e-01 5.955782765229895581e-01 5.609762562958267029e-01 5.333132617071010273e-01 5.093065905815046257e-01 4.855747807380567105e-01 4.587786845555967274e-01 4.262793420926391241e-01 3.873840738752187263e-01 3.443343298669788166e-01 3.016067602304974837e-01 2.635897223016945845e-01 2.326638298388570558e-01
5.511333619198921507e-01 4.483607006649344973e-01 3.474655436197394698e-01 2.652012469384499305e-01 2.079752595493508105e-01 1.716570462421805054e-01 1.493525243286194515e-01 1.355904803835437655e-01 1.268970823514973811e-01 1.212324110802728699e-01 1.174192240147385741e-01 1.147709029528777985e-01 1.128781703114509621e-01 1.114902822743169958e-01 1.104492902732454179e-01 1.096526884811464680e-01 1.090323017141781731e-01 1.085417783854063650e-01 1.081481177278328654e-01 1.078279236319940604e-01
1.402121701359283212e-01 1.302490725845564246e-01 1.247632536722812768e-01 1.211259944399353111e-01 1.186135358153842384e-01 1.168073955795261992e-01 1.154592238261830106e-01 1.144175845035351746e-01 1.135874446784146119e-01 1.129071212769486021e-01 1.123361967317760002e-01 1.118470615637488647e-01 1.114206830225884931e-01 1.110430827480740901e-01 1.107048994000069814e-01 1.103983927797526077e-01 1.101181493676267609e-01 1.098599147167988177e-01 1.096203966299071908e-01 1.093971173488535037e-01
8.238248362018203430e-01 6.726676953255679159e-01 5.502527887072210522e-01 4.530340153069118969e-01 3.764563188090687684e-01 3.157861811539987573e-01 2.670622087007541445e-01 2.277265552423523298e-01 1.963360777309571814e-01 1.719173352282814538e-01 1.534951061668272110e-01 1.399706325506122062e-01 1.302272499521495708e-01 1.232722770678810753e-01 1.183097872964572195e-01 1.147459712013369493e-01 1.121557570609729715e-01 1.102428793336730495e-01 1.088027161522768377e-01 1.076946448243688848e-01
7.003570484550436515e-01 5.810614041586336098e-01 4.828565144806634679e-01 4.012703985684129560e-01 3.348005961667706587e-01 2.825658243397811131e-01 2.427164744120273165e-01 2.128968233198975102e-01 1.908099922805558957e-01 1.745024430437479290e-01 1.624383214139379639e-01 1.534612223878502879e-01 1.467226311587728482e-01 1.416085965815000181e-01 1.376762908417731579e-01 1.346065159351564899e-01 1.321693210932426144e-01 1.301976664620451696e-01 1.285702460026368621e-01 1.271981717087328490e-01
3.058335768099277874e-01 2.309756468142759867e-01 1.794317411318115674e-01 1.482074981390178459e-01 1.303797486327766819e-01 1.203276970545994057e-01 1.145806418411666472e-01 1.111953979963436756e-01 1.091222613671561648e-01 1.077950912120286403e-01 1.069041158084291926e-01 1.062761869607493220e-01 1.058112523809540961e-01 1.054510596056934396e-01 1.051596404204610674e-01 1.049146918905898979e-01 1.047022196836769614e-01 1.045129345799796217e-01 1.043402357597369712e-01 1.041798106697388038e-01
2.005825169302988820e-01 1.862816188717260901e-01 1.761138648854102817e-01 1.684484321426134579e-01 1.626280612318078134e-01 1.581459134008036949e-01 1.546326561231398944e-01 1.518231797131011362e-01 1.495281910267658443e-01 1.476122879440663338e-01 1.459768077009357401e-01 1.445494114980101497e-01 1.432770682295085862e-01 1.421196124819107398e-01 1.410464833426522124e-01 1.400342563266167295e-01 1.390646278107305900e-01 1.381231184309581195e-01 1.371983256295788989e-01 1.362808378768386453e-01
5.328316230182826851e-01 4.635023375393484413e-01 4.072652020353006996e-01 3.618733776362810795e-01 3.242179846243016250e-01 2.919075885155689165e-01 2.637782594416057669e-01 2.393731297110207323e-01 2.184655222657602147e-01 2.008271179453004207e-01 1.861552137276157870e-01 1.740764336171559956e-01 1.641850106860510972e-01 1.560839386004954643e-01 1.494154263543896466e-01 1.438750338531099293e-01 1.392158844158984665e-01 1.352430291194468837e-01 1.318068401352502361e-01 1.287934666313231002e-01
2.906857763338484557e-01 2.440761598432436563e-01 2.086618330195778859e-01 1.835014138527913119e-01 1.663634417438879520e-01 1.547831042262259871e-01 1.468502982589416084e-01 1.412695561174769077e-01 1.372098647628445245e-01 1.341472534439526465e-01 1.317505450022872504e-01 1.298079194442834650e-01 1.281813856423832387e-01 1.267797865869942919e-01 1.255416587006766282e-01 1.244250918889883845e-01 1.234005526732653429e-01 1.224479733908083318e-01 1.215528978547081307e-01 1.207051056926138760e-01
3.626796640978136588e-01 3.061139359590015485e-01 2.644126504729502058e-01 2.337728584744036275e-01 2.111060914513654962e-01 1.940443007717840285e-01 1.809372491692192719e-01 1.706625283323228437e-01 1.624559117993339963e-01 1.557917872117832170e-01 1.503025337844155762e-01 1.457262210687622350e-01 1.418723095394670841e-01 1.385990306432358932e-01 1.357990128058008950e-01 1.333890008367598079e-01 1.313032847992144647e-01 1.294888965995051044e-01 1.279030754370614753e-01 1.265101463603787169e-01
1.068720416783908167e+00 8.709458904808718982e-01 7.177618373083896053e-01 6.109704108774167697e-01 5.400726778176613285e-01 4.928810494714636614e-01 4.599940985149578165e-01 4.348522540362216859e-01 4.128123775395852180e-01 3.903850652962683188e-01 3.649029082710240068e-01 3.347203648634581308e-01 2.998870280701291247e-01 2.626433927981321470e-01 2.267276663980466456e-01 1.955452452008103192e-01 1.707386626332299817e-01 1.521707220678217842e-01 1.387537126761162753e-01 1.292065486300270905e-01
9.557688724368926803e-01 8.074344431023200430e-01 6.545349839018080873e-01 5.091319400703651077e-01 3.884789902456759481e-01 2.997267353293397996e-01 2.391607697952349565e-01 1.991449986799852800e-01 1.728514671580342055e-01 1.554170462681213338e-01 1.436633427499327820e-01 1.355804248043568916e-01 1.299055434891488447e-01 1.258391384111018918e-01 1.228669648809591342e-01 1.206525723583763421e-01 1.189716738928109363e-01 1.176719292963389341e-01 1.166484758548904238e-01 1.158277845359407393e-01
8.648209810873959125e-01 7.725308159407723307e-01 6.812556054820444462e-01 5.926563112239091602e-01 5.081099356234335396e-01 4.298212882343159236e-01 3.605717313622880948e-01 3.034138354565948381e-01 2.592851622821762958e-01 2.267165222531184465e-01 2.031957964925095450e-01 1.862760124308988352e-01 1.740118632465600945e-01 1.649944315850734589e-01 1.582445046957582369e-01 1.530920271109789677e-01 1.490786338131874778e-01 1.458888133522123209e-01 1.433028339780867133e-01 1.411659582518041134e-01
1.351321104604628509e+00 1.186201310770702566e+00 1.020275412398223169e+00 8.691262245777927609e-01 7.404659311747673334e-01 6.350165761424250155e-01 5.500270718865226671e-01 4.817997276590904043e-01 4.268703452317276770e-01 3.823817925783805638e-01 3.461045544221997283e-01 3.163362051732838132e-01 2.917789669823832588e-01 2.714347673952579587e-01 2.545230530528351798e-01 2.404236278217285749e-01 2.286356102023273662e-01 2.187490141764283080e-01 2.104252251377329297e-01 2.033824564749374952e-01
5.840442295838010889e-01 5.226036315414966937e-01 4.712605496391188420e-01 4.185722470580367505e-01 3.597057334671262541e-01 2.978354601026512727e-01 2.415263916691765267e-01 1.977335301134735268e-01 1.676470905775204190e-01 1.484935956029221349e-01 1.367089017666876238e-01 1.295001785038039088e-01 1.250466356799006529e-01 1.222451410302892311e-01 1.204426214890554486e-01 1.192524489108473112e-01 1.184431498404592276e-01 1.178743329271674106e-01 1.174593195319175720e-01 1.171442714519798783e-01
1.055714685510320106e+00 9.073591674066847634e-01 7.613210070334025525e-01 6.266366138023476973e-01 5.089829614904556321e-01 4.127494539164763276e-01 3.385238847564323583e-01 2.832547465639059237e-01 2.426198823432787199e-01 2.126449778639380450e-01 1.902584334913990372e-01 1.732699979795143119e-01 1.601695625716820226e-01 1.499213111132849108e-01 1.418055155698675629e-01 1.353122751158662151e-01 1.300730128935538299e-01 1.258142138912808072e-01 1.223293536878190951e-01 1.194598266563843963e-01
8.181716960371704372e-01 6.971697322477120595e-01 6.156966809043660227e-01 5.645387987163849042e-01 5.324868509823863505e-01 5.107442034672931008e-01 4.926613023862324581e-01 4.723803926724212676e-01 4.438699549842840542e-01 4.010456135188087412e-01 3.405918207086597316e-01 2.693452754217469103e-01 2.054392661106976548e-01 1.614109050575643911e-01 1.356159026697025538e-01 1.212901344056854513e-01 1.132398824029951373e-01 1.085331762504210956e-01 1.056408833896421151e-01 1.037664875094924388e-01
7.150777013869810128e-01 6.000459170964086431e-01 4.955070000119809470e-01 4.056052801672558328e-01 3.336815490524168148e-01 2.784587496635503867e-01 2.374521570070646792e-01 2.077529681473970491e-01 1.863960562273860033e-01 1.709194585727527860e-01 1.595237549860030468e-01 1.509658335428684939e-01 1.444003707170486428e-01 1.392532378342002664e-01 1.351300834259018258e-01 1.317566015245393019e-01 1.289401061413809613e-01 1.265434383321553391e-01 1.244675209280103473e-01 1.226404328458011173e-01
7.967244572151684912e-01 6.348323624691692979e-01 5.050603730158763627e-01 4.049532248036121218e-01 3.266330203764573614e-01 2.663439303388804302e-01 2.221106441970005230e-01 1.908002473703345470e-01 1.689382456892053463e-01 1.536845522138259035e-01 1.429853033577092036e-01 1.354116477188654355e-01 1.299852721986826387e-01 1.260420594125753191e-01 1.231310522538842656e-01 1.209446405846392736e-01 1.192726382950786562e-01 1.179692943714326231e-01 1.169329711957834694e-01 1.160921014420455283e-01
1.563999763000756493e+00 1.359883827557787361e+00 1.147550600203635529e+00 9.476010190311353609e-01 7.822071618505287427e-01 6.592297272705763822e-01 5.711938935503713122e-01 5.065228641078283189e-01 4.554981159410999569e-01 4.115088456705859876e-01 3.707868980411149207e-01 3.318668030740757890e-01 2.949215982097598276e-01 2.609556313078246759e-01 2.310192809381987900e-01 2.057001209269697095e-01 1.849990117159904801e-01 1.684735119339893505e-01 1.554657922084152211e-01 1.452835679310510442e-01
1.261719692591577735e-01 1.240035209245979736e-01 1.228583698160946314e-01 1.218846606556326095e-01 1.210237077530473410e-01 1.202423949539661446e-01 1.195203522127121637e-01 1.188444154523313062e-01 1.182059417571872523e-01 1.175995436497032642e-01 1.170216140709817443e-01 1.164699786715209517e-01 1.159432175848633118e-01 1.154404885601252317e-01 1.149614757951348959e-01 1.145058073662221371e-01 1.140732515417039461e-01 1.136636522505432428e-01 1.132767693232744899e-01 1.129120936710387435e-01
3.924455956697056602e-01 3.050728945684750282e-01 2.311819427711975516e-01 1.813418851204914861e-01 1.521067340532317735e-01 1.357486738020088624e-01 1.264758158777840313e-01 1.209801098250318369e-01 1.175261083641089555e-01 1.152126701502129424e-01 1.135637338901869936e-01 1.123204639484174511e-01 1.113379869866184951e-01 1.105321763688698472e-01 1.098523435019888028e-01 1.092665687762200827e-01 1.087538215646054601e-01 1.082990856596734441e-01 1.078920323704369300e-01 1.075238327542319960e-01
5.068841499089876690e-01 4.113318903376057545e-01 3.335189455031795092e-01 2.740400914689417045e-01 2.306379764842859115e-01 1.996226774835667961e-01 1.775497039114452558e-01 1.617421488552645281e-01 1.502799887607398077e-01 1.418347278604051021e-01 1.355011110333725899e-01 1.306633241334930196e-01 1.269013742706738279e-01 1.239252477674745029e-01 1.215328114689327721e-01 1.195811356417834787e-01 1.179673221195116639e-01 1.166164906276389995e-01 1.154730604775249941e-01 1.144951465306803529e-01
3.642173890360572708e-01 3.249044886041519975e-01 2.884583781690162052e-01 2.554247230781948041e-01 2.270477057524703801e-01 2.037945043557556346e-01 1.854100272765185631e-01 1.712083451932994715e-01 1.603649874875554826e-01 1.521013825095724192e-01 1.457653145317453769e-01 1.408485954650677829e-01 1.369731994892936233e-01 1.338647969427984308e-01 1.313260585290845495e-01 1.292154217197094002e-01 1.274304279009811636e-01 1.258962288242764793e-01 1.245574870810378376e-01 1.233728472120128594e-01
6.098987888224656206e-01 5.115582453051797929e-01 4.266286703184959950e-01 3.538686168109052010e-01 2.938708090030104358e-01 2.469699826084252037e-01 2.117664562474237677e-01 1.859642867872025873e-01 1.672626983176451199e-01 1.537397092755418138e-01 1.439242093672510325e-01 1.367425025312695719e-01 1.314302423386834451e-01 1.274502307525836042e-01 1.244261938054114641e-01 1.220939034293405667e-01 1.202672087121754857e-01 1.188144462485797720e-01 1.176405980577692328e-01 1.166775870486162631e-01
1.580448790686204974e-01 1.497488453006371734e-01 1.434595869621261843e-01 1.382520411862060428e-01 1.339826262742281060e-01 1.304908805759623647e-01 1.276267484761774429e-01 1.252621289854869147e-01 1.232931685866787974e-01 1.216368437139317416e-01 1.202278406033292363e-01 1.190152032906189594e-01 1.179591992171481196e-01 1.170294710295274876e-01 1.162022079713642547e-01 1.154590287059545500e-01 1.147856918070465360e-01 1.141708298167213864e-01 1.136056238878518365e-01 1.130829452583566319e-01
1.109498272483178782e+00 9.456776174359401432e-01 7.920574354993675792e-01 6.636265903632738716e-01 5.613041068479378559e-01 4.805355637238244437e-01 4.168539416537714870e-01 3.663447289745818125e-01 3.258257954519649391e-01 2.929808114113984785e-01 2.661966999393189370e-01 2.443064242112450435e-01 2.264003951498307354e-01 2.117322540981695089e-01 1.996819323603995222e-01 1.897382247191853888e-01 1.814874404971487942e-01 1.745967254298739224e-01 1.688024259614758216e-01 1.638957620901055623e-01
2.644239918841867487e-01 2.249073975061764985e-01 1.940522333305125247e-01 1.701803554962680320e-01 1.520470453083908047e-01 1.384354250067326708e-01 1.283033358408283697e-01 1.208179962319627515e-01 1.153222328478295811e-01 1.112974338994536100e-01 1.083418518088956201e-01 1.061533664524904469e-01 1.045114382595056651e-01 1.032583928525855343e-01 1.022830512611835746e-01 1.015077617199858645e-01 1.008783208995009811e-01 1.003568053353228601e-01 9.991670392744708695e-02 9.953902369219576329e-02
6.156218391888796937e-01 5.488733264683264279e-01 5.156998138890469541e-01 4.959800877077941705e-01 4.765229028612429918e-01 4.470306506221952136e-01 3.938348132444662308e-01 3.083864567067939877e-01 2.203157328065571963e-01 1.653722041868968540e-01 1.388809122932434525e-01 1.262358738615876053e-01 1.196324680031102677e-01 1.158091583169880284e-01 1.133868880715453997e-01 1.117368032100785058e-01 1.105470907192791646e-01 1.096494469921708570e-01 1.089464442313601428e-01 1.083783489516576964e-01
7.131441247000246397e-01 5.730667947928668182e-01 4.692369430763749794e-01 3.936493634706130229e-01 3.391540485020959617e-01 2.992246589966816583e-01 2.687524715441395595e-01 2.443231933497008734e-01 2.238402538647642492e-01 2.060911093762843038e-01 1.904196133709047112e-01 1.765064301952952441e-01 1.642161679215496384e-01 1.534884464635979384e-01 1.442684956971788668e-01 1.364711246278602630e-01 1.299743949976982504e-01 1.246286342095117988e-01 1.202710647904314117e-01 1.167424419114831829e-01
3.891017723225559388e-01 3.461689255748933713e-01 3.041984941983537083e-01 2.597191157980705545e-01 2.179281598621082561e-01 1.850936723400766204e-01 1.621919137678924094e-01 1.469545454122999084e-01 1.367835401995119993e-01 1.297857432535238220e-01 1.247721266996813932e-01 1.210300086607458137e-01 1.181320788123412097e-01 1.158171739755198409e-01 1.139200992678524871e-01 1.123330971575342146e-01 1.109832847409416012e-01 1.098192260146606675e-01 1.088040390622336401e-01 1.079101904411800261e-01
4.594122101190651897e-01 4.086935959239439420e-01 3.544724690961447711e-01 2.979840419488027914e-01 2.474642783636227250e-01 2.086691733181942343e-01 1.817183737689629097e-01 1.637922966363839772e-01 1.518929828633554246e-01 1.438259754353202746e-01 1.381820520618930459e-01 1.340927348798141017e-01 1.310239683114923503e-01 1.286448574275709800e-01 1.267459866055287432e-01 1.251917932997457794e-01 1.238932545785792205e-01 1.227898259158246158e-01 1.218392927828244876e-01 1.210112359048798741e-01
6.415048589907382803e-01 5.173617082680630475e-01 4.137275158347438198e-01 3.309914636014400502e-01 2.671873355511343306e-01 2.195946035147062492e-01 1.853738743942812961e-01 1.615371159499045528e-01 1.452565235696965940e-01 1.342175460932776287e-01 1.267170166148571253e-01 1.215801188565092117e-01 1.180223686125827925e-01 1.155263267824193502e-01 1.137506690481677601e-01 1.124692507518921109e-01 1.115304557891795417e-01 1.108317062893183907e-01 1.103029410447925324e-01 1.098952699464280092e-01
6.264320415596261737e-01 5.183063994441078348e-01 4.181529843635508059e-01 3.389993134047836199e-01 2.827675065636867657e-01 2.444449015904683609e-01 2.182287917064968386e-01 1.998123872757423536e-01 1.864407435664907076e-01 1.764201294397935160e-01 1.686989730456844028e-01 1.626018102443776980e-01 1.576786827901378307e-01 1.536200160230510037e-01 1.502074942504987021e-01 1.472841852041892607e-01 1.447350888280198034e-01 1.424762923736125342e-01 1.404456763062626179e-01 1.385969285713508636e-01
4.761237117451491696e-01 3.818660915100917652e-01 3.134390279882609542e-01 2.639928530580072930e-01 2.278093813760460884e-01 2.009231934256240359e-01 1.806454147624026452e-01 1.651293593095942980e-01 1.531053770371431644e-01 1.436936534880078331e-01 1.362720700528007034e-01 1.303883644565939914e-01 1.257039887178689197e-01 1.219598248146940012e-01 1.189547383366152677e-01 1.165310374251566777e-01 1.145652433554641969e-01 1.129603754170239033e-01 1.116403276333585437e-01 1.105458034831099251e-01
1.016308151936755166e+00 8.826699953757634054e-01 7.555670629488304701e-01 6.379198318248973099e-01 5.341733436447247962e-01 4.471306979691144212e-01 3.767606253321355569e-01 3.208443804865237503e-01 2.765442140380037217e-01 2.415208471222081155e-01 2.141357181523926567e-01 1.931413489370606973e-01 1.773914961074478935e-01 1.657704045390710201e-01 1.572587554389610898e-01 1.510049186553805989e-01 1.463490592921152800e-01 1.428065215330570903e-01 1.400333272200077750e-01 1.377897995617240745e-01
