1.411612884898204301e-01 1.246629899682011461e-01 1.164316225762013352e-01 1.115432477602735228e-01 1.083652923593763223e-01 1.061348142521455901e-01 1.044691732909996118e-01 1.031623405392747411e-01 1.020957593491766541e-01 1.011976702988613419e-01 1.004221181652974332e-01 9.973894879338331132e-02 9.912711679586209967e-02 9.857199002290144285e-02 9.806306295329704492e-02 9.759228463401087295e-02 9.715375395026057403e-02 9.674267326947301460e-02 9.635530126048251487e-02 9.598887953558005171e-02
2.534734378123721377e-01 1.970541673130605798e-01 1.602609902111908069e-01 1.372963644202900568e-01 1.234275996945507353e-01 1.150950036501581092e-01 1.100152972356590875e-01 1.068337590972077977e-01 1.047693701321259080e-01 1.033733486250275752e-01 1.023840434325393317e-01 1.016473309090361044e-01 1.010699997120536875e-01 1.005952892883215100e-01 1.001880015805363677e-01 9.982597796479239505e-02 9.949521274887956901e-02 9.918672476895153134e-02 9.889462885563261862e-02 9.861532311653718741e-02
2.884352291210234287e-01 2.242464283005392578e-01 1.805598327014013293e-01 1.541723815089790228e-01 1.380861720297252848e-01 1.274814761156449205e-01 1.200467282306635769e-01 1.146540049463510569e-01 1.106590670236619195e-01 1.076445439871167725e-01 1.053244821279076815e-01 1.034994730039034000e-01 1.020303988660452854e-01 1.008205899235326830e-01 9.980231363675556855e-02 9.892813765269238557e-02 9.816480014356784856e-02 9.748833966732491085e-02 9.688148583576548789e-02 9.633127541281283346e-02
3.164946182750281722e-01 2.609206448323675431e-01 2.174075189605355340e-01 1.833204995060805365e-01 1.589502295030979506e-01 1.427474439796060368e-01 1.322226505406433605e-01 1.252742178027983766e-01 1.205137456225929826e-01 1.171051862102467506e-01 1.145559305942151634e-01 1.125723648327402737e-01 1.109746960282791406e-01 1.096489022666355534e-01 1.085202977072913244e-01 1.075385010684840326e-01 1.066684400412486883e-01 1.058852279139682606e-01 1.051709261984797167e-01 1.045122874819207903e-01
5.117063302335677077e-01 4.635668326415054441e-01 4.009213332173720556e-01 3.219796582246590155e-01 2.448715152890082458e-01 1.879427657398627938e-01 1.525155207830539428e-01 1.316800038356450431e-01 1.194105866871541383e-01 1.119849654351128265e-01 1.073174160922644726e-01 1.042602694925153645e-01 1.021729838650208000e-01 1.006885348563082566e-01 9.958999565977137702e-02 9.874533600464928396e-02 9.807203135918825254e-02 9.751708222611341070e-02 9.704600252851378062e-02 9.663550662982743622e-02
5.870081496692728384e-01 4.852076429082808340e-01 4.252957689919276141e-01 3.846733299177140242e-01 3.516649399430025191e-01 3.221187770692631736e-01 2.947129426419269338e-01 2.691316210885997817e-01 2.453914166730828683e-01 2.236349931918084621e-01 2.041387633793055878e-01 1.872311104834079865e-01 1.730851921183057252e-01 1.615922753768972986e-01 1.524146832572296217e-01 1.451201106421649567e-01 1.392905213427729771e-01 1.345747648784890727e-01 1.306987283425405655e-01 1.274577814992517155e-01
4.520842310543594089e-01 4.112724802185585005e-01 3.600791460133768718e-01 2.918793816912875760e-01 2.180816200323170140e-01 1.613063231212800153e-01 1.296459794525435527e-01 1.139368516335525772e-01 1.057965033722211984e-01 1.012208928333893643e-01 9.844978297718626203e-02 9.666174758427586999e-02 9.544332130795737945e-02 9.457174037153891211e-02 9.392029720485879640e-02 9.341350776947365819e-02 9.300450031107175553e-02 9.266338377297871076e-02 9.237045912122994473e-02 9.211237952971713938e-02
3.963663247602698947e-01 3.028274341285214222e-01 2.255006369925104115e-01 1.726271056092809897e-01 1.410461756167933345e-01 1.234555582422763170e-01 1.137902364181354598e-01 1.083364127506502017e-01 1.050971737597137662e-01 1.030410296237096179e-01 1.016344132437370651e-01 1.005963586014695516e-01 9.977602514903992359e-02 9.909050858346744872e-02 9.849309777608140914e-02 9.795706902863457466e-02 9.746641894802450523e-02 9.701139219570904804e-02 9.658548386767507044e-02 9.618409807560965308e-02
3.199806583702138330e-01 2.599672240275856527e-01 2.177634166210191402e-01 1.849555129001964893e-01 1.607470621677930533e-01 1.442894337305915542e-01 1.336437789010233301e-01 1.267563623379101001e-01 1.221438254430540771e-01 1.189019881404237838e-01 1.165072647441411369e-01 1.146561018866486814e-01 1.131673294852953426e-01 1.119297904270933897e-01 1.108727246779017128e-01 1.099496367719257212e-01 1.091289644240168860e-01 1.083888788375770712e-01 1.077139062865171554e-01 1.070923771522939161e-01
3.890001775947166673e-01 3.311158579516632061e-01 2.836214124779553591e-01 2.407734022330259849e-01 1.998598209016199667e-01 1.655520497873658181e-01 1.419779253829619725e-01 1.275549951539142191e-01 1.188403234127326930e-01 1.133616977385463603e-01 1.097252490370374256e-01 1.071756067778187604e-01 1.052938838918635184e-01 1.038392986713006366e-01 1.026679733657147181e-01 1.016908586200224868e-01 1.008517708389263107e-01 1.001137975998790397e-01 9.945245914223051209e-02 9.885069155468954871e-02
5.159291096013294275e-01 4.280309602413621128e-01 3.465941095320158594e-01 2.704190764398663460e-01 2.111054438544670009e-01 1.725388903985731193e-01 1.494252807437442265e-01 1.354912913672160490e-01 1.266730072535574569e-01 1.207521959161385883e-01 1.165488110610749528e-01 1.134164967818651337e-01 1.109841583785600994e-01 1.090290962846484080e-01 1.074113948806189045e-01 1.060400456271600039e-01 1.048540436848998114e-01 1.038110393600072678e-01 1.028809814131818740e-01 1.020420724770519927e-01
7.724902108503589604e-01 5.898897366846722612e-01 4.479638252153745337e-01 3.405025313606785398e-01 2.622936540963928809e-01 2.078926230839351907e-01 1.715947617019628613e-01 1.477903316943047773e-01 1.321302728098817103e-01 1.216627174691973373e-01 1.145078995029689406e-01 1.094946420589985731e-01 1.058930796325876084e-01 1.032411371882335505e-01 1.012419541762938080e-01 9.970000128407263684e-02 9.848402090719901580e-02 9.750454691384220773e-02 9.669910144046298117e-02 9.602359129581600206e-02
3.965988590859705898e-01 3.333917954340359091e-01 2.772899080454044318e-01 2.290023679385194688e-01 1.917210997946222073e-01 1.650952712283469681e-01 1.467456056870287406e-01 1.341665888892021041e-01 1.254398662585299584e-01 1.192616100993473122e-01 1.147823847131803632e-01 1.114530521747656155e-01 1.089157105132471798e-01 1.069336337025743044e-01 1.053479926614090817e-01 1.040505163068883160e-01 1.029659921675920436e-01 1.020417836750857482e-01 1.012398882873822015e-01 1.005333313404116746e-01
3.874407745659118607e-01 3.320494470624544281e-01 2.837806010630447573e-01 2.426955032377736687e-01 2.085289168293820716e-01 1.803920448775170327e-01 1.578639321652008098e-01 1.406821010616840784e-01 1.282347098359605253e-01 1.195519295695703504e-01 1.136004902620334212e-01 1.095155527023598530e-01 1.066666666616220005e-01 1.046275195630732985e-01 1.031199880712665579e-01 1.019644326169509424e-01 1.010456596268340945e-01 1.002888557361438920e-01 9.964529729099012856e-02 9.908278117305599486e-02
5.036036844760483078e-01 4.162598181445630874e-01 3.479576312681274541e-01 2.941406855713284973e-01 2.484136468474753279e-01 2.083218645292800042e-01 1.766224799241172261e-01 1.543129461520584278e-01 1.394054615800268959e-01 1.294236828910652615e-01 1.225697781494818617e-01 1.177097372116986673e-01 1.141457346815150237e-01 1.114447306655347303e-01 1.093333351484034183e-01 1.076345737138763026e-01 1.062319649069104338e-01 1.050473555282223914e-01 1.040268405945971586e-01 1.031329656729940286e-01
6.150203641221196893e-01 4.904765464719094137e-01 3.931056462684546227e-01 3.163408027367768383e-01 2.573363846108259190e-01 2.133853059107786998e-01 1.813815756568510629e-01 1.585078067313588635e-01 1.422753655599081068e-01 1.306607560241445642e-01 1.221993710281367440e-01 1.159046055268845576e-01 1.111253511100221691e-01 1.074302788441127698e-01 1.045280390613333998e-01 1.022165366864646735e-01 1.003527342171582903e-01 9.883293168506497584e-02 9.758063375327764855e-02 9.653816397971240471e-02
8.678608460858231455e-01 6.534863974933858843e-01 4.631736437658298677e-01 3.398744085425278172e-01 2.694157351367175712e-01 2.264258039457490712e-01 1.975018266134429823e-01 1.767499277042224870e-01 1.613191299582831528e-01 1.495933013805188228e-01 1.405469409190118202e-01 1.334862922539468977e-01 1.279203556932043406e-01 1.234907678049057683e-01 1.199293651711195730e-01 1.170326678571291246e-01 1.146450733498204505e-01 1.126472389127593510e-01 1.109478251589462172e-01 1.094774708629120130e-01
5.914403046633276428e-01 4.759938365635066893e-01 3.712933332515785945e-01 2.718791089110073056e-01 1.944557008168339984e-01 1.490393295524427286e-01 1.257230376953430151e-01 1.135236322951823223e-01 1.066473024569859207e-01 1.024774622169206811e-01 9.979700235984637069e-02 9.799301911989459490e-02 9.673134399112313930e-02 9.581816235353471378e-02 9.513502647299901249e-02 9.460753409934113956e-02 9.418680625181878596e-02 9.384096140449400825e-02 9.354801522815250903e-02 9.329317638810608049e-02
8.635830937924402484e-01 7.084539802470385395e-01 5.399565916976785118e-01 3.919841951522903267e-01 2.805666675820248090e-01 2.093696412362623938e-01 1.689962449111044318e-01 1.465345066785812278e-01 1.336051697481889233e-01 1.258162408531643406e-01 1.209120094322133770e-01 1.176928227837197444e-01 1.154930383025202928e-01 1.139287882589269385e-01 1.127706886990927221e-01 1.118781083263456766e-01 1.111622733168769611e-01 1.105663588328752722e-01 1.100536382826976523e-01 1.095992527180351256e-01
5.521220289963093553e-01 4.413424465648131401e-01 3.400207316655723955e-01 2.629200548286462213e-01 2.125905638567746891e-01 1.802815780371747612e-01 1.588332522815835424e-01 1.440525154449460443e-01 1.334732805309249704e-01 1.256127268057207480e-01 1.195628741752625540e-01 1.147555530375888172e-01 1.108275481687496788e-01 1.075426748228846957e-01 1.047442811038320071e-01 1.023281335636599398e-01 1.002236590312115122e-01 9.838195837538023236e-02 9.676736830678805967e-02 9.535210228536243615e-02
3.974792614662146506e-01 3.330375892511801550e-01 2.602042381471255661e-01 2.001726034004241150e-01 1.608180750370956924e-01 1.375108470674604177e-01 1.247218890360090870e-01 1.177661392616573682e-01 1.137652466900180986e-01 1.112440198299009392e-01 1.094865416630636940e-01 1.081434366828761956e-01 1.070403293846175080e-01 1.060870336357038479e-01 1.052352073357906148e-01 1.044575972133316155e-01 1.037384373124223269e-01 1.030675189732573882e-01 1.024379866372328307e-01 1.018447819363791501e-01
2.772383904791786424e-01 2.166922888514818679e-01 1.731434749043546661e-01 1.446914860414108273e-01 1.269988026577630047e-01 1.160492564080050221e-01 1.091248887885012675e-01 1.045964858676961678e-01 1.015243992673094953e-01 9.936429259296346295e-02 9.779301081670382922e-02 9.661344460749204943e-02 9.570119658929571171e-02 9.497591320819424865e-02 9.438448450484429597e-02 9.389064000509712848e-02 9.346964702781562773e-02 9.310409179507814215e-02 9.278149033065005713e-02 9.249275482488655831e-02
2.555221042556513611e-01 1.992804160289233517e-01 1.643251065205549866e-01 1.434576731966808461e-01 1.306800426566042117e-01 1.223994780459906895e-01 1.167221770866308378e-01 1.126430317969061429e-01 1.095993098604958471e-01 1.072566033469047331e-01 1.054050615010783121e-01 1.039074574888218250e-01 1.026710720802657267e-01 1.016313924791757001e-01 1.007426888786722013e-01 9.997188916546292936e-02 9.929484301013871694e-02 9.869311104645021870e-02 9.815310940321068933e-02 9.766430654155555668e-02
6.220660651712250910e-01 5.364300914892009553e-01 4.704442972239071818e-01 4.178879211820213935e-01 3.717946831449808198e-01 3.257539125441690220e-01 2.756303717143600562e-01 2.254392819304484874e-01 1.847674215195002079e-01 1.575071118352934785e-01 1.409047824540175520e-01 1.309407041361555502e-01 1.247768919006921329e-01 1.207705329661257626e-01 1.180173980549443502e-01 1.160168239951599456e-01 1.144844265421852414e-01 1.132535350753460096e-01 1.122234743984881766e-01 1.113316709967330093e-01
5.787296143626576850e-01 4.644059497911143808e-01 3.593300713554231085e-01 2.749983657377924606e-01 2.163422469826400685e-01 1.788984298630748593e-01 1.550939976377458118e-01 1.394525168100142209e-01 1.288029283843570849e-01 1.213358746669837285e-01 1.159717697493761052e-01 1.120349305816489560e-01 1.090872569629573324e-01 1.068374176726501895e-01 1.050877118897915324e-01 1.037017174591892410e-01 1.025840219104429685e-01 1.016666986528434735e-01 1.009014241170370918e-01 1.002526164866867492e-01
4.460838922424590902e-01 3.463473865599371315e-01 2.769423390406882124e-01 2.291356024343985942e-01 1.967707049823366194e-01 1.749150702904444243e-01 1.599507975880987976e-01 1.494525384856388028e-01 1.418676071288064167e-01 1.362141385301947616e-01 1.318674756353721000e-01 1.284252997976727817e-01 1.256234697508625819e-01 1.232863374380394755e-01 1.212949105119332655e-01 1.195676804427057566e-01 1.180478739505633756e-01 1.166950683132745303e-01 1.154801368806511186e-01 1.143816250935196926e-01
7.807506011781151223e-01 5.710604037558915103e-01 4.002319324041309079e-01 2.877012049732730059e-01 2.229115229612216309e-01 1.872579532768577359e-01 1.672387474030256338e-01 1.553857420058920857e-01 1.479120785556733708e-01 1.428972873743623584e-01 1.393313423683866792e-01 1.366577062103897233e-01 1.345541512919589955e-01 1.328267312701791603e-01 1.313532310351729349e-01 1.300540539901703652e-01 1.288758199196308740e-01 1.277818763442337413e-01 1.267462753225117866e-01 1.257502922741696172e-01
3.382494756986852980e-01 2.629890982247888864e-01 2.114738772029522706e-01 1.775260435324162167e-01 1.556661253271158785e-01 1.414503034157678363e-01 1.319611155730672225e-01 1.254203018709085793e-01 1.207583839539438514e-01 1.173249255085829640e-01 1.147158807248342821e-01 1.126740833953954329e-01 1.110321033874061003e-01 1.096778716868720971e-01 1.085350695915985875e-01 1.075506713939830689e-01 1.066873182298149897e-01 1.059177052718587170e-01 1.052224547159858054e-01 1.045866538817062930e-01
4.919838497266937338e-01 4.066772984575072747e-01 3.283824264064605924e-01 2.605048062914284146e-01 2.086043514558696133e-01 1.732111262441321797e-01 1.505458578438113315e-01 1.361860084937041027e-01 1.269024534629716039e-01 1.207001017939182963e-01 1.164013473289378514e-01 1.133101106419815152e-01 1.110069973034296664e-01 1.092329650074316261e-01 1.078234804956809956e-01 1.066716976199677397e-01 1.057063738194119612e-01 1.048793719511741107e-01 1.041568061678117413e-01 1.035151663175565839e-01
9.890275935549288633e-01 8.188902323978254350e-01 6.379487351363786196e-01 4.830661213847542990e-01 3.584050124009809379e-01 2.666375105967745407e-01 2.080794517457252302e-01 1.732555862309527461e-01 1.523821022175252393e-01 1.393630557839060091e-01 1.308690256130648766e-01 1.250903086323523761e-01 1.210097283363575082e-01 1.180308829183923103e-01 1.157895769592141716e-01 1.140554918081033986e-01 1.126779807492857832e-01 1.115560378856025603e-01 1.106201355939265274e-01 1.098217152524739448e-01
2.319725802586617702e-01 1.697241029387805689e-01 1.388037385878851671e-01 1.233894911478273515e-01 1.152007657900685489e-01 1.104651399044087184e-01 1.074840852193301582e-01 1.054516606649849586e-01 1.039628221804741737e-01 1.028022020927164687e-01 1.018499485193751775e-01 1.010368457541335335e-01 1.003211809368804164e-01 9.967692226637155095e-02 9.908748553541954496e-02 9.854179275047499076e-02 9.803242953319568631e-02 9.755377145193051824e-02 9.710215141647494941e-02 9.667449870670680179e-02
3.065562798484461338e-01 2.505751800723373668e-01 2.079847766202874426e-01 1.787041644495911963e-01 1.597059445572085734e-01 1.473744456749409570e-01 1.391612316388636805e-01 1.334847379312850413e-01 1.293911409354768782e-01 1.263034058152698036e-01 1.238692933670245133e-01 1.218695738911628745e-01 1.201665540831163559e-01 1.186717920866794951e-01 1.173275622539222268e-01 1.160958773433230784e-01 1.149510801630094642e-01 1.138754475372843467e-01 1.128569237561896504e-01 1.118866897560656104e-01
3.492365572979906352e-01 2.953533287674508512e-01 2.457005825293344936e-01 2.070318183273775481e-01 1.802167589578311802e-01 1.612633583223214429e-01 1.463336507417261623e-01 1.340611558599630326e-01 1.245274975197389750e-01 1.176702515315264513e-01 1.129529127641581004e-01 1.097219960240181508e-01 1.074539451731834627e-01 1.057952531636692645e-01 1.045250822172965888e-01 1.035081230255309459e-01 1.026618965785019155e-01 1.019352838618215185e-01 1.012960090383421691e-01 1.007223549124319079e-01
3.630199740373064032e-01 2.968281194918926946e-01 2.493782078554795667e-01 2.121778470737626654e-01 1.817977021759725198e-01 1.570667737632175098e-01 1.381145971006481066e-01 1.246998652286129133e-01 1.156890688580460846e-01 1.097240726236486802e-01 1.057263234100537380e-01 1.029738311085384300e-01 1.010140554123790946e-01 9.956801233871374890e-02 9.846242127008736356e-02 9.758852245053276087e-02 9.687622073921374477e-02 9.627972657792270572e-02 9.576822252594865970e-02 9.532079631753731519e-02
5.732863025835831516e-01 4.932228435046272508e-01 3.914102661941433192e-01 2.725266284792451366e-01 1.849211605550954152e-01 1.415584724670043149e-01 1.229228148516267605e-01 1.147251943952869585e-01 1.108114465710241386e-01 1.087560817506164346e-01 1.075667480111587859e-01 1.068075499252881810e-01 1.062738534330856105e-01 1.058634310378692989e-01 1.055229784571565660e-01 1.052230824518483182e-01 1.049476541671901936e-01 1.046871571312658483e-01 1.044359491823706743e-01 1.041908540570875563e-01
4.832193310447564505e-01 3.962572308022936363e-01 3.347073567667394056e-01 2.910209794441470654e-01 2.587007624653051563e-01 2.319397393756662540e-01 2.073814183910144548e-01 1.842884145458811018e-01 1.636465647746808694e-01 1.467063978768419485e-01 1.338518051442224577e-01 1.245595029013929905e-01 1.179571221815422233e-01 1.132416874082991798e-01 1.098134683666285166e-01 1.072612174996174922e-01 1.053114743926562430e-01 1.037830075848614753e-01 1.025541304034413709e-01 1.015422920312266802e-01
3.828077589860185981e-01 2.956842349565704242e-01 2.337864118308061734e-01 1.932305225642630964e-01 1.678939750336576331e-01 1.520884749776451050e-01 1.419631783169461314e-01 1.352056512481067396e-01 1.304759887867840140e-01 1.269970623886911287e-01 1.243097110750386453e-01 1.221362510987091810e-01 1.203045372862834445e-01 1.187052324553951599e-01 1.172672282758867313e-01 1.159432329848641557e-01 1.147018293890869206e-01 1.135213491390459212e-01 1.123870663216803290e-01 1.112895203556399787e-01
2.156366759422235213e-01 1.886627514706924469e-01 1.719225253816694110e-01 1.601311814272776135e-01 1.513201082265004382e-01 1.444094432657584415e-01 1.387720101047307253e-01 1.340329837705939997e-01 1.299638813128694836e-01 1.264213498309254557e-01 1.233108445955440335e-01 1.205650160461664150e-01 1.181319676619023151e-01 1.159691999666392775e-01 1.140402760263532350e-01 1.123141067614778915e-01 1.107636544760316616e-01 1.093657209165394273e-01 1.081005748640745945e-01 1.069511556439101674e-01
2.107761442664195795e-01 1.750106301548657872e-01 1.535761804366484184e-01 1.403845100587932382e-01 1.317292146937688868e-01 1.255858190529397789e-01 1.209290848794626061e-01 1.172264646453550080e-01 1.141873993951594418e-01 1.116429133986821393e-01 1.094863566622370915e-01 1.076439693447900914e-01 1.060597139608580597e-01 1.046883859418449025e-01 1.034921841783216223e-01 1.024397163599496674e-01 1.015050512546440548e-01 1.006669858549139457e-01 9.990875901217805000e-02 9.921705545246367608e-02
8.367280893912538708e-01 7.328420826920774012e-01 6.452441093185916632e-01 5.609377329301787896e-01 4.522433165832808188e-01 3.175108800559746647e-01 2.121316852310519696e-01 1.573771874156068284e-01 1.322672568142479466e-01 1.199402918097803167e-01 1.131197336998775449e-01 1.089100420915565387e-01 1.060759861650876767e-01 1.040358315488850854e-01 1.024894940811471450e-01 1.012691540902437709e-01 1.002741746374886112e-01 9.944120575521651906e-02 9.872812583181712898e-02 9.810613697717371351e-02
4.994178600206760077e-01 4.385245609030243852e-01 3.790532224799971761e-01 3.256282418186310923e-01 2.807390114781446733e-01 2.445631900220178179e-01 2.163597896881401528e-01 1.948942275927402212e-01 1.787172866915352765e-01 1.664725848846137501e-01 1.570733924745582044e-01 1.497232676600105949e-01 1.438601822545751974e-01 1.390904065594077144e-01 1.351370705757290180e-01 1.318023318564519319e-01 1.289432025793939840e-01 1.264549977844580952e-01 1.242599931266158836e-01 1.222998214839026293e-01
4.139230585620737313e-01 2.927650594358919833e-01 2.110869744701676654e-01 1.655917779606715934e-01 1.414227145309268907e-01 1.280058891903172458e-01 1.200286130141466900e-01 1.149598800066451015e-01 1.115458871379087225e-01 1.091266346392512770e-01 1.073342377837980116e-01 1.059526829744572712e-01 1.048496100243937745e-01 1.039411783327523209e-01 1.031723002179933263e-01 1.025061139097670077e-01 1.019173018631408939e-01 1.013880582514684603e-01 1.009057436391594814e-01 1.004612009371339820e-01
5.495438574469880821e-01 4.231680905097243706e-01 3.371933616892056063e-01 2.703812162927533569e-01 2.165917455364251565e-01 1.764439512300305102e-01 1.494916888372972708e-01 1.325748747016768925e-01 1.221740475343540272e-01 1.157139116665348438e-01 1.115943732520099790e-01 1.088764018716756321e-01 1.070146603160537779e-01 1.056879301520530084e-01 1.047030358691699858e-01 1.039415113371796873e-01 1.033286208042409338e-01 1.028167074790690139e-01 1.023743796674534690e-01 1.019811013608705186e-01
2.741760604304727122e-01 2.218850784726600911e-01 1.860841375972438483e-01 1.619295373239583447e-01 1.458730917205684763e-01 1.352154735123622109e-01 1.280297917695134013e-01 1.230435112206032522e-01 1.194558707176474888e-01 1.167707193776732350e-01 1.146797234925907155e-01 1.129889774805633296e-01 1.115749648251221499e-01 1.103573588191648081e-01 1.092833858847734457e-01 1.083175158521044040e-01 1.074359138295403748e-01 1.066220794475521011e-01 1.058646881856839111e-01 1.051555242986069033e-01
5.510233180163208733e-01 4.137865802832043638e-01 3.161911481281095004e-01 2.358548171837901442e-01 1.750736336363479528e-01 1.393459776947565953e-01 1.214647035964298988e-01 1.126626627438235967e-01 1.080598838633159142e-01 1.054431743730674526e-01 1.038253999469452571e-01 1.027463792244088792e-01 1.019776388598256783e-01 1.013982905019656794e-01 1.009402858573594103e-01 1.005628134220023645e-01 1.002406592361512611e-01 9.995759518147678824e-02 9.970229673985159247e-02 9.946751102223061469e-02
7.344541461888093314e-01 6.072175367339331942e-01 4.902868601053944619e-01 3.926643086490378409e-01 3.164565316628977776e-01 2.597563969153287577e-01 2.192969295327475143e-01 1.911530458155175360e-01 1.715761479279171997e-01 1.576528368693834725e-01 1.474386877657343498e-01 1.397189652949873684e-01 1.337358033925102052e-01 1.290008272577031767e-01 1.251881457628178373e-01 1.220714054441305041e-01 1.194895448393799575e-01 1.173251347475161299e-01 1.154905392092769045e-01 1.139196057550361796e-01
5.780331146242133622e-01 4.588980835971778749e-01 3.572967410128330967e-01 2.776046841905918106e-01 2.221661090431734931e-01 1.868745451793074608e-01 1.649662928096949921e-01 1.510625873529352348e-01 1.418788035563193217e-01 1.355464907735586255e-01 1.309945248044095956e-01 1.275891901692375596e-01 1.249424195243045710e-01 1.228099114820361132e-01 1.210332764545455631e-01 1.195080766594037447e-01 1.181638707080855943e-01 1.169529917137697300e-01 1.158420758275315182e-01 1.148087140219286040e-01
9.191239506498095624e-01 6.791062306644909397e-01 5.178109112662787616e-01 4.102065940107695319e-01 3.281043879335948099e-01 2.613670454906832918e-01 2.098162133661389817e-01 1.733654809786821793e-01 1.493053583306027665e-01 1.339371077687246669e-01 1.241439998487476326e-01 1.177914288756437555e-01 1.135458755248691942e-01 1.106021168077131744e-01 1.084754520276328543e-01 1.068722632655408206e-01 1.056118953588884302e-01 1.045806193881435309e-01 1.037068261188687779e-01 1.029436509398510696e-01
4.043021682899597957e-01 3.083302828222298508e-01 2.383173064552465692e-01 1.903460017658653580e-01 1.574276079375340476e-01 1.354459260100780993e-01 1.214457431670234594e-01 1.127658902361508841e-01 1.073728679955092968e-01 1.039407557543017835e-01 1.016722960094921246e-01 1.001026333557092640e-01 9.896077719880849721e-02 9.808720645596621934e-02 9.738585507948301079e-02 9.679831363260746335e-02 9.628786981571466064e-02 9.583154790932894851e-02 9.541443585156229867e-02 9.502712143628741503e-02
4.331518350081984270e-01 3.057819868782007955e-01 2.162433959588855314e-01 1.631223246989327302e-01 1.339520842061938388e-01 1.179521912333439115e-01 1.088089767968631327e-01 1.033400276701286202e-01 9.993204050875646727e-02 9.772914081077033188e-02 9.625731845855625690e-02 9.524322541150467836e-02 9.452367044577840438e-02 9.399788353719486234e-02 9.360237270429934420e-02 9.329592584697821156e-02 9.305158872222818456e-02 9.285081737769360077e-02 9.268147301310819541e-02 9.253474543536867325e-02
