6.374674979600968294e-01 5.931925335072446570e-01 5.548045024894782129e-01 5.218435766210314242e-01 4.932147366725939674e-01 4.673495628905948163e-01 4.424822599339813811e-01 4.169946979633192274e-01 3.898756990535867106e-01 3.610710180646310441e-01 3.314511543332946397e-01 3.023780559334591223e-01 2.751518832828730998e-01 2.506495432545136626e-01 2.292476106669586455e-01 2.109373822329541903e-01 1.954822329214957188e-01 1.825474646704577653e-01 1.717757097845259429e-01 1.628268462355026702e-01
3.594568429328501291e-01 3.233206623906152988e-01 2.864591597872640505e-01 2.515675747731074829e-01 2.208004601020366053e-01 1.950249460048507910e-01 1.741687464679125830e-01 1.576688806689344469e-01 1.447848149342462476e-01 1.347852896037511627e-01 1.270314467721618823e-01 1.210035864450037524e-01 1.162951525952666959e-01 1.125945259677246235e-01 1.096651247562840520e-01 1.073285484686493929e-01 1.054500405211001579e-01 1.039268014021217795e-01 1.026810167869552926e-01 1.016528804367408112e-01
4.031822123032639538e-01 3.686577135353036327e-01 3.341224791942238315e-01 3.018922501599945463e-01 2.735225847372930730e-01 2.494057751594709882e-01 2.291809445470426032e-01 2.121808074171531167e-01 1.976924753963612558e-01 1.850689401090312436e-01 1.737820644633029654e-01 1.634679426153161363e-01 1.539499266950588308e-01 1.452139367698691841e-01 1.373360241806949600e-01 1.303995786694576997e-01 1.244399761094246021e-01 1.194289309385931086e-01 1.152866496151545989e-01 1.119032953330315605e-01
6.115517514526345177e-01 5.607242169230084450e-01 5.205594496872163468e-01 4.862734835575019954e-01 4.499282678751986841e-01 4.052679062276388078e-01 3.535751609066392076e-01 3.017116502227872865e-01 2.559400226497560160e-01 2.190369540771644197e-01 1.908786960336146810e-01 1.699832974124001472e-01 1.546213356050429866e-01 1.433014019473921596e-01 1.348853296332526985e-01 1.285504398948978666e-01 1.237152480467921117e-01 1.199711238697636906e-01 1.170301973458845179e-01 1.146880104538286066e-01
4.989106152179419995e-01 4.932591489759215464e-01 4.891649017093368523e-01 4.849929229975755707e-01 4.792868151365292095e-01 4.708457847474710189e-01 4.585661620796781524e-01 4.411569306948513458e-01 4.167334450487351072e-01 3.830752694769762323e-01 3.401377128483727419e-01 2.927080837590619877e-01 2.480703863798407738e-01 2.111776385184202798e-01 1.831373812976608006e-01 1.627137555202534669e-01 1.480458539451501576e-01 1.374872258145478643e-01 1.298081315419403747e-01 1.241473911100183652e-01
3.924771850740307877e-01 3.622690240386873262e-01 3.306936457147821584e-01 2.993337277069804125e-01 2.698538516185999270e-01 2.433414997186628126e-01 2.202733081701444551e-01 2.006553455628454774e-01 1.842129269102588396e-01 1.705476880504284143e-01 1.592360104512772490e-01 1.498800046676478925e-01 1.421296143140830248e-01 1.356896272984522422e-01 1.303161487419856601e-01 1.258110215968918089e-01 1.220144772634375874e-01 1.187981308274902448e-01 1.160588585853111060e-01 1.137137119361432275e-01
5.281017761008388600e-01 5.081668022660597028e-01 4.900076633825665162e-01 4.693526611931884140e-01 4.440583658969663450e-01 4.143846581666366657e-01 3.821550657637999282e-01 3.495382531887480382e-01 3.182130597825426066e-01 2.891882529413760672e-01 2.629492999682406795e-01 2.396358515692463831e-01 2.191768650040739896e-01 2.013870206753608783e-01 1.860251105655333914e-01 1.728296615864911567e-01 1.615396355684242669e-01 1.519052315241424256e-01 1.436952564865350834e-01 1.367014059848224994e-01
5.073613086295154506e-01 5.005852967976670564e-01 4.942600983123315861e-01 4.865721856400341272e-01 4.751792618559557146e-01 4.573018366438919013e-01 4.306330254224411402e-01 3.944741599059216064e-01 3.510429630314502170e-01 3.059200483199792653e-01 2.648947269322525222e-01 2.308936489190364094e-01 2.041290325400211825e-01 1.835393652382481255e-01 1.677985649175388894e-01 1.557294409912546584e-01 1.464028558288009707e-01 1.391199363450869031e-01 1.333663610204530448e-01 1.287659623599029246e-01
4.386873466064480365e-01 4.179459172990664384e-01 3.950820179931816001e-01 3.700651686345190483e-01 3.431722668977670310e-01 3.146440149895443072e-01 2.852706906636695017e-01 2.568298002314259310e-01 2.312570567095826868e-01 2.097013310604961545e-01 1.923135462484788227e-01 1.786000215681269876e-01 1.678428104985505431e-01 1.593511221744120243e-01 1.525538356509059668e-01 1.470091058034449782e-01 1.423870751913637045e-01 1.384458040865138295e-01 1.350103861512616243e-01 1.319561390811577473e-01
4.810692160463850287e-01 4.719827526197286627e-01 4.576836454868623560e-01 4.369409527510560998e-01 4.101942635241721535e-01 3.793822961780824454e-01 3.472338474918796880e-01 3.163450160716616000e-01 2.885004414129070938e-01 2.644796787296945784e-01 2.442813766148174137e-01 2.274704315367853391e-01 2.134505073261971086e-01 2.016219848654145497e-01 1.914558143068643414e-01 1.825215940573980400e-01 1.744919097124147944e-01 1.671360272643505618e-01 1.603085116326110338e-01 1.539324418492469815e-01
2.214944661944173165e-01 2.023495597962755577e-01 1.858474340569228056e-01 1.710965126013616056e-01 1.583072512078797511e-01 1.476069865509634926e-01 1.388981129908643253e-01 1.319298594733845642e-01 1.263990878179174493e-01 1.220156652002700043e-01 1.185311126087526673e-01 1.157442907592849263e-01 1.134982165654946640e-01 1.116721042284916643e-01 1.101735704844395564e-01 1.089322226365790347e-01 1.078944351275458735e-01 1.070185439846318282e-01 1.062728731607603533e-01 1.056324482626064265e-01
5.489882143294875227e-01 5.327188956430751743e-01 5.217715566702100238e-01 5.144056360881501533e-01 5.091626448845816277e-01 5.048119518726909005e-01 5.002215094988332611e-01 4.942156424085169530e-01 4.854291169230237069e-01 4.721009278239057250e-01 4.520278885598418284e-01 4.235589732931112072e-01 3.877645847197607187e-01 3.489005410578102095e-01 3.115697324662460299e-01 2.781431126310781043e-01 2.488332866603741311e-01 2.229976443306077305e-01 2.001390430901665296e-01 1.802555289422161922e-01
3.464355830568820460e-01 3.142305813624989286e-01 2.815512088990362871e-01 2.500399397239652655e-01 2.211301666865620186e-01 1.956993846618570454e-01 1.741411267116200201e-01 1.564316849687747979e-01 1.422409326665547147e-01 1.310719220662112106e-01 1.223826238751621470e-01 1.156642179116897790e-01 1.104797462261922214e-01 1.064735723150897623e-01 1.033665776771522382e-01 1.009439528157963645e-01 9.904277264598931874e-02 9.753957936651204419e-02 9.634157481850706695e-02 9.537892180451308655e-02
5.255261100802703922e-01 5.130598353743576201e-01 5.036294692616166691e-01 4.937806915712002476e-01 4.770830620384838294e-01 4.429438635518000988e-01 3.844293436311727596e-01 3.106113334044129926e-01 2.412247419417872241e-01 1.891351036746709846e-01 1.549172041973360947e-01 1.335892765698372397e-01 1.203436475510534370e-01 1.119636244178400381e-01 1.065221135059255114e-01 1.028926558408420483e-01 1.004100979812210387e-01 9.867307043146865408e-02 9.743287342571420317e-02 9.653101792937376913e-02
4.692397218626592759e-01 4.560412591000749805e-01 4.402047657126775260e-01 4.222768146274620271e-01 4.030164500037267117e-01 3.833604477845073966e-01 3.641905804836642613e-01 3.460293187099887091e-01 3.289415486776124387e-01 3.126208582036270056e-01 2.965373473944964422e-01 2.801055315489429653e-01 2.629092698136810125e-01 2.449499276471033271e-01 2.267202901582641150e-01 2.090067956404527694e-01 1.925589542003581234e-01 1.778713482612511165e-01 1.651409149239771168e-01 1.543330048400093912e-01
3.759952631860505878e-01 3.426952319098199862e-01 3.117925123345048899e-01 2.834664335646812083e-01 2.580428837917952412e-01 2.356861246815418476e-01 2.163942190376087760e-01 2.000026087534072794e-01 1.862337217226195107e-01 1.747553817901916773e-01 1.652289461815689697e-01 1.573375180792299932e-01 1.507998208990375122e-01 1.453753505135500779e-01 1.408622127512353384e-01 1.370937275810319989e-01 1.339335509877128128e-01 1.312709805155827802e-01 1.290160469224429229e-01 1.270961295638698973e-01
3.313249518582597197e-01 3.062844994093756879e-01 2.825522509570601026e-01 2.606778410881633867e-01 2.411736819030073642e-01 2.241984198131103667e-01 2.096895857505296501e-01 1.974537664727199493e-01 1.872343955846736130e-01 1.787551344020175681e-01 1.717482067406947976e-01 1.659693620477003251e-01 1.612041789373969969e-01 1.572692518110488935e-01 1.540110118461598121e-01 1.513022648429614425e-01 1.490392644656822196e-01 1.471374158828984979e-01 1.455286680837161728e-01 1.441580252349376756e-01
4.414859475383218768e-01 4.155932726996252047e-01 3.845841276537976250e-01 3.500017277866458998e-01 3.144290827510485276e-01 2.804611728701275064e-01 2.499106090082523213e-01 2.235423751666439918e-01 2.013532562736509157e-01 1.830076184320205412e-01 1.680967281705670890e-01 1.561802478631920954e-01 1.467783603106045109e-01 1.394089884963022885e-01 1.336347602370596965e-01 1.290889225027581355e-01 1.254802319872430905e-01 1.225845108815701717e-01 1.202321044520249377e-01 1.182959033430051876e-01
4.811100759641556146e-01 4.654112471976833421e-01 4.422208649193635210e-01 4.098689888337776477e-01 3.693209835279024911e-01 3.239929439857587301e-01 2.785282128637300292e-01 2.369779109690534902e-01 2.017176549067016822e-01 1.734365122418403682e-01 1.516759424709016590e-01 1.354156959887768685e-01 1.234955674072261839e-01 1.148513071421621151e-01 1.086092059817542615e-01 1.040985437364361083e-01 1.008252414728667695e-01 9.843397728137119607e-02 9.667260711303697629e-02 9.536325525333268216e-02
5.069677572075067529e-01 4.937341173093308666e-01 4.736391221278972719e-01 4.436244838254060352e-01 4.034000361316703032e-01 3.565333135900436989e-01 3.090895635174820133e-01 2.664369958808492922e-01 2.311970623143133619e-01 2.034829290665220447e-01 1.821476791775785420e-01 1.657720909919589702e-01 1.531114651355892364e-01 1.432050014147535077e-01 1.353475552750751376e-01 1.290298503777012329e-01 1.238845004513859788e-01 1.196436825371347407e-01 1.161105065676383691e-01 1.131380375253502324e-01
7.011990470508134843e-01 6.640903722270741216e-01 6.314577761912368858e-01 6.028474925563205300e-01 5.777260706404194757e-01 5.552815220596949430e-01 5.343880174169908237e-01 5.133075945766186754e-01 4.894835124386736624e-01 4.599860165524296551e-01 4.228476268739905231e-01 3.784523466438986516e-01 3.299515966931357847e-01 2.822444189433008233e-01 2.398512163572013300e-01 2.052053054049610969e-01 1.785100878588855300e-01 1.586499014217406522e-01 1.441153824608772949e-01 1.335157828126102564e-01
2.225041565208812355e-01 2.048139798007241608e-01 1.899171832944921423e-01 1.771699868746145490e-01 1.663827465396025274e-01 1.572945561831875227e-01 1.496338874700450239e-01 1.431560703125069334e-01 1.376551822206511233e-01 1.329639288265650476e-01 1.289465677072803296e-01 1.254932227299286884e-01 1.225132486144866611e-01 1.199323064183408921e-01 1.176889293157728361e-01 1.157318206166382812e-01 1.140186898011597838e-01 1.125140919623663638e-01 1.111877936916425835e-01 1.100149293139111306e-01
5.268265764135867668e-01 5.089973766164621605e-01 4.937617554754137883e-01 4.748575042042648686e-01 4.466898904158733696e-01 4.071245011548865200e-01 3.587752295829704785e-01 3.078236571914749198e-01 2.606663587300863671e-01 2.211994506240989589e-01 1.903610737573762923e-01 1.672078415772390025e-01 1.501313412689341820e-01 1.375722525547098396e-01 1.282761154685795324e-01 1.213169128320350926e-01 1.160364057074934896e-01 1.119731706001766691e-01 1.088042821910130409e-01 1.063015604965039523e-01
4.976328454113263522e-01 4.778595684760284512e-01 4.530868627069139509e-01 4.225626407432719334e-01 3.869935567778884367e-01 3.486858659229437607e-01 3.106879722240955544e-01 2.756469239442967956e-01 2.451510487182531617e-01 2.196983197249937902e-01 1.990299129176128223e-01 1.825162259071294035e-01 1.694277733777562467e-01 1.590795687814875181e-01 1.508869247396205648e-01 1.443752295824970167e-01 1.391704263608335157e-01 1.349817005694421701e-01 1.315852728854230158e-01 1.288088939984299852e-01
5.898144394776181354e-01 5.688102222077889847e-01 5.532993380875222966e-01 5.417743632595694026e-01 5.331497792208961251e-01 5.266182137638952820e-01 5.215830417973503774e-01 5.175910997796566715e-01 5.142805991421788292e-01 5.113342005218395325e-01 5.084278463702056605e-01 5.051570338836250951e-01 5.009071592864009492e-01 4.945990797829836194e-01 4.842051850787174594e-01 4.661113971464510564e-01 4.355809565083170742e-01 3.909126055453270854e-01 3.383722658435137642e-01 2.886664224013656965e-01
3.918295117979869180e-01 3.637070000963285588e-01 3.351541283261030846e-01 3.071568650053814187e-01 2.809288970567285770e-01 2.572627220582217045e-01 2.365159044507890995e-01 2.186956005357205968e-01 2.035875944606959920e-01 1.908720436133444220e-01 1.802036645635962386e-01 1.712552444636821769e-01 1.637361693009734276e-01 1.573977770097553797e-01 1.520315832644701104e-01 1.474648960493505079e-01 1.435557015053927910e-01 1.401881348900496926e-01 1.372678221948444854e-01 1.347184768132865529e-01
4.696566185966367102e-01 4.367275674232768967e-01 3.961304991910219453e-01 3.499348864226703992e-01 3.023302576664173014e-01 2.579496669919171814e-01 2.200359413829119093e-01 1.896747020572183695e-01 1.663363350929285001e-01 1.487853808322688598e-01 1.357063393204589463e-01 1.259714094527589756e-01 1.187006204240788065e-01 1.132362316530168278e-01 1.090972870711220816e-01 1.059350269957667484e-01 1.034969509744041727e-01 1.015995864862452441e-01 1.001094827683118582e-01 9.892848381135990743e-02
2.711746776338259113e-01 2.502705221407813818e-01 2.328384508774070105e-01 2.180869522492139279e-01 2.056158509367378429e-01 1.950687455676961557e-01 1.861630849671200849e-01 1.786691575434815604e-01 1.723874035213179834e-01 1.671374016880508850e-01 1.627555626735556760e-01 1.590960043692030146e-01 1.560317667463095859e-01 1.534555405273567985e-01 1.512781113432720426e-01 1.494263457320630650e-01 1.478408644627779711e-01 1.464734613453038126e-01 1.452855325420387145e-01 1.442456776276230812e-01
4.629821573523804634e-01 4.477172847464680472e-01 4.305688475072383947e-01 4.117351577244698912e-01 3.919552860967814856e-01 3.720210767537355245e-01 3.526087405253201523e-01 3.341747404821217016e-01 3.169427249394357049e-01 3.009512214828282683e-01 2.861228849366307392e-01 2.723191588278859876e-01 2.593742178194224923e-01 2.471089710481464974e-01 2.353392805345356498e-01 2.238846531324088507e-01 2.125863164104521141e-01 2.013336033746600251e-01 1.900947806984186195e-01 1.789384956285357542e-01
5.453921687183901357e-01 5.258643502416089355e-01 5.108878913742955774e-01 4.982255188566341308e-01 4.853195637444150390e-01 4.691438913397723565e-01 4.470024592877416825e-01 4.180833645770326013e-01 3.842031168297398991e-01 3.487643465434666634e-01 3.150077676231740065e-01 2.849988943699281463e-01 2.595505977414723220e-01 2.385999295937654141e-01 2.216251256526447777e-01 2.079507021396420907e-01 1.969168709777295578e-01 1.879532703664153759e-01 1.805980708729475748e-01 1.744914542976766791e-01
4.962930719052383033e-01 4.824560291629830799e-01 4.604198919977716131e-01 4.298537044080330549e-01 3.914409381411678712e-01 3.474250843023400925e-01 3.027470829687081144e-01 2.623147448711097285e-01 2.284226586821023475e-01 2.011908329889411096e-01 1.797856030272669270e-01 1.631422344768361787e-01 1.502624209582427151e-01 1.403063799287156133e-01 1.326013966047844272e-01 1.266207176592649697e-01 1.219578061705760830e-01 1.183019751890242305e-01 1.154162978863314537e-01 1.131216514302650494e-01
4.918476236873903229e-01 4.799715507483039989e-01 4.625045893882998027e-01 4.370239130040681763e-01 4.038598409797850564e-01 3.652889354267334632e-01 3.248558369221831166e-01 2.861670570257760504e-01 2.516830791460336059e-01 2.224494104598275512e-01 1.984703215611731131e-01 1.791883405451103473e-01 1.638394524016426601e-01 1.516631242012288217e-01 1.419924650546608158e-01 1.342811517608410443e-01 1.280968804136637107e-01 1.231043206761000819e-01 1.190451849480041319e-01 1.157207946343351002e-01
6.619016804574562318e-01 6.166707836043314739e-01 5.746009354017792559e-01 5.319072663345286722e-01 4.875849915750950503e-01 4.422583585020038455e-01 3.972574895082289226e-01 3.537047160480870089e-01 3.124927978141932017e-01 2.745490591033012406e-01 2.408152453530442438e-01 2.119528104330674900e-01 1.881170997522713106e-01 1.689770236908952894e-01 1.538963460052673315e-01 1.421361491836733992e-01 1.329942914759763561e-01 1.258711775137544564e-01 1.202867583811894348e-01 1.158705286249460120e-01
3.568025954050244586e-01 3.291677331408937035e-01 3.035686565266223491e-01 2.801392727781785719e-01 2.592200313406533563e-01 2.407717985646740944e-01 2.245218373104762577e-01 2.101216244399256583e-01 1.972571525957027838e-01 1.856946881995099885e-01 1.752803985501497075e-01 1.659185977438482895e-01 1.575457311620630241e-01 1.501081661086937080e-01 1.435495423892280131e-01 1.378053993565845348e-01 1.328037346331984725e-01 1.284676001274056012e-01 1.247190437493554821e-01 1.214828499889699792e-01
4.061437312752241291e-01 3.836382461784523801e-01 3.599367525173874927e-01 3.356915100141486530e-01 3.116828946872556294e-01 2.884564182446365255e-01 2.663663373156305303e-01 2.456507270834117629e-01 2.264845315857019203e-01 2.089944984082950374e-01 1.932564290600930768e-01 1.792914695346553289e-01 1.670655805216665624e-01 1.564926274606023016e-01 1.474434343611210341e-01 1.397598944560741185e-01 1.332708539810846526e-01 1.278065874073945341e-01 1.232087590287846979e-01 1.193360763808595931e-01
5.106089452743822754e-01 4.949715542448225314e-01 4.744461164638104633e-01 4.460152657989147063e-01 4.068348867827807913e-01 3.548267271453732774e-01 2.951121586401905250e-01 2.392322382043312323e-01 1.952522900043084098e-01 1.642032122676619077e-01 1.433802058653782241e-01 1.296021222908439186e-01 1.204214878356197060e-01 1.142025269699433881e-01 1.099038564832869741e-01 1.068687177714230108e-01 1.046795612038215473e-01 1.030672431214429696e-01 1.018549686795040543e-01 1.009246820360385766e-01
4.974805942880993759e-01 4.834433732519437532e-01 4.687307542500638857e-01 4.512617099800263487e-01 4.299306243652356030e-01 4.041937696194509155e-01 3.739938400074606650e-01 3.399487751894048615e-01 3.035488963336683832e-01 2.671976495068520419e-01 2.336642579082399696e-01 2.050046140141785211e-01 1.819251374900341112e-01 1.640367744397371874e-01 1.504505792167037670e-01 1.402092553582042489e-01 1.324786976678296868e-01 1.266005501663312327e-01 1.220806136587634649e-01 1.185575023782439591e-01
5.314361180253035499e-01 5.161183584797935930e-01 5.039416504425753285e-01 4.927104182149923961e-01 4.801941559959095884e-01 4.641033643699825073e-01 4.421432564937879395e-01 4.132763295740392029e-01 3.784939331353507352e-01 3.403027192826027503e-01 3.019352885401895281e-01 2.664853016935822549e-01 2.360438565466028982e-01 2.113531819276977253e-01 1.920963326236233004e-01 1.774201854271814094e-01 1.663482213229872386e-01 1.579968088911846147e-01 1.516510349418968007e-01 1.467653879662975669e-01
4.489550729964321141e-01 4.306612040420805254e-01 4.082337481825524805e-01 3.822940201591518150e-01 3.541473958033000691e-01 3.253015889801554317e-01 2.971039378692859612e-01 2.705407352680759825e-01 2.462219292503550483e-01 2.244567842808464775e-01 2.053379647840120059e-01 1.888026970405917437e-01 1.746802182039391416e-01 1.627335006607245338e-01 1.526947733945053232e-01 1.442940508386163778e-01 1.372786161607655320e-01 1.314224243831995376e-01 1.265299093704561617e-01 1.224357168507412968e-01
4.943722077540951276e-01 4.895008483454512116e-01 4.832246452763956923e-01 4.717596585852345537e-01 4.497490900007427572e-01 4.118585836750594531e-01 3.587051469198406783e-01 3.002966262071902204e-01 2.489814588177250709e-01 2.096796047637326521e-01 1.812884069464780756e-01 1.610553215237450764e-01 1.465416276192263445e-01 1.359814600533718609e-01 1.281700983835980800e-01 1.222953239530761432e-01 1.178074241021022373e-01 1.143293029419874124e-01 1.115984455145371673e-01 1.094289940461749266e-01
5.295337274918915371e-01 5.132451241173953127e-01 4.884327843872597330e-01 4.544007080910341667e-01 4.127632426858349191e-01 3.667983067328532409e-01 3.206471692887135072e-01 2.779580353903293166e-01 2.410059595340862948e-01 2.106417700473320886e-01 1.866628696705447399e-01 1.682605191715538240e-01 1.543924433598294899e-01 1.440342548320768523e-01 1.363054510816346099e-01 1.305085902030987122e-01 1.261174044636572955e-01 1.227462556786849679e-01 1.201170150560210426e-01 1.180301449151011234e-01
4.184838465633402005e-01 3.969920239779549109e-01 3.737454125443764319e-01 3.489003100048285178e-01 3.231155190314166092e-01 2.972784608975052589e-01 2.723539432045072317e-01 2.492047861684113796e-01 2.284612752683460590e-01 2.104585713893175059e-01 1.952454423159361019e-01 1.826480764057487327e-01 1.723601742461323694e-01 1.640237079188227587e-01 1.572867997922003380e-01 1.518348531424999204e-01 1.474023554101586420e-01 1.437727341242134582e-01 1.407739465497434006e-01 1.382708816602826185e-01
5.217176125446895130e-01 5.051939389376051137e-01 4.966444120608139445e-01 4.886276744157666552e-01 4.724002575731404141e-01 4.411613023240113507e-01 3.975470151784247785e-01 3.513641740067396380e-01 3.100685063027776578e-01 2.757837251713499693e-01 2.476866054045967769e-01 2.244268374796956900e-01 2.051111419079825193e-01 1.892662558914162130e-01 1.765208666375838176e-01 1.664394441433250937e-01 1.585340296267531701e-01 1.523338546068407628e-01 1.474334288085810962e-01 1.435090568196028538e-01
3.436280116692432829e-01 3.134175299697380956e-01 2.860438317270745934e-01 2.619996947389154340e-01 2.414617263479158227e-01 2.242074362083803785e-01 2.098326581076253305e-01 1.978842636180343229e-01 1.879331322832149542e-01 1.796075055772234919e-01 1.725989867603948402e-01 1.666590542733411007e-01 1.615878884474659660e-01 1.572266191267408519e-01 1.534483199944952636e-01 1.501517398207215526e-01 1.472550476778997086e-01 1.446925179637037207e-01 1.424118820519652273e-01 1.403698301175609342e-01
6.285172735242031683e-01 6.024193020180973468e-01 5.816711384268273832e-01 5.651343561635258084e-01 5.519352673732282888e-01 5.412759998734690825e-01 5.324763670692118644e-01 5.249570417563780289e-01 5.182287122900379739e-01 5.119034424537699524e-01 5.056971751773717827e-01 4.993840304344394077e-01 4.927228908559482257e-01 4.853915006604074822e-01 4.769374886903915423e-01 4.667431933651096099e-01 4.540214903303422256e-01 4.378864174569025436e-01 4.175640496099367605e-01 3.927531816530972497e-01
4.721421802623080866e-01 4.500949156354181468e-01 4.275197746395133502e-01 4.043683317102841346e-01 3.808752334797463890e-01 3.574506315612234197e-01 3.346360082691535176e-01 3.129890631325543127e-01 2.929844686674186738e-01 2.749315120785831845e-01 2.589442225013044441e-01 2.449773010495118752e-01 2.328814061812590763e-01 2.224600034975446894e-01 2.135070871748030175e-01 2.058249514456838292e-01 1.992322900425642640e-01 1.935690259933471602e-01 1.886947720497846592e-01 1.844879573583602939e-01
8.169838090520351592e-01 7.479833890800364760e-01 6.867172586655942990e-01 6.345759068895131527e-01 5.913516582745068639e-01 5.558538886491192210e-01 5.264524875341975996e-01 5.013947177954650725e-01 4.789783552757651552e-01 4.576720581316021663e-01 4.362334074048191956e-01 4.138405264336449951e-01 3.901758943587285144e-01 3.653858559271702666e-01 3.399034330863196507e-01 3.142035478146480432e-01 2.885944190740656334e-01 2.631376125811493716e-01 2.377897139619744860e-01 2.127859579209325502e-01
5.132017526557484111e-01 4.931042005652125360e-01 4.579275091309682466e-01 4.088416641077492475e-01 3.535444849414466351e-01 3.004353350581368542e-01 2.546364413882838407e-01 2.177183750760741665e-01 1.891539826465304941e-01 1.675636852509342078e-01 1.514221123000606961e-01 1.393825424369424526e-01 1.303732896503061178e-01 1.235871513839811031e-01 1.184320334997028129e-01 1.144782670959830218e-01 1.114159730821847882e-01 1.090202464535832416e-01 1.071275783888995664e-01 1.056175155006349037e-01
5.555118476346710965e-01 5.411961112637072580e-01 5.302412856016326392e-01 5.220015636204857756e-01 5.158108618154689795e-01 5.110524254759817309e-01 5.072068172465605818e-01 5.038238413060597276e-01 5.004599204301962700e-01 4.965733261119567032e-01 4.913397361636452909e-01 4.833307247509947002e-01 4.701035601278999998e-01 4.483034410745312948e-01 4.154574577583298178e-01 3.724694010295206414e-01 3.236654757324140541e-01 2.753120596130611553e-01 2.333070976266753971e-01 2.002915306932118167e-01
2.953892442351206959e-01 2.738838749472051748e-01 2.540869705844670534e-01 2.361879084073007229e-01 2.204585520364344131e-01 2.069068264402449120e-01 1.953900063969195022e-01 1.856864349730312780e-01 1.775477060116827377e-01 1.707293647620826971e-01 1.650079543236643020e-01 1.601889166608452819e-01 1.561079202871769600e-01 1.526285479729995176e-01 1.496396841621026319e-01 1.470515200775116549e-01 1.447919841809198194e-01 1.428035892755724623e-01 1.410403246618807394e-01 1.394653765659313593e-01
