2.517436063940476920e-01 2.274037622864125419e-01 2.084851407293029923e-01 1.931759972019062854e-01 1.806904410902643587e-01 1.704992963369659220e-01 1.621808301021883392e-01 1.553736409182238376e-01 1.497699483789619868e-01 1.451142137032729873e-01 1.412001310613413829e-01 1.378646752796703345e-01 1.349811416066222514e-01 1.324521613528486241e-01 1.302034186252785664e-01 1.281783103776542310e-01 1.263340345039887236e-01 1.246380918235445306e-01 1.230656745610758662e-01 1.215975851483381137e-01
7.468570190691389277e-01 6.595922544565473444e-01 5.836511399885625506e-01 5.151569974551785114e-01 4.502832223655423016e-01 3.892758919923653416e-01 3.348874936124727197e-01 2.891299427298145153e-01 2.523600439494475545e-01 2.237290411645176391e-01 2.018495845533470889e-01 1.852694969100411870e-01 1.727072570717427813e-01 1.631278147851117077e-01 1.557385623408481523e-01 1.499506448768079259e-01 1.453341818135231722e-01 1.415790772065520231e-01 1.384621858736500011e-01 1.358229137118905916e-01
5.023570203130202083e-01 4.470228650141507276e-01 4.008474534749984497e-01 3.606504331529140628e-01 3.254575301334262094e-01 2.945781746879220231e-01 2.676640449464320892e-01 2.445908685401081972e-01 2.251784033328294854e-01 2.090604940056800809e-01 1.957433158904313963e-01 1.847136020660400391e-01 1.755123579129576616e-01 1.677614009752869673e-01 1.611629508435726277e-01 1.554856329783797231e-01 1.505518678575754055e-01 1.462241208180785068e-01 1.423962998576462358e-01 1.389847726747393541e-01
5.114741254585259966e-01 4.786753676906300714e-01 4.453089845469048735e-01 4.091667190727881209e-01 3.713932335677691543e-01 3.334933366200766858e-01 2.963453802632557421e-01 2.611463541729972526e-01 2.300363333029235846e-01 2.046885037887204717e-01 1.852087156307425098e-01 1.706417311853874741e-01 1.597969452751567543e-01 1.516509197359846572e-01 1.454315073738325637e-01 1.405863396320660152e-01 1.367280160264544853e-01 1.335863927746504531e-01 1.309719288006090110e-01 1.287509279667574391e-01
5.556479854491044312e-01 4.836455083692271506e-01 4.189784911187948158e-01 3.626816053918446303e-01 3.150192798947136774e-01 2.755715525825507828e-01 2.437443657739186142e-01 2.185664354814571275e-01 1.988172662052602457e-01 1.832860534864085011e-01 1.709404390631152626e-01 1.609780374144247628e-01 1.528096625520811436e-01 1.460127991386525603e-01 1.402848452859780104e-01 1.354072769282720357e-01 1.312182873832080099e-01 1.275959266003008075e-01 1.244460570681735628e-01 1.216941364176295781e-01
4.305443305801600062e-01 3.769057039206382131e-01 3.236989996980992323e-01 2.756035868314211101e-01 2.362415737422998152e-01 2.061214952330919781e-01 1.836888347915373865e-01 1.669283621049771626e-01 1.542027231352767480e-01 1.443752259183020137e-01 1.366833985098128423e-01 1.306015663216840150e-01 1.257510459082141208e-01 1.218495847267789811e-01 1.186825979054447061e-01 1.160855519083088400e-01 1.139323772616626235e-01 1.121264491962483539e-01 1.105940702632779021e-01 1.092785652472230140e-01
3.157789615460933619e-01 2.738220379452787068e-01 2.404108324318076362e-01 2.131958241292158940e-01 1.912307329033501313e-01 1.738033966522198048e-01 1.601451031197211605e-01 1.494925246124562401e-01 1.411735778899862459e-01 1.346407915105373720e-01 1.294676729044294816e-01 1.253301741839459305e-01 1.219842837424857801e-01 1.192473227852315215e-01 1.169817467329266891e-01 1.150835350799985918e-01 1.134736752226490342e-01 1.120916531947295930e-01 1.108908373916347029e-01 1.098347873595776070e-01
5.344506886472573104e-01 4.902527366601862058e-01 4.515705424360930698e-01 4.178337982669472761e-01 3.880272279307246386e-01 3.612275096774101302e-01 3.367789566889405339e-01 3.140335252135992294e-01 2.922941276431083590e-01 2.708451600372791535e-01 2.491852921620011374e-01 2.274184135347604718e-01 2.063604741171002344e-01 1.871144019998610131e-01 1.705013915151357695e-01 1.568028798792511225e-01 1.458489700593054161e-01 1.372350251721218273e-01 1.304991310532204740e-01 1.252196660311892529e-01
7.064715965211507687e-01 6.248577566217864421e-01 5.557204578407098916e-01 4.893223309803579335e-01 4.250987410091329188e-01 3.681240165091730909e-01 3.209748930947535217e-01 2.827968819300008541e-01 2.517290495876659540e-01 2.262643824685073857e-01 2.053899214656848826e-01 1.883639594068745315e-01 1.745554822761187230e-01 1.633930954727111362e-01 1.543682641688428614e-01 1.470474511638508452e-01 1.410729375052323931e-01 1.361589294720033649e-01 1.320801806258896371e-01 1.286617142429713478e-01
5.964286674490995033e-01 5.040945395849848465e-01 4.241113981445232550e-01 3.502338440425228350e-01 2.854885898962675195e-01 2.355807231250219014e-01 2.007093376666307383e-01 1.773427694151178124e-01 1.616808004444464930e-01 1.509239005763083619e-01 1.432678397721610930e-01 1.376024790247902252e-01 1.332510063800145805e-01 1.297965402300655935e-01 1.269774784334004036e-01 1.246250375927775156e-01 1.226268450852512626e-01 1.209058078084490201e-01 1.194069802784360895e-01 1.180900755943730535e-01
3.986990788171533295e-01 3.518827670416794784e-01 3.094055531127378189e-01 2.725971196871250779e-01 2.422029845882207044e-01 2.179114982439205039e-01 1.987895441427826870e-01 1.837315306626260414e-01 1.717395468056202024e-01 1.620242514368146758e-01 1.540040637785568822e-01 1.472643384104594666e-01 1.415131363552063759e-01 1.365443681133911014e-01 1.322087205015122779e-01 1.283963287575170531e-01 1.250232724822126218e-01 1.220234524342231480e-01 1.193439470650628220e-01 1.169411301554646315e-01
3.308509626239538037e-01 2.977249951660633220e-01 2.705442752689123376e-01 2.475963343679905004e-01 2.282338631153106590e-01 2.120293653756380181e-01 1.985689177364110825e-01 1.874082120880484481e-01 1.781211712956428661e-01 1.703361219912767344e-01 1.637428477779030722e-01 1.580858695134520486e-01 1.531558951176703043e-01 1.487822647392749720e-01 1.448273649439215660e-01 1.411820567771792378e-01 1.377617894858121916e-01 1.345037923287600301e-01 1.313642741926014379e-01 1.283159094396978672e-01
4.205898178621413352e-01 3.620811102534384207e-01 3.094806904624874955e-01 2.642959722412888124e-01 2.281254871675264528e-01 2.004224564674222941e-01 1.795460727841055038e-01 1.637654277805540848e-01 1.516885814260240384e-01 1.423129879188491098e-01 1.349417720934070475e-01 1.290872605300091847e-01 1.244002729821511305e-01 1.206234115746589453e-01 1.175621376331902890e-01 1.150663333286865292e-01 1.130193769533484327e-01 1.113293502252014344e-01 1.099239244070412264e-01 1.087456916853136585e-01
4.763989919777305015e-01 3.986816608858498312e-01 3.376256245013792290e-01 2.912189075490460022e-01 2.569700822653249173e-01 2.317620261106640156e-01 2.128452000394463473e-01 1.982429228071123373e-01 1.866438653296791095e-01 1.771905445307493110e-01 1.693124131229706009e-01 1.626205865206429846e-01 1.568434997448639456e-01 1.517875918556455817e-01 1.473128207098125253e-01 1.433166052130582235e-01 1.397228265320882290e-01 1.364742818698869153e-01 1.335271473065949843e-01 1.308470567408949181e-01
3.532033587853038448e-01 2.933474808046594440e-01 2.483796888166398265e-01 2.152897885198763184e-01 1.910277936254902997e-01 1.731036186486926420e-01 1.596881105114880406e-01 1.494862918262106211e-01 1.415955630255166520e-01 1.353873447928799489e-01 1.304225125758876058e-01 1.263900137801556300e-01 1.230672921773293682e-01 1.202923898256267471e-01 1.179455872236576386e-01 1.159371228289091948e-01 1.141986485602683454e-01 1.126776181010063771e-01 1.113330218190094478e-01 1.101324867026414744e-01
6.356731829838827563e-01 5.334791524871252966e-01 4.366666659770999104e-01 3.546191592904506251e-01 2.924793856553151161e-01 2.486196771165123109e-01 2.183557068563823089e-01 1.971745335456216719e-01 1.818148867832496685e-01 1.701906821876764397e-01 1.610268944920972001e-01 1.535475682420656129e-01 1.472732417285442241e-01 1.418992433417588517e-01 1.372262887284159683e-01 1.331190779944881886e-01 1.294822912849485919e-01 1.262461654609069173e-01 1.233572925999760622e-01 1.207732755970209876e-01
5.241343964561383517e-01 4.620405761053617000e-01 3.997611457344464880e-01 3.381767639849567741e-01 2.835994177917018355e-01 2.405152775580063351e-01 2.091176518425345299e-01 1.869951041741296782e-01 1.713695674482733078e-01 1.600715093873441297e-01 1.516314739850349591e-01 1.451045428728684750e-01 1.398901702498551447e-01 1.356025085184592305e-01 1.319904938861873323e-01 1.288857713161905838e-01 1.261733377391192346e-01 1.237722691515227846e-01 1.216243784857215376e-01 1.196862919306477119e-01
5.890119357015646262e-01 5.163190702342126404e-01 4.483651069093684827e-01 3.874919339808502450e-01 3.353871664959660603e-01 2.924820470545091422e-01 2.584579255501739947e-01 2.323860816459637213e-01 2.128989989863475651e-01 1.985108828221564259e-01 1.878782744330237675e-01 1.799163776298141337e-01 1.738117450313075019e-01 1.689837531898956413e-01 1.650316705535078698e-01 1.616846656380948877e-01 1.587616132611219533e-01 1.561422776190193040e-01 1.537467125969340653e-01 1.515216743429846358e-01
4.600462218356551336e-01 4.030373764078831189e-01 3.485681954924075288e-01 3.003668501403135016e-01 2.603472343403245848e-01 2.283447272545890971e-01 2.032662802992854234e-01 1.838117734086699706e-01 1.687596573797054689e-01 1.570685137365944728e-01 1.479040203208569493e-01 1.406259225658141043e-01 1.347577836684649699e-01 1.299514254368841770e-01 1.259547861450119044e-01 1.225850242609158175e-01 1.197090001736069165e-01 1.172286387061467344e-01 1.150703932164469784e-01 1.131784183307900093e-01
4.494601034217339253e-01 3.685525114847405526e-01 3.058912059569683928e-01 2.583029686407644632e-01 2.217260249594892318e-01 1.932989903624184047e-01 1.713756561647460375e-01 1.548035316311870691e-01 1.425036968895437850e-01 1.334558097545971711e-01 1.267878719130385301e-01 1.218200949870515554e-01 1.180547311567352181e-01 1.151404428738169311e-01 1.128334706294117501e-01 1.109651770212803923e-01 1.094189669728802966e-01 1.081135071339667797e-01 1.069915195283101667e-01 1.060121061795507580e-01
4.391665554546853034e-01 3.915593166759936405e-01 3.521807004121365048e-01 3.178655616554897367e-01 2.877625386230647786e-01 2.614878785687597129e-01 2.391724031467674649e-01 2.209702312921763279e-01 2.066133150330279056e-01 1.954299486475065406e-01 1.866279364051297296e-01 1.795151583943516149e-01 1.735710548143833964e-01 1.684315497800707717e-01 1.638498468697071053e-01 1.596603270433843147e-01 1.557536219805479016e-01 1.520598835684359162e-01 1.485375879146158817e-01 1.451665467955172151e-01
5.261360445320406587e-01 4.540420213661491289e-01 3.847883990544710420e-01 3.189558013992791485e-01 2.618963838735362537e-01 2.178282826289068830e-01 1.865847593132639315e-01 1.653477725759148476e-01 1.510082923754089146e-01 1.411737553829880143e-01 1.342464832465702917e-01 1.292152594333310922e-01 1.254471164019196339e-01 1.225424231542274339e-01 1.202438638939929694e-01 1.183819484207560835e-01 1.168418774075234978e-01 1.155442831708023699e-01 1.144330915049522474e-01 1.134674442033861003e-01
6.356471036660912288e-01 5.354083303819061612e-01 4.427736715004721435e-01 3.630569307011319302e-01 3.002235496156208661e-01 2.542598946504222024e-01 2.220206841704748524e-01 1.995745884132338610e-01 1.836839763919124457e-01 1.721140943444333937e-01 1.634275443805381645e-01 1.567136494722217444e-01 1.513869077595882129e-01 1.470620873710140608e-01 1.434778936475049615e-01 1.404530988202895847e-01 1.378581646841484931e-01 1.355985063244588562e-01 1.336043016309849951e-01 1.318225632526446034e-01
6.716758381099116049e-01 5.848983762852730806e-01 5.055426057473596524e-01 4.277188149587163868e-01 3.557564801396801979e-01 2.956023856217507295e-01 2.489526346747515939e-01 2.144484565160382772e-01 1.894714734857092242e-01 1.714015970710897896e-01 1.581511947512626581e-01 1.482221810612827650e-01 1.405904824938625231e-01 1.345697868801653263e-01 1.297007058793678835e-01 1.256741844397038232e-01 1.222788271657191256e-01 1.193683205498382444e-01 1.168389157694764424e-01 1.146157444152049731e-01
5.299189044154991590e-01 4.739120136061683031e-01 4.166395777463913208e-01 3.594819553289562708e-01 3.080613662768155181e-01 2.662847627233713710e-01 2.343915847782045703e-01 2.105956795345991783e-01 1.928424410615116324e-01 1.794591780006885573e-01 1.692180640064179786e-01 1.612447101809084404e-01 1.549205422680824951e-01 1.498076145118102387e-01 1.455943795060739010e-01 1.420578952925279637e-01 1.390377874486148357e-01 1.364169609081000156e-01 1.341097776452079282e-01 1.320526957989204553e-01
5.344847508445448314e-01 4.533671789561048993e-01 3.876975124331738520e-01 3.341666081140283739e-01 2.906387566152261459e-01 2.553582858217123275e-01 2.268547427062730937e-01 2.039430763223936127e-01 1.855704554003204942e-01 1.707725765855138966e-01 1.587303054213407560e-01 1.488096737628802624e-01 1.405491439625620731e-01 1.336192768637556594e-01 1.277795869376859572e-01 1.228461055248044470e-01 1.186704122058927224e-01 1.151284787900658524e-01 1.121158659176546696e-01 1.095442240474608364e-01
5.984159224850372771e-01 4.866673652803444883e-01 3.977554525898825966e-01 3.308293166106568428e-01 2.811205784602083257e-01 2.435808674647432781e-01 2.145462059943156474e-01 1.917606855877693195e-01 1.738365477286356597e-01 1.597926970392154478e-01 1.488364478134826530e-01 1.403003323437587713e-01 1.336320632518618323e-01 1.283901970495935629e-01 1.242313175408344267e-01 1.208936322938825442e-01 1.181799340878569582e-01 1.159426021315425742e-01 1.140712029886003648e-01 1.124829004703667562e-01
2.830106484909742925e-01 2.361160561089559462e-01 1.997787292320572228e-01 1.731905220456878558e-01 1.545416128149372514e-01 1.416102948364277858e-01 1.325628941447939690e-01 1.260995324823306896e-01 1.213571187225170461e-01 1.177757415518863177e-01 1.149926701403455875e-01 1.127705884980969159e-01 1.109517157514346708e-01 1.094292832197970716e-01 1.081296003816532847e-01 1.070003095138235966e-01 1.060040996022871690e-01 1.051134110095154062e-01 1.043075935005617766e-01 1.035709071334713349e-01
4.880587584682837266e-01 4.217464206723127718e-01 3.617763903201557940e-01 3.079519044980406628e-01 2.611330541083589085e-01 2.231923624034971021e-01 1.945721270702779337e-01 1.738492353865876694e-01 1.590182654676027540e-01 1.483378397917840541e-01 1.405296190147055369e-01 1.347122225050406963e-01 1.302892420768421156e-01 1.268575226143139056e-01 1.241423265252160485e-01 1.219537064290489026e-01 1.201587962321355035e-01 1.186630455346312368e-01 1.173982174950651824e-01 1.163140850851777930e-01
3.801305919809238043e-01 3.249335032752105890e-01 2.806520142745284607e-01 2.469280193030135573e-01 2.221434302965644703e-01 2.043566508358344302e-01 1.917075677646789822e-01 1.826532267194124759e-01 1.760520888675091433e-01 1.711112062683241564e-01 1.672950551726295754e-01 1.642459116284862852e-01 1.617251284106987486e-01 1.595728815342590812e-01 1.576813055803268082e-01 1.559767602382771678e-01 1.544086743319553479e-01 1.529416575128955125e-01 1.515506678609085667e-01 1.502178521358382701e-01
4.106634432401915502e-01 3.418674160632872439e-01 2.884709752874914379e-01 2.468235553510021441e-01 2.140585374631518711e-01 1.883195778515482643e-01 1.682502123601989363e-01 1.527286434143525218e-01 1.408069324797543154e-01 1.316932903052656922e-01 1.247401080038980647e-01 1.194285866126301721e-01 1.153528513765195440e-01 1.122010195811162653e-01 1.097382996819214890e-01 1.077899040235206496e-01 1.062266279791947432e-01 1.049536451062886011e-01 1.039013771266763808e-01 1.030184973113500713e-01
4.367289433379483166e-01 3.695495993092061671e-01 3.183800577307738244e-01 2.796256296914361728e-01 2.506130934048996783e-01 2.290291703173988891e-01 2.128704992923303452e-01 2.005365850210910073e-01 1.908279552229214526e-01 1.828870097377512105e-01 1.761279114731587603e-01 1.701708807123941403e-01 1.647837531560799040e-01 1.598341751711996050e-01 1.552483764721182546e-01 1.509827990186750069e-01 1.470064238406484924e-01 1.432930096198106185e-01 1.398188280366594038e-01 1.365631794562796042e-01
6.480848100496950925e-01 5.384054819889715349e-01 4.312409398271120353e-01 3.368909535886086548e-01 2.617867871221369325e-01 2.078832619602326293e-01 1.724138631112873687e-01 1.499729123059660163e-01 1.357161493506282568e-01 1.263859280757606007e-01 1.200205472484230929e-01 1.154779193084686933e-01 1.120922694914043005e-01 1.094673804659396371e-01 1.073628912959247866e-01 1.056283339625224416e-01 1.041671142773702707e-01 1.029153303825296462e-01 1.018291508546099039e-01 1.008770959684625323e-01
5.145472178686122389e-01 4.649382035015332537e-01 4.156927292882073854e-01 3.666122714843549901e-01 3.211044098786078327e-01 2.828984322398900852e-01 2.529633671557530716e-01 2.302242757938802176e-01 2.129709350131452072e-01 1.996629632450640235e-01 1.891416783910244703e-01 1.805931886844336920e-01 1.734587528742849716e-01 1.673562125768512376e-01 1.620239976886659883e-01 1.572818595450371504e-01 1.530049023730680469e-01 1.491059523960575339e-01 1.455235891230404477e-01 1.422137658996507625e-01
4.300663967209402694e-01 3.569227646058425463e-01 3.019712064508348615e-01 2.625860304199159057e-01 2.344959526322782095e-01 2.137955046538263515e-01 1.977627940755337377e-01 1.847040824266150683e-01 1.736372619355097402e-01 1.640303762000985544e-01 1.556134607223793875e-01 1.482491531420964681e-01 1.418499709680327292e-01 1.363355093148129471e-01 1.316171995689910668e-01 1.275986214026488541e-01 1.241818671065266222e-01 1.212732542117009871e-01 1.187882150101864931e-01 1.166529511441331129e-01
5.723082560788316231e-01 4.741749699669480789e-01 3.906722860875015413e-01 3.239997977716848054e-01 2.739056354545755245e-01 2.374900554574560507e-01 2.112185543973464641e-01 1.920990153716411464e-01 1.779497918870765749e-01 1.672693718643858962e-01 1.590409422188531485e-01 1.525725252402480581e-01 1.473881341435480941e-01 1.431555260554887299e-01 1.396396940946579013e-01 1.366718254412989941e-01 1.341291826870292525e-01 1.319215145660564414e-01 1.299812539666891087e-01 1.282575973792700053e-01
3.818158971808909841e-01 3.265719168413488416e-01 2.830868160095997288e-01 2.484725340531440396e-01 2.209777835329441720e-01 1.993444088325486419e-01 1.825406786403800663e-01 1.695842689767596279e-01 1.595776977762579929e-01 1.517739195749163716e-01 1.455915502971038278e-01 1.405978920776397023e-01 1.364767135120928399e-01 1.330008116830140308e-01 1.300077138002961874e-01 1.273822882492095243e-01 1.250432556215673729e-01 1.229330893792212054e-01 1.210113230068236567e-01 1.192492881603539057e-01
5.491845456125156177e-01 4.666077810014553351e-01 3.974970263922296132e-01 3.383352922150698050e-01 2.877764627212525128e-01 2.458841027420635428e-01 2.128954530323972083e-01 1.880873199074994673e-01 1.698966119892429683e-01 1.565985717892180995e-01 1.467420850123744569e-01 1.392579467571340435e-01 1.334089420933741998e-01 1.287004068540409107e-01 1.248039302951656215e-01 1.215012092702090762e-01 1.186455022153677374e-01 1.161371336766751500e-01 1.139071499952115096e-01 1.119065478225820670e-01
7.318329934356734290e-01 6.391604098444804150e-01 5.567448156546561666e-01 4.811960128830470307e-01 4.132775820593815319e-01 3.540802316941335515e-01 3.032606642658356444e-01 2.600695379505487126e-01 2.244580061547458150e-01 1.962989882100373562e-01 1.748142944462597326e-01 1.587580229435116008e-01 1.468088578619062834e-01 1.378339058812707574e-01 1.309715487621724572e-01 1.256078602094203300e-01 1.213186096400022534e-01 1.178137804195284882e-01 1.148940284736454515e-01 1.124208608269691434e-01
4.152416588841735812e-01 3.528790151001703901e-01 2.957374372505137128e-01 2.460810679346377705e-01 2.065441786612882413e-01 1.772286088725286424e-01 1.563754307013004996e-01 1.417799841066489375e-01 1.315537445737402222e-01 1.243036624106957783e-01 1.190703637152864813e-01 1.152115214037075924e-01 1.123001486515022435e-01 1.100519500155496683e-01 1.082754044390458192e-01 1.068402166835221573e-01 1.056564189828486655e-01 1.046608934990001655e-01 1.038087596865722162e-01 1.030676264422481780e-01
5.674228394501642514e-01 5.010562829780247363e-01 4.369169761552325060e-01 3.761800941092741102e-01 3.220233373412338396e-01 2.759917637386388178e-01 2.387168481495245964e-01 2.098871163719013555e-01 1.883581462173242460e-01 1.725851427630732404e-01 1.610521616686855784e-01 1.525141637923661531e-01 1.460498585551977258e-01 1.410171751159941811e-01 1.369823081430513456e-01 1.336556148785166542e-01 1.308440022886497855e-01 1.284177575021749340e-01 1.262886382920259953e-01 1.243952751139113383e-01
4.747316874542227283e-01 4.097601288267651576e-01 3.537379295303253457e-01 3.080391119782507348e-01 2.715582979458849855e-01 2.423456381133291815e-01 2.184739550102676731e-01 1.985819863098731708e-01 1.820279659063089583e-01 1.685192963473309546e-01 1.577555074203718377e-01 1.493337436565525533e-01 1.428074097860007885e-01 1.377570152571570283e-01 1.338292071857722365e-01 1.307442022536997595e-01 1.282890173325722527e-01 1.263047898260993007e-01 1.246738304453901963e-01 1.233096276843571037e-01
4.628994553075426732e-01 3.977348216994141539e-01 3.466439594162238902e-01 3.066201156824172602e-01 2.748477458959678321e-01 2.489503874212823653e-01 2.272290169727617104e-01 2.086586505809179815e-01 1.926854956390366136e-01 1.790094474425413251e-01 1.674353417428392221e-01 1.577888533352512501e-01 1.498753175038291252e-01 1.434720135424868148e-01 1.383416606392711412e-01 1.342525951396965067e-01 1.309947142239616391e-01 1.283882041171091337e-01 1.262859242901146206e-01 1.245706877785369149e-01
4.755641732756075712e-01 4.000085056910757109e-01 3.394577987119555273e-01 2.928327810764312922e-01 2.574997626617550606e-01 2.309062695503234786e-01 2.108547845855355263e-01 1.955840727686881941e-01 1.837868464365601529e-01 1.745301330089569225e-01 1.671535930410027460e-01 1.611853916198015269e-01 1.562833342328667774e-01 1.521956496313214280e-01 1.487347960844636052e-01 1.457598320022225336e-01 1.431640478223562274e-01 1.408665559813380153e-01 1.388060010969638935e-01 1.369354712963104237e-01
4.545443513216650966e-01 3.770975745096802889e-01 3.174244460742920437e-01 2.729505146853625774e-01 2.398530422756448288e-01 2.148680193722248000e-01 1.957543587731197521e-01 1.810314844036474691e-01 1.696644263551570497e-01 1.608744712150655676e-01 1.540506130602443680e-01 1.487152383045758919e-01 1.445000872381206058e-01 1.411260749556822736e-01 1.383840076057686053e-01 1.361179334266216789e-01 1.342121186440635994e-01 1.325801033880270596e-01 1.311572753865039020e-01 1.298949221661314379e-01
4.700675066409166769e-01 4.413731161892428534e-01 3.991921802750624804e-01 3.446275041753642521e-01 2.880541963130387462e-01 2.392960187296102881e-01 2.025940986701721125e-01 1.771606481647177156e-01 1.601419823533524189e-01 1.487526475030608586e-01 1.409625374669849496e-01 1.354557337245205495e-01 1.314160391199402644e-01 1.283410239010117915e-01 1.259183341742027562e-01 1.239499518566299224e-01 1.223076585266971994e-01 1.209060279431287133e-01 1.196868663473287658e-01 1.186095355490397185e-01
4.081784766726195834e-01 3.546212583121814421e-01 3.086507397599052571e-01 2.701771158855990618e-01 2.388878251002461151e-01 2.136157151983934521e-01 1.931572601998413907e-01 1.766049688847851906e-01 1.632562676453380712e-01 1.525191382672346774e-01 1.438872343339608062e-01 1.369365858586388540e-01 1.313198286097031209e-01 1.267571870482060992e-01 1.230260792514309282e-01 1.199507933168206392e-01 1.173937827558256680e-01 1.152474076289217858e-01 1.134278201940469438e-01 1.118695060873869801e-01
5.674806849168089196e-01 4.941742965206503690e-01 4.246658187042339772e-01 3.623131978948367915e-01 3.092619790982644168e-01 2.660968327199225159e-01 2.322564824140863626e-01 2.063750948647430083e-01 1.867930555022030703e-01 1.719721591562847485e-01 1.606652785779442705e-01 1.519304744598048151e-01 1.450790617320671938e-01 1.396153400914772746e-01 1.351833573014141754e-01 1.315261876579870703e-01 1.284573625760458415e-01 1.258404616474945170e-01 1.235749077158834613e-01 1.215858198505884447e-01
4.772650837267681800e-01 3.857577108269856780e-01 3.105571282004530032e-01 2.535549005850111781e-01 2.124151957928552270e-01 1.833633950742660224e-01 1.629672452260274573e-01 1.485907444206532035e-01 1.383453946467488871e-01 1.309254140895791396e-01 1.254438370733987618e-01 1.213037968322168980e-01 1.181027891067787938e-01 1.155676448019221370e-01 1.135113500652369101e-01 1.118042815162334641e-01 1.103557017724961092e-01 1.091010333143640348e-01 1.079939899558667038e-01 1.070010166196152523e-01
4.619882639823481574e-01 3.730837948288717731e-01 3.046157232203404175e-01 2.541840287565591550e-01 2.177232150641202624e-01 1.913315057086583670e-01 1.720141231914749380e-01 1.576506444136612228e-01 1.467919618776068191e-01 1.384537662891671128e-01 1.319597106194123626e-01 1.268362226709723595e-01 1.227445717528462404e-01 1.194385134894400818e-01 1.167365696467459191e-01 1.145031446032226119e-01 1.126362079801037919e-01 1.110585827846080065e-01 1.097108786599710617e-01 1.085476110386662252e-01
