4.455524176020844718e-01 3.529904234679850372e-01 2.848314338114869559e-01 2.371947232191450872e-01 2.054227607371285624e-01 1.843673066515475467e-01 1.700742608308792037e-01 1.599746225588023762e-01 1.525039076805114746e-01 1.467226684838533468e-01 1.420600808411836558e-01 1.381629913486540351e-01 1.348077326640486628e-01 1.318496390432119247e-01 1.291931922733783600e-01 1.267746662534773305e-01 1.245500032417476144e-01 1.224885094631463223e-01 1.205683492776006421e-01 1.187732644192874415e-01
3.396663321112282641e-01 2.711406227969564431e-01 2.231714627821929642e-01 1.900963916536420606e-01 1.673245676280930572e-01 1.513850357104092881e-01 1.399570031627081212e-01 1.315505482256412451e-01 1.252109974948689419e-01 1.203164593945257321e-01 1.164534842199645981e-01 1.133409210073295925e-01 1.107838307648489756e-01 1.086446704968329902e-01 1.068251695781600591e-01 1.052536543017322385e-01 1.038778294249004808e-01 1.026587637415377618e-01 1.015674493444384957e-01 1.005820703503559344e-01
3.241115155443549112e-01 2.704321340844035304e-01 2.341450170613825210e-01 2.086746306531131190e-01 1.901157849561423141e-01 1.760180155280977599e-01 1.648729745717719131e-01 1.557453258568420873e-01 1.480624028411693938e-01 1.414843296107756165e-01 1.358120402322674503e-01 1.309208290989045120e-01 1.267164799629244831e-01 1.231125711841741521e-01 1.200244758759799885e-01 1.173712678406309412e-01 1.150798174578085281e-01 1.130872702860506313e-01 1.113414842775091590e-01 1.098000091221183472e-01
5.686071892461177502e-01 4.580983040428327491e-01 3.597985097528726417e-01 2.808271270256227359e-01 2.247704631966189470e-01 1.881542529834405175e-01 1.648553125187754709e-01 1.498246997757814725e-01 1.397907774802297221e-01 1.327966089732944832e-01 1.276918243477120907e-01 1.237948245694860810e-01 1.206964790634810908e-01 1.181458892067894367e-01 1.159864181955344992e-01 1.141180477326270148e-01 1.124753084511030399e-01 1.110134373401524543e-01 1.097013522463385071e-01 1.085159275025944225e-01
3.612007339671254313e-01 2.970746262371540269e-01 2.559033809974789464e-01 2.271793145686387960e-01 2.062181922048330340e-01 1.905914563871920209e-01 1.787442466802895147e-01 1.695946284197270837e-01 1.623819602467119760e-01 1.565720856375992232e-01 1.517884328961372487e-01 1.477640449814498491e-01 1.443079501623287797e-01 1.412814035871997609e-01 1.385829362319782321e-01 1.361371091403998368e-01 1.338878417608793947e-01 1.317933377029839870e-01 1.298230237903771900e-01 1.279544152327434792e-01
4.130079856744566791e-01 3.441422907143714682e-01 2.924734238974633360e-01 2.508286387554835573e-01 2.171313646331691494e-01 1.911172390999217874e-01 1.719654013321269270e-01 1.581989116780459781e-01 1.483094904816243675e-01 1.410904786945320621e-01 1.356799565791152462e-01 1.314946712274104312e-01 1.281484516756609127e-01 1.253886615484952893e-01 1.230489917797967792e-01 1.210193261108361146e-01 1.192254663561470862e-01 1.176166125491727166e-01 1.161574698437470993e-01 1.148224860383197654e-01
4.036584922568727252e-01 3.293095044005894811e-01 2.749828731431625539e-01 2.354922353546134994e-01 2.069446870731189714e-01 1.862469815043732435e-01 1.710604298720136418e-01 1.597142443596385464e-01 1.510598772764205899e-01 1.443192138581071149e-01 1.389607404026901305e-01 1.346174383585457823e-01 1.310316820355779954e-01 1.280197701145880385e-01 1.254483296885519072e-01 1.232198298019648031e-01 1.212614492033026181e-01 1.195187508026720052e-01 1.179503151775134068e-01 1.165243259926000974e-01
3.889297759218607320e-01 2.984114277855042241e-01 2.380035962315741882e-01 1.992300956381950483e-01 1.742461099864158203e-01 1.576044643959176039e-01 1.460381147342795227e-01 1.376477066092775259e-01 1.313172256758844136e-01 1.263739485398400475e-01 1.224001542397309128e-01 1.191276395304885216e-01 1.163789578735486413e-01 1.140324393946502840e-01 1.120023890172888031e-01 1.102265611861378142e-01 1.086583013039489759e-01 1.072622267811675495e-01 1.060106672617257551e-01 1.048817426015739296e-01
4.804291187331546364e-01 3.720977338170632920e-01 2.979979940876364974e-01 2.485370417870581272e-01 2.157189674489200237e-01 1.934338798560202022e-01 1.777974464744329353e-01 1.664893142320215680e-01 1.580967314634472154e-01 1.517209511529654387e-01 1.467692363355308782e-01 1.428407365828752440e-01 1.396592369023710589e-01 1.370322888949885853e-01 1.348237086646258964e-01 1.329358529066667072e-01 1.312975000962615102e-01 1.298558414308354225e-01 1.285710500739514761e-01 1.274128138436935731e-01
3.001626385946292164e-01 2.450376188475638650e-01 2.071655548736452968e-01 1.817351428605616104e-01 1.645305662136525016e-01 1.524643311346881025e-01 1.436349281994625804e-01 1.369136334685026601e-01 1.316184214967870414e-01 1.273235900707004598e-01 1.237556373540428523e-01 1.207331526966299862e-01 1.181324252928607210e-01 1.158660564152523831e-01 1.138700560829602193e-01 1.120962481579044767e-01 1.105071714457881160e-01 1.090731894128111890e-01 1.077702116567502283e-01 1.065785789505753201e-01
6.023928143168449933e-01 5.079876180988867063e-01 4.246537831380555739e-01 3.516167424401646646e-01 2.921590820129494892e-01 2.470943951705652231e-01 2.143696471731527664e-01 1.909258310031145822e-01 1.739812589669600118e-01 1.614642525627277836e-01 1.519664257066324353e-01 1.445629378291778400e-01 1.386487687809858371e-01 1.338223257998470139e-01 1.298103879170957875e-01 1.264221581100719027e-01 1.235204257305304032e-01 1.210044089083567032e-01 1.187986321216249058e-01 1.168458144952091993e-01
6.985733693226029439e-01 5.812623999094966853e-01 4.759669387550456987e-01 3.890437116630164338e-01 3.220847332728771772e-01 2.706634339838637771e-01 2.307262192235793874e-01 1.997862210235325509e-01 1.761146966803062153e-01 1.582552378199943710e-01 1.449134515106561549e-01 1.349775814183521994e-01 1.275479372520930965e-01 1.219360241526737804e-01 1.176356955338269533e-01 1.142840552562847667e-01 1.116237319144420259e-01 1.094724566373042746e-01 1.077009167196229106e-01 1.062166361371055245e-01
5.264138746267972291e-01 4.192095383990349089e-01 3.326574049858027071e-01 2.668960535526275768e-01 2.203967032860964514e-01 1.887775883451104086e-01 1.674493364058435019e-01 1.529080750793218590e-01 1.427813242375850777e-01 1.355350024439394563e-01 1.301911982521414823e-01 1.261253888532519463e-01 1.229345368035137664e-01 1.203550607524812160e-01 1.182119424641132344e-01 1.163871366810053654e-01 1.147999594174325400e-01 1.133943031076341812e-01 1.121304635796695898e-01 1.109801477752625914e-01
2.362375657935626705e-01 2.063678145007543097e-01 1.863911615459801496e-01 1.715669300127774521e-01 1.602306784770917147e-01 1.514353179989848253e-01 1.445422716171015087e-01 1.390790389257017534e-01 1.346852884034160647e-01 1.310882450081408135e-01 1.280862476740730893e-01 1.255329276988050025e-01 1.233239686381421008e-01 1.213840017559414258e-01 1.196589584289176889e-01 1.181087316289858857e-01 1.167030769659686551e-01 1.154186338241925125e-01 1.142370298202149553e-01 1.131431217314093352e-01
5.229742650655679892e-01 4.224526402051560492e-01 3.454019833530764805e-01 2.852089384058490440e-01 2.374992041818040911e-01 2.004126641910988771e-01 1.726386204827576876e-01 1.524558665719342732e-01 1.379697561438661124e-01 1.275330609362572420e-01 1.199089530937089837e-01 1.142345811068662398e-01 1.099247320367703618e-01 1.065840279299300197e-01 1.039431702165165977e-01 1.018162455764831942e-01 1.000729256810154733e-01 9.862044408509973437e-02 9.739188868436031432e-02 9.633816946705336948e-02
4.302608664962462859e-01 3.530056204576976775e-01 2.927574310963973470e-01 2.465622668433934406e-01 2.121190334454877424e-01 1.868896674243023803e-01 1.685524736662045997e-01 1.551951303321402464e-01 1.453611756338796246e-01 1.380010468374530397e-01 1.323827291576890330e-01 1.280032911465968926e-01 1.245169356861151738e-01 1.216844278993085005e-01 1.193377422494813767e-01 1.173573037865571628e-01 1.156568247335963001e-01 1.141728256852366091e-01 1.128584559151204342e-01 1.116781560189701872e-01
4.982968155092595275e-01 4.002815974683562872e-01 3.281982163866783431e-01 2.771826074070878332e-01 2.414463888218324472e-01 2.160101564766210847e-01 1.973400580789166359e-01 1.831260640180607802e-01 1.718998278419871795e-01 1.627291696073371041e-01 1.550180907748290315e-01 1.483828317996812862e-01 1.425749353697756405e-01 1.374318506615236357e-01 1.328454200271517172e-01 1.287401977530680530e-01 1.250603785947896618e-01 1.217609959689434640e-01 1.188034789531957347e-01 1.161530685238540139e-01
2.773437289751018442e-01 2.284397524333326157e-01 1.972873090952634856e-01 1.765125881100539085e-01 1.622816358832642469e-01 1.522286393612739541e-01 1.448752294760197457e-01 1.392846542379265751e-01 1.348578748561908569e-01 1.312107318974176373e-01 1.280970931696356341e-01 1.253593186344369448e-01 1.228964812558842878e-01 1.206441267108311899e-01 1.185607372160302486e-01 1.166195480129681578e-01 1.148026356124319108e-01 1.130977161601185860e-01 1.114959751500282370e-01 1.099904637661529710e-01
3.570275442869251248e-01 3.065988166668103254e-01 2.648495783411635718e-01 2.294313614764541820e-01 1.998469430257182600e-01 1.758441115702225888e-01 1.572478947341733047e-01 1.435447631314011041e-01 1.337672604347247274e-01 1.268491328429718068e-01 1.219001368882527414e-01 1.182748260233074666e-01 1.155369591849739613e-01 1.133995409586350395e-01 1.116755783755797871e-01 1.102423519687727033e-01 1.090183577753486982e-01 1.079487233321560768e-01 1.069958741701793753e-01 1.061335983335635613e-01
5.244588714940254803e-01 4.275177929026540147e-01 3.526481169083854339e-01 2.927950511941594391e-01 2.465412926478893485e-01 2.119867598487917282e-01 1.865451909809053288e-01 1.677460324596450059e-01 1.536618323797301899e-01 1.429311528212565408e-01 1.346284714235298496e-01 1.281221860831738002e-01 1.229702516060206113e-01 1.188535073163802802e-01 1.155358070881629812e-01 1.128393088888333257e-01 1.106277667377321416e-01 1.087969087809688012e-01 1.072658354446866663e-01 1.059721802540298102e-01
5.154585980450064886e-01 4.269507562348735519e-01 3.543055271455523569e-01 2.945913806653697731e-01 2.474163365167896811e-01 2.121151963514876226e-01 1.865320288967632356e-01 1.681507621590571933e-01 1.548616672282605577e-01 1.451002798613262590e-01 1.377640126402548126e-01 1.320946656633168459e-01 1.275788792961975449e-01 1.238715616351692000e-01 1.207414721843088068e-01 1.180332863371586494e-01 1.156427624792559089e-01 1.134998496217303893e-01 1.115572240529581899e-01 1.097827671754930678e-01
5.558914410584838706e-01 4.340993002211325780e-01 3.442666027159430042e-01 2.808228384798985844e-01 2.354214825767849129e-01 2.022717958291923301e-01 1.778746786316878492e-01 1.599176920236732302e-01 1.467305612605196152e-01 1.370488269623456323e-01 1.299092526976164674e-01 1.245916668881545813e-01 1.205707028775941519e-01 1.174715432489756434e-01 1.150302181922597811e-01 1.130620538629591443e-01 1.114380654727574471e-01 1.100677255855407599e-01 1.088869839825201830e-01 1.078504796675406330e-01
4.370266719767852415e-01 3.405325330863706590e-01 2.675545792316552096e-01 2.163666942798590787e-01 1.822686059441184503e-01 1.598075857135700106e-01 1.448101799224968955e-01 1.345380834001116410e-01 1.272867978631984365e-01 1.220041938719805263e-01 1.180366433848394070e-01 1.149710219528060351e-01 1.125408127647824635e-01 1.105701006037998063e-01 1.089402044835151157e-01 1.075691345758968964e-01 1.063988384930417003e-01 1.053875000326661426e-01 1.045042171870591147e-01 1.037257965968456097e-01
3.672121748914353168e-01 2.808645775227341934e-01 2.255765558647544744e-01 1.907547611421477884e-01 1.684850930888387721e-01 1.537396211130726553e-01 1.435282726088189520e-01 1.361113946264959074e-01 1.304771029402036209e-01 1.260269509989302705e-01 1.223968197363137778e-01 1.193575385971416825e-01 1.167601028291437582e-01 1.145040482210424732e-01 1.125201065099099701e-01 1.107585238767205688e-01 1.091830303786264222e-01 1.077663608381771998e-01 1.064871997629984468e-01 1.053284965227794662e-01
6.185383793869914104e-01 4.949391724565066486e-01 3.927058529388159358e-01 3.144028005003929316e-01 2.571724812872707711e-01 2.169734703190624725e-01 1.894318561069667228e-01 1.705865771975368372e-01 1.574500571191310982e-01 1.480049894750118389e-01 1.409601924847811438e-01 1.355051703937351637e-01 1.311307405808474769e-01 1.275139473576564209e-01 1.244469341966032566e-01 1.217932668219509629e-01 1.194615035888273308e-01 1.173891297343652718e-01 1.155318700135103405e-01 1.138577288512897245e-01
5.521539415658480721e-01 4.566295994725078078e-01 3.719480494502931944e-01 3.030620896560139998e-01 2.512017435869347559e-01 2.130519992136396534e-01 1.852974820701638325e-01 1.655153111287948897e-01 1.516439811151212846e-01 1.419092608452774684e-01 1.349527051696350066e-01 1.298360795365442744e-01 1.259447719861054860e-01 1.228831694339169167e-01 1.203956553211901342e-01 1.183150844497140447e-01 1.165301197889493795e-01 1.149653942388249583e-01 1.135686709621222673e-01 1.123035363544477166e-01
2.936784941330551901e-01 2.455439737066626438e-01 2.103969233483076184e-01 1.841105088591575567e-01 1.647021299041807607e-01 1.505226103588938602e-01 1.401584407268091914e-01 1.324842543713748433e-01 1.266803496121428896e-01 1.221833367872750403e-01 1.186153796971484570e-01 1.157226486124429271e-01 1.133325338618669798e-01 1.113247668572876076e-01 1.096137226762948502e-01 1.081371761520858871e-01 1.068490010825917103e-01 1.057139144116081286e-01 1.047049150208476942e-01 1.038008972548414011e-01
9.580927004765544819e-01 7.703115596180577507e-01 6.023853236113790866e-01 4.639305599629551802e-01 3.561652575460538817e-01 2.780272608476297980e-01 2.248164016705413715e-01 1.897924242042063336e-01 1.668090111509081819e-01 1.514287082290684261e-01 1.407972513043932727e-01 1.331635310189085430e-01 1.274664169189873020e-01 1.230575983696689940e-01 1.195346331522500749e-01 1.166422327283362370e-01 1.142145535085000996e-01 1.121402287671662695e-01 1.103426002055493821e-01 1.087670653874192733e-01
6.626173966412898242e-01 5.193625342201793060e-01 4.092121656775634664e-01 3.304652644919769955e-01 2.745299730787519321e-01 2.337987048784270772e-01 2.034052494049137794e-01 1.803486212483494389e-01 1.627016855069723655e-01 1.491418419568526499e-01 1.386980966984628916e-01 1.306258560906280730e-01 1.243493285406293558e-01 1.194260518319060771e-01 1.155197209329344304e-01 1.123779317058506422e-01 1.098122416289697839e-01 1.076824521797243445e-01 1.058850027012522288e-01 1.043429937624023307e-01
7.445512037677690653e-01 5.823639103213917867e-01 4.409013847246388007e-01 3.401445049516496622e-01 2.744685436008149071e-01 2.320778151112608545e-01 2.038312656242487753e-01 1.840933745861639270e-01 1.696468120831923498e-01 1.586601903847986161e-01 1.500521606739494140e-01 1.431465902130003021e-01 1.374962455785134763e-01 1.327914632696774733e-01 1.288111633698781622e-01 1.253944171644980066e-01 1.224219622570672100e-01 1.198046175576746447e-01 1.174751489504706065e-01 1.153818013239651941e-01
3.204686637048144160e-01 2.530391353822733502e-01 2.123233418955351171e-01 1.868835059155048717e-01 1.697058777381607875e-01 1.572572443671546583e-01 1.477949454355030057e-01 1.403840316989226344e-01 1.344629892561352014e-01 1.296603331732330833e-01 1.257139439490856658e-01 1.224316211853874875e-01 1.196692974035977325e-01 1.173175913156592337e-01 1.152927884657401619e-01 1.135300604942312969e-01 1.119791639255709043e-01 1.106008469412336076e-01 1.093639928582706422e-01 1.082440838649199599e-01
7.649649531301111471e-01 6.266929786462793750e-01 4.889218974049435729e-01 3.714783553470477062e-01 2.893938901276851272e-01 2.382654023436771296e-01 2.067908504058141306e-01 1.865289189992472563e-01 1.726906374667305510e-01 1.627022752049379073e-01 1.551463285763748090e-01 1.492004663078114468e-01 1.443619932094588887e-01 1.403079811902716856e-01 1.368227594904601607e-01 1.337586187245324298e-01 1.310127385682426371e-01 1.285125922830775425e-01 1.262070460990071252e-01 1.240603892318904444e-01
2.389212283966480888e-01 2.060973717906745273e-01 1.847732393362093717e-01 1.698933364842377947e-01 1.589558577194111477e-01 1.504974920046515674e-01 1.436786293971817896e-01 1.380086895177373707e-01 1.331895740181789634e-01 1.290310448241871188e-01 1.254046634717815301e-01 1.222190741891972660e-01 1.194056157988961780e-01 1.169108537491410915e-01 1.146917739813216042e-01 1.127127450052648749e-01 1.109438533801585386e-01 1.093593886541202598e-01 1.079373793140985111e-01 1.066582593030761944e-01
4.723088823589205454e-01 3.908481414909556473e-01 3.331642538482265103e-01 2.896881798037793665e-01 2.557703113103343417e-01 2.293122143903019716e-01 2.088226606226817328e-01 1.928682129714070492e-01 1.802020722326415081e-01 1.698847802449745259e-01 1.612753969075856608e-01 1.539559533877764008e-01 1.476524373888969399e-01 1.421760505624115600e-01 1.373877057572826799e-01 1.331793834979180247e-01 1.294646257377462528e-01 1.261733446076323262e-01 1.232480110881442603e-01 1.206411850350923437e-01
2.506952320877462448e-01 2.177934702485799789e-01 1.950612067617475964e-01 1.788473876938223850e-01 1.670488094817846880e-01 1.581327309366315492e-01 1.510601232387125403e-01 1.451610732171684515e-01 1.400247908802703112e-01 1.354152551619335898e-01 1.312102355575189006e-01 1.273563013784587417e-01 1.238354113185778232e-01 1.206418185075744942e-01 1.177687706425785963e-01 1.152024275180883739e-01 1.129216130640997989e-01 1.108998658363907486e-01 1.091087695490205040e-01 1.075197153145563828e-01
6.839524372423148035e-01 5.619806359551102748e-01 4.574419794259096950e-01 3.723684730021159517e-01 3.068872118666320370e-01 2.589893959601162754e-01 2.247852210326209410e-01 2.002905512694997114e-01 1.824726333701983116e-01 1.692532664671307363e-01 1.592367328010732275e-01 1.514797563146567105e-01 1.453371382626937602e-01 1.403624169915565212e-01 1.362434569600736722e-01 1.327601178143231753e-01 1.297562064194789921e-01 1.271200721630444674e-01 1.247718099209635112e-01 1.226535999294083024e-01
4.948262774483009885e-01 4.052200234355404773e-01 3.313369325734674686e-01 2.738559091091156139e-01 2.327683336287736937e-01 2.043485175073146698e-01 1.846045547723770275e-01 1.705795260332524654e-01 1.603042043093591829e-01 1.525089521519839841e-01 1.463831956963986269e-01 1.414089781325310602e-01 1.372526922868564647e-01 1.336968020675703972e-01 1.305967448058072411e-01 1.278545833882526461e-01 1.254021316007492837e-01 1.231906591837469006e-01 1.211842154263285953e-01 1.193553949210763715e-01
6.997915610261407071e-01 5.866145058679831381e-01 4.855804188191586990e-01 4.008182247768854456e-01 3.344407505914568923e-01 2.840615240694569499e-01 2.459927734330892568e-01 2.170643898355774648e-01 1.950001311275991744e-01 1.781605232151923790e-01 1.652834775066003292e-01 1.553709850739687648e-01 1.476470226747915171e-01 1.415280528005678218e-01 1.365882306965068016e-01 1.325227415977860701e-01 1.291158357168024073e-01 1.262138769325611143e-01 1.237070746874928823e-01 1.215150903700850937e-01
4.552055883854336793e-01 3.642835141014074685e-01 2.984142907429486735e-01 2.528798147849738442e-01 2.216228408180177245e-01 1.997958909347653522e-01 1.841111101210117229e-01 1.724551633745431967e-01 1.634968803822994254e-01 1.563967727310955624e-01 1.506178726255893718e-01 1.458074685465544362e-01 1.417280238773673817e-01 1.382139269728213660e-01 1.351468049734830812e-01 1.324396813195198863e-01 1.300267991190776351e-01 1.278577102534473042e-01 1.258930246951058540e-01 1.241010788758285383e-01
3.096713984385132679e-01 2.434265422448515792e-01 2.005074032582342680e-01 1.732552931830287080e-01 1.559031359851360266e-01 1.444402631558477923e-01 1.364602031279355254e-01 1.305904828384518712e-01 1.260508946189656809e-01 1.223901162366382717e-01 1.193402536411304060e-01 1.167369287437759334e-01 1.144751830227323797e-01 1.124847085136570918e-01 1.107160444601868188e-01 1.091326731428853281e-01 1.077061892880010474e-01 1.064138753979932545e-01 1.052371797329396952e-01 1.041602271045030670e-01
4.845227610413166963e-01 3.860067090950906055e-01 3.146981172636151292e-01 2.629184107109904245e-01 2.262911610677838248e-01 2.007358124852180459e-01 1.827101070433855001e-01 1.696204610727727324e-01 1.597678320482373293e-01 1.520939967734739051e-01 1.459443419799208719e-01 1.409040623872715448e-01 1.366997344201081321e-01 1.331424965790938553e-01 1.300971853942610446e-01 1.274632784957066278e-01 1.251649451034609339e-01 1.231435696598782714e-01 1.213533887386302051e-01 1.197579108623904182e-01
7.443646440375596418e-01 5.923650235067907666e-01 4.757904696884543427e-01 3.902175418831029807e-01 3.272234903811477302e-01 2.801502628726302846e-01 2.447528045687067666e-01 2.180834989159274040e-01 1.979206644956138794e-01 1.825724167824955557e-01 1.707720759631774776e-01 1.615877547206716336e-01 1.543414764492626878e-01 1.485426192564773262e-01 1.438363577489508438e-01 1.399639122007647618e-01 1.367342158444807831e-01 1.340047846217930771e-01 1.316674439974303834e-01 1.296389882054972964e-01
2.254631397311538943e-01 1.873677362769740340e-01 1.642295485001523114e-01 1.498446029605111085e-01 1.407352898735552971e-01 1.347513672313652988e-01 1.306268460687715627e-01 1.276289261848432832e-01 1.253313460911158472e-01 1.234834793262416519e-01 1.219344415138766680e-01 1.205911855377780756e-01 1.193950420788314620e-01 1.183074564778962695e-01 1.173029713441656047e-01 1.163637430448579840e-01 1.154774458757492489e-01 1.146349424216876467e-01 1.138295461268171438e-01 1.130563035303930458e-01
6.552162902762939112e-01 5.215427376487604683e-01 4.034182703235273948e-01 3.141778807900845738e-01 2.530636061634868317e-01 2.123935505328699846e-01 1.851052663498558015e-01 1.663710289832670275e-01 1.531346974021289553e-01 1.434945832053836079e-01 1.362628737279737712e-01 1.306880867353174824e-01 1.262848549317406865e-01 1.227328916710394013e-01 1.198149450332857691e-01 1.173802331431943458e-01 1.153216198961536099e-01 1.135606842879133133e-01 1.120393523918755824e-01 1.107132229531998802e-01
6.056427458224288296e-01 5.062892866195985997e-01 4.208759853246010763e-01 3.455503212308394523e-01 2.815277653560906423e-01 2.319686843880347515e-01 1.971937984169198910e-01 1.739399603696074326e-01 1.583720740460557996e-01 1.476735215331427820e-01 1.400683614813169608e-01 1.344759203244734747e-01 1.302317097284594605e-01 1.269161459488532262e-01 1.242564713747560806e-01 1.220702522310603000e-01 1.202324309654068252e-01 1.186554795208940027e-01 1.172768157802056566e-01 1.160510772526322371e-01
6.090944305169074813e-01 4.864155891849036850e-01 3.909307479026029042e-01 3.205344277228596161e-01 2.697122201884485371e-01 2.329749302330005600e-01 2.060993589119425318e-01 1.861336121615022321e-01 1.710811219757306378e-01 1.595840354706160591e-01 1.506958601879887227e-01 1.437411422119475868e-01 1.382284485554555464e-01 1.337957084891968351e-01 1.301746787916636117e-01 1.271668144932482369e-01 1.246249436994548848e-01 1.224402884073788333e-01 1.205326812254497726e-01 1.188427569484338114e-01
5.159621169420938180e-01 4.169500151519014430e-01 3.306732048852427663e-01 2.620125955379626337e-01 2.134257613873342119e-01 1.814651789172785357e-01 1.606824352155672431e-01 1.468656578878290153e-01 1.373533772863447799e-01 1.305551849172479628e-01 1.255224564323179914e-01 1.216764792104026993e-01 1.186538122456158861e-01 1.162189157609463952e-01 1.142144747290876755e-01 1.125322565034730382e-01 1.110961907147429845e-01 1.098515707242768286e-01 1.087583686178550113e-01 1.077867598101147489e-01
4.042359570536063762e-01 3.168721169809760041e-01 2.617216620723775145e-01 2.248754768227809175e-01 1.988506463414523862e-01 1.796997034340165611e-01 1.652607541391626078e-01 1.542080968664959195e-01 1.456325991312041879e-01 1.388791469810530532e-01 1.334693961823359143e-01 1.290545438090339170e-01 1.253818311030045207e-01 1.222696984442882273e-01 1.195876959594897870e-01 1.172420030226930948e-01 1.151652623940026404e-01 1.133081698440946694e-01 1.116344446976290788e-01 1.101168714699474610e-01
4.743183491397939822e-01 3.634915116176125616e-01 2.920513412333093362e-01 2.441891005370416812e-01 2.106720965622218833e-01 1.867047518401159234e-01 1.693004108300010524e-01 1.564227199929882905e-01 1.466969258764584116e-01 1.392086764048144631e-01 1.333431530412053645e-01 1.286754009009746236e-01 1.249027159508841606e-01 1.218057690800924270e-01 1.192232551076449487e-01 1.170365376272820834e-01 1.151577742898371032e-01 1.135221058409661005e-01 1.120809718975215169e-01 1.107981239091895970e-01
4.226022948346482844e-01 3.369007538037840366e-01 2.758381915162317344e-01 2.338001699675805733e-01 2.052112318715080541e-01 1.856902674795128383e-01 1.720973333809524830e-01 1.623503721831366375e-01 1.551246798131614979e-01 1.495829245983623101e-01 1.451888357155257936e-01 1.415910490270471112e-01 1.385524199012434232e-01 1.359083103784360091e-01 1.335404627013485890e-01 1.313624946819618444e-01 1.293101869872771148e-01 1.273364041768945687e-01 1.254074576869607105e-01 1.235019161907257579e-01
