2.566412982344627447e-01 2.546633425354957736e-01 2.528072285652160911e-01 2.509456399083137557e-01 2.490237969160079834e-01 2.469941046833991904e-01 2.448150604963302557e-01 2.424542161822318964e-01 2.398924636840820412e-01 2.371302106976509172e-01 2.341917082667350769e-01 2.311260858178138811e-01 2.280027168989181563e-01 2.249015203118324147e-01 2.219005501270294167e-01 2.190648442506790139e-01 2.164394855499267578e-01 2.140483739972114663e-01 2.118965482711792081e-01 2.099757385253906150e-01
2.343237507343292336e-01 2.317693731188774087e-01 2.292967581748962536e-01 2.266593807935714799e-01 2.238751256465911776e-01 2.210091000795364469e-01 2.181410136818885681e-01 2.153460466861724931e-01 2.126834502816200290e-01 2.101923015713691723e-01 2.078922656178474326e-01 2.057873401045799133e-01 2.038706001639366272e-01 2.021285811066627636e-01 2.005447539687156555e-01 1.991018334031104953e-01 1.977833202481269759e-01 1.965742114186286860e-01 1.954612863063812378e-01 1.944330900907516591e-01
2.673718011379241921e-01 2.649993357062339627e-01 2.630432292819023243e-01 2.612859511375427157e-01 2.596881690621375971e-01 2.582201763987541088e-01 2.568573248386383234e-01 2.555790638923645108e-01 2.543685013055801414e-01 2.532119700312614463e-01 2.520985296368599138e-01 2.510198184847831637e-01 2.499691817164421126e-01 2.489411592483520563e-01 2.479308775067329274e-01 2.469333457946777388e-01 2.459429520368575928e-01 2.449533098936080844e-01 2.439570391178131070e-01 2.429457631707191423e-01
4.012916223704814933e-01 3.866575966775417372e-01 3.720127827674150622e-01 3.574432209879159772e-01 3.433578737080097421e-01 3.300456377863884017e-01 3.176874144375324005e-01 3.063672965764999145e-01 2.960932198166847384e-01 2.868204885721206687e-01 2.784738510847091786e-01 2.709637945890426836e-01 2.641979718208313233e-01 2.580878311395645164e-01 2.525522077083587891e-01 2.475190448760986317e-01 2.429255920648574762e-01 2.387175664305686840e-01 2.348488676548004250e-01 2.312803229689598117e-01
2.877266037464141779e-01 2.824050933122634888e-01 2.770220100879668967e-01 2.714364537596702376e-01 2.656747362017631287e-01 2.598022478818893255e-01 2.539107045531273088e-01 2.481113436818122853e-01 2.425258904695510864e-01 2.372728958725929260e-01 2.324516615271568221e-01 2.281291055679321167e-01 2.243342170119285717e-01 2.210607892274856490e-01 2.182760637998580888e-01 2.159313626587390789e-01 2.139709112048149009e-01 2.123386272788047868e-01 2.109819000959396451e-01 2.098540747165680009e-01
2.544102701544761480e-01 2.508944013714790588e-01 2.480507504940032970e-01 2.454600670933723416e-01 2.430380830168724082e-01 2.406968474388122559e-01 2.383535224199294922e-01 2.359383562207222063e-01 2.334023758769035450e-01 2.307244712114334129e-01 2.279137477278709301e-01 2.250062128901481606e-01 2.220569497346878141e-01 2.191300836205482550e-01 2.162888625264167697e-01 2.135877677798271312e-01 2.110678985714912470e-01 2.087549889087677024e-01 2.066603624820709251e-01 2.047831881046295044e-01
2.354702913761138883e-01 2.329512894153595026e-01 2.305168160796165489e-01 2.279069694876670882e-01 2.250582826137542680e-01 2.219558030366897694e-01 2.186564818024635259e-01 2.152758771181106645e-01 2.119460481405258112e-01 2.087785312533378679e-01 2.058477258682250843e-01 2.031909704208373912e-01 2.008160200715065069e-01 1.987107336521148626e-01 1.968513649702072210e-01 1.952092705667018979e-01 1.937547741830348835e-01 1.924596917629241843e-01 1.912987576425075609e-01 1.902499659359455086e-01
2.011331602931022700e-01 1.995855422317981687e-01 1.985482718050479989e-01 1.976277802884578716e-01 1.967971184849739152e-01 1.960372510552406411e-01 1.953323325514793318e-01 1.946691484749317191e-01 1.940364278852939606e-01 1.934249740839004417e-01 1.928272327780723439e-01 1.922371792793274026e-01 1.916503956913948037e-01 1.910637728869915009e-01 1.904754766821861178e-01 1.898845364153385062e-01 1.892909048497676827e-01 1.886951451003551494e-01 1.880981764197349471e-01 1.875011387467384327e-01
1.975457362830638774e-01 1.953631880879402039e-01 1.936410133540630296e-01 1.920495046675205209e-01 1.905697108805179674e-01 1.891904295980930406e-01 1.879030968248844025e-01 1.867003588378429446e-01 1.855758805572986503e-01 1.845239490270614569e-01 1.835396952927112468e-01 1.826186357438564223e-01 1.817568612843751819e-01 1.809509002417326040e-01 1.801975689083337717e-01 1.794938427209854248e-01 1.788368468731641736e-01 1.782237610220909207e-01 1.776518794894218489e-01 1.771184919774532185e-01
2.522605347633362083e-01 2.481858745217323248e-01 2.443027082085609536e-01 2.403521919250488359e-01 2.362957569956779524e-01 2.321466431021690369e-01 2.279707196354865961e-01 2.238717296719551220e-01 2.199636986851692122e-01 2.163422963023185763e-01 2.130671295523643427e-01 2.101568901538848899e-01 2.075975149869918879e-01 2.053538861870765619e-01 2.033813437819480818e-01 2.016343227028846719e-01 2.000713863968849315e-01 1.986570744216442086e-01 1.973625630140304621e-01 1.961651231348514601e-01
2.640545859932899586e-01 2.616065543889999345e-01 2.592125663161277682e-01 2.566897475719451815e-01 2.540055403113365418e-01 2.511475646495819336e-01 2.481224700808525030e-01 2.449544969201087885e-01 2.416826364398002580e-01 2.383551216125488204e-01 2.350237250328063854e-01 2.317383706569671742e-01 2.285434544086456243e-01 2.254755374789237932e-01 2.225634354352951094e-01 2.198285123705863986e-01 2.172859206795692555e-01 2.149449720978736933e-01 2.128096091747283813e-01 2.108783259987831171e-01
2.601292255520820662e-01 2.574243524670600802e-01 2.546612164378166399e-01 2.516833397746086054e-01 2.484690761566162032e-01 2.450303262472152688e-01 2.414153370261192255e-01 2.377095580101013239e-01 2.340265685319900535e-01 2.304891806840896618e-01 2.272048094868659995e-01 2.242456364631652821e-01 2.216412767767906300e-01 2.193833428621292103e-01 2.174381375312805231e-01 2.157600662112235945e-01 2.143017494678497448e-01 2.130198103189468450e-01 2.118779735267162234e-01 2.108470891416072968e-01
2.455808714032173268e-01 2.439948859810829040e-01 2.424433055520057723e-01 2.407988026738166754e-01 2.390310531854629439e-01 2.371198061108589217e-01 2.350531518459320068e-01 2.328286543488502502e-01 2.304548802971840005e-01 2.279525172710418768e-01 2.253541097044944874e-01 2.227017530798912071e-01 2.200433307886123790e-01 2.174268716573715121e-01 2.148954242467880360e-01 2.124836167693138211e-01 2.102160215377807673e-01 2.081074643135070734e-01 2.061647608876228388e-01 2.043879652023315452e-01
2.148189729452133212e-01 2.128587814420461743e-01 2.115582679212093253e-01 2.104367380589246828e-01 2.094664999842643649e-01 2.086269067227840557e-01 2.079000437259674039e-01 2.072694974392652600e-01 2.067211669683456376e-01 2.062427993863820974e-01 2.058236097544431653e-01 2.054544226080179115e-01 2.051271187514066563e-01 2.048350250720977761e-01 2.045719818770885545e-01 2.043328320980072055e-01 2.041128979623317852e-01 2.039079371094703608e-01 2.037144338339567096e-01 2.035287038236856527e-01
2.340008594095706884e-01 2.319716887176036801e-01 2.301731349527835757e-01 2.284873442351817996e-01 2.268692062050104152e-01 2.252656503766775065e-01 2.236110952496528637e-01 2.218274044990539429e-01 2.198315781354904241e-01 2.175541283190250419e-01 2.149589350819587630e-01 2.120555923879146598e-01 2.089007131755352131e-01 2.055891142785549186e-01 2.022358501702546940e-01 1.989544405415654138e-01 1.958388074487447672e-01 1.929532141983509030e-01 1.903311954438686449e-01 1.879809254407882602e-01
2.362679976224899281e-01 2.296707049012184088e-01 2.241206872463226418e-01 2.192991748452186584e-01 2.151753138005733368e-01 2.116857188940048096e-01 2.087483339011669270e-01 2.062767016887664673e-01 2.041879957914352339e-01 2.024087540805339924e-01 2.008762504160404305e-01 1.995388537645340077e-01 1.983549390733242157e-01 1.972915531694889035e-01 1.963229270279407412e-01 1.954291814565658481e-01 1.945948702096939043e-01 1.938085189461707936e-01 1.930613388121128204e-01 1.923467845469713222e-01
2.426245549321174588e-01 2.405221575498580899e-01 2.382881298661231884e-01 2.358305022120475714e-01 2.331758064031601019e-01 2.303718218207359281e-01 2.274835801124572843e-01 2.245852530002593883e-01 2.217497676610946655e-01 2.190392050147056680e-01 2.164977690577506997e-01 2.141500714421272211e-01 2.120032152533531111e-01 2.100516119599342424e-01 2.082826235890388455e-01 2.066801711916923523e-01 2.052277776598930292e-01 2.039092329144477911e-01 2.027095371484756436e-01 2.016146984696388367e-01
2.528615516424179144e-01 2.465757220983505194e-01 2.409486517310142628e-01 2.356778270006179843e-01 2.308402475714683433e-01 2.264737904071807972e-01 2.225845727324485823e-01 2.191549819707870606e-01 2.161510875821113509e-01 2.135303086042404097e-01 2.112470221519470170e-01 2.092560988664627086e-01 2.075156652927398759e-01 2.059882691502571139e-01 2.046407566964626445e-01 2.034450246393680606e-01 2.023769947886467080e-01 2.014164927601814203e-01 2.005463220179080908e-01 1.997525639832019861e-01
2.423405703902244690e-01 2.405910333991050642e-01 2.392049804329872131e-01 2.378180959820747342e-01 2.364256128668785206e-01 2.350246912240981922e-01 2.336119598150253329e-01 2.321834939718246393e-01 2.307353305816650380e-01 2.292644798755645863e-01 2.277695629000663635e-01 2.262516224384307773e-01 2.247141385078430253e-01 2.231630033254623502e-01 2.216060480475425809e-01 2.200522500276565485e-01 2.185110497474670455e-01 2.169917112588882480e-01 2.155028387904167064e-01 2.140517580509185835e-01
2.413490000367164712e-01 2.380740435421466739e-01 2.347708021104335796e-01 2.311825753748416867e-01 2.270882424712181158e-01 2.223184064030647167e-01 2.169591026008129142e-01 2.113386356830596891e-01 2.058552390336990390e-01 2.008277358114719524e-01 1.964285950362682220e-01 1.926969122886657837e-01 1.895871284604072615e-01 1.870146405696868908e-01 1.848861888051032965e-01 1.831155851483345087e-01 1.816298575699329398e-01 1.803696532547473808e-01 1.792883779853582382e-01 1.783496256172656946e-01
2.570405203104019209e-01 2.526325818896293374e-01 2.486950269341468844e-01 2.449221721291542087e-01 2.413460248708725053e-01 2.379885977506637496e-01 2.348598623275756914e-01 2.319606816768646218e-01 2.292857834696769848e-01 2.268258142471313576e-01 2.245690983533859264e-01 2.225026768445968750e-01 2.206128618121147023e-01 2.188859665393829423e-01 2.173086944222450134e-01 2.158680400252342146e-01 2.145517075061798007e-01 2.133480829000473089e-01 2.122463828325271695e-01 2.112368655204772960e-01
2.909873792529106273e-01 2.828524649143219216e-01 2.742932531237602389e-01 2.653778725862502852e-01 2.565489825606346308e-01 2.481935679912567194e-01 2.405854463577270508e-01 2.338818323612213146e-01 2.281304690241813538e-01 2.232911978662014130e-01 2.192681847512721882e-01 2.159408575296402066e-01 2.131855420768261067e-01 2.108888061344623699e-01 2.089528714120388042e-01 2.072967107594013147e-01 2.058546482026576974e-01 2.045750556886196114e-01 2.034168145060539223e-01 2.023481953144073420e-01
2.190562620759010370e-01 2.159494358301162764e-01 2.133102616667747475e-01 2.107823254168033622e-01 2.083613803982734547e-01 2.060486748814582825e-01 2.038461771607399109e-01 2.017556434869766102e-01 1.997777359187603019e-01 1.979118721187114738e-01 1.961561875045299552e-01 1.945073668658733324e-01 1.929615621268749304e-01 1.915140135586261838e-01 1.901597024500369937e-01 1.888932864367961761e-01 1.877097637951374021e-01 1.866039891541004248e-01 1.855709476768970523e-01 1.846059843897819575e-01
2.574433967471122520e-01 2.541377332061529049e-01 2.512510082870721972e-01 2.483586914092302256e-01 2.454468344151973791e-01 2.425154364854097411e-01 2.395680008828640073e-01 2.366085685789585114e-01 2.336413659900426765e-01 2.306711643934249989e-01 2.277035491168498960e-01 2.247461172938346741e-01 2.218093686550855759e-01 2.189076736569404713e-01 2.160588033497333471e-01 2.132840020209550991e-01 2.106061850488185894e-01 2.080479280650615603e-01 2.056299237906932809e-01 2.033686716109514292e-01
2.047698266804218181e-01 2.014325024187564872e-01 1.987176132202148338e-01 1.962490986287593886e-01 1.940120980143547058e-01 1.919914509356021870e-01 1.901694729924202076e-01 1.885271473228931349e-01 1.870450420677661763e-01 1.857046756148338362e-01 1.844888348877430084e-01 1.833819830417633134e-01 1.823705376684665591e-01 1.814424179494381062e-01 1.805872885882854328e-01 1.797963678836822510e-01 1.790621075034141418e-01 1.783779868483543474e-01 1.777386300265789143e-01 1.771393629908561695e-01
2.554367719590663888e-01 2.501488345861435092e-01 2.455573168396949779e-01 2.413275213539600450e-01 2.374189561605453413e-01 2.337919767200946908e-01 2.304095363616943393e-01 2.272366428375244274e-01 2.242385561764240198e-01 2.213795372843742337e-01 2.186229746043682198e-01 2.159328131377696858e-01 2.132764481008052881e-01 2.106283287703990814e-01 2.079727733135223466e-01 2.053052005171775718e-01 2.026323897391557605e-01 1.999706759303808146e-01 1.973436380177736316e-01 1.947790770232677438e-01
2.518878242373466247e-01 2.449822175502777144e-01 2.390380418300628584e-01 2.336766090989112754e-01 2.288277870416641213e-01 2.244190695881843611e-01 2.203983426094055231e-01 2.167362806200981151e-01 2.134184527397155751e-01 2.104347291588783142e-01 2.077716064453125067e-01 2.054087662696838512e-01 2.033198788762092535e-01 2.014750915765762262e-01 1.998434865474700839e-01 1.983949607610702437e-01 1.971019946038722881e-01 1.959396106004714921e-01 1.948866322636604309e-01 1.939248257875442472e-01
2.385999056696891663e-01 2.356493958830833402e-01 2.329496976733207714e-01 2.302228879928588934e-01 2.274741619825363104e-01 2.247273153066635110e-01 2.220141598582267839e-01 2.193671736121177718e-01 2.168150851130485612e-01 2.143798360228538480e-01 2.120757547020912237e-01 2.099102967977523881e-01 2.078850451111793618e-01 2.059976583719253518e-01 2.042428126931190580e-01 2.026136335730552573e-01 2.011024484038352877e-01 1.997011987864971139e-01 1.984019269049167589e-01 1.971968328952789229e-01
2.458660495281219383e-01 2.445894968509673972e-01 2.433659213781356745e-01 2.420296084880828869e-01 2.405759751796722468e-01 2.390055879950523376e-01 2.373238018155097995e-01 2.355403310060500965e-01 2.336689949035644642e-01 2.317273131012916598e-01 2.297354486584663458e-01 2.277147451043128878e-01 2.256864610314369135e-01 2.236698684096336265e-01 2.216815185546875122e-01 2.197349482774734464e-01 2.178408306837081865e-01 2.160077297687530429e-01 2.142428669333457936e-01 2.125526031851768527e-01
2.933485710620880038e-01 2.821291473507880898e-01 2.725058346986770630e-01 2.642046320438384832e-01 2.571658453345298523e-01 2.512662169337272489e-01 2.463557866215705938e-01 2.422799581289291349e-01 2.388925337791442949e-01 2.360628113150596563e-01 2.336785568296909366e-01 2.316462559998035409e-01 2.298903028666973158e-01 2.283505721390247378e-01 2.269801296293735560e-01 2.257428410649299499e-01 2.246110239624977134e-01 2.235636709630489383e-01 2.225845552980899866e-01 2.216612079739570529e-01
2.144090163707733088e-01 2.127032256126403786e-01 2.113309225440025418e-01 2.100518064200878054e-01 2.088642223179340285e-01 2.077655307948589325e-01 2.067511191964149508e-01 2.058150877058506079e-01 2.049509504437446727e-01 2.041520920395851202e-01 2.034122662246227176e-01 2.027257288992404816e-01 2.020873458683490886e-01 2.014924831688404139e-01 2.009370547533035345e-01 2.004175773262977522e-01 1.999308392405509949e-01 1.994740651547908805e-01 1.990446870028972637e-01 1.986404211819171872e-01
2.437204816937446616e-01 2.402375543117523105e-01 2.371581295132637046e-01 2.342200857400894287e-01 2.313944160938262995e-01 2.286584895849227972e-01 2.259943097829818781e-01 2.233920377492904785e-01 2.208540970087051469e-01 2.183920001983642445e-01 2.160199081897735685e-01 2.137497815489768915e-01 2.115899363160133329e-01 2.095454964041710000e-01 2.076194694638252292e-01 2.058134424686431929e-01 2.041278365254402261e-01 2.025615686178207364e-01 2.011121591925620899e-01 1.997753158211708069e-01
2.686383545398712269e-01 2.614863586425781317e-01 2.552786427736282171e-01 2.496442964673042386e-01 2.445643466711044378e-01 2.399970030784606967e-01 2.358916041254997265e-01 2.321947017312049888e-01 2.288532398641109356e-01 2.258168631792068504e-01 2.230392812192439900e-01 2.204792027175426494e-01 2.181006473302841142e-01 2.158731701970100503e-01 2.137719488143920987e-01 2.117773860692978016e-01 2.098747460544109211e-01 2.080537739396095265e-01 2.063078568875789665e-01 2.046332293748855669e-01
3.432697401940822401e-01 3.304527878761291393e-01 3.181972424685954870e-01 3.064979587495326729e-01 2.955614876747131303e-01 2.854710066318512096e-01 2.762315329909324491e-01 2.678018778562545887e-01 2.601217350363731473e-01 2.531307667493820079e-01 2.467770525813102744e-01 2.410167968273162764e-01 2.358098155260086037e-01 2.311161679029464788e-01 2.268948546051978987e-01 2.231051263213157665e-01 2.197080221772193809e-01 2.166675692796707076e-01 2.139508938789367598e-01 2.115284577012062073e-01
2.924398955702781633e-01 2.882779824733734397e-01 2.841951525211334206e-01 2.799768051505088784e-01 2.756436988711357117e-01 2.712264803051948614e-01 2.667537271976471169e-01 2.622490757703780928e-01 2.577314522862434454e-01 2.532169236242771126e-01 2.487206743657588981e-01 2.442596983909607056e-01 2.398542360961437303e-01 2.355284817516803686e-01 2.313091376423835888e-01 2.272229370474815324e-01 2.232933518290519670e-01 2.195374456048011791e-01 2.159642116725444816e-01 2.125746795535087552e-01
2.877963626384735241e-01 2.840951338410377391e-01 2.805142709612846175e-01 2.768191316723823681e-01 2.730152040719985851e-01 2.691207477450370811e-01 2.651605960726737821e-01 2.611644035577774248e-01 2.571642774343490534e-01 2.531928732991218789e-01 2.492816665768623485e-01 2.454585734009742670e-01 2.417474606633186474e-01 2.381666520237922802e-01 2.347287070751190308e-01 2.314412876963615473e-01 2.283071708679199341e-01 2.253255006670951965e-01 2.224925178289413330e-01 2.198030129075050354e-01
1.901599884033203236e-01 1.864801903069019384e-01 1.837246149778365978e-01 1.814269699156284277e-01 1.795248067378997781e-01 1.779551233351230610e-01 1.766560129821300451e-01 1.755717560648918096e-01 1.746558734774589505e-01 1.738709085434675117e-01 1.731876329332590059e-01 1.725835502147674561e-01 1.720414391905069340e-01 1.715482333302497941e-01 1.710939297080039945e-01 1.706709603965282374e-01 1.702735465019941385e-01 1.698973205685615495e-01 1.695389039069414017e-01 1.691957563906908157e-01
2.398305371403694208e-01 2.369723635911941406e-01 2.344159108400344915e-01 2.317798970639705636e-01 2.290317049622535572e-01 2.261510051786899678e-01 2.231291505694389388e-01 2.199711661040782973e-01 2.166970723867416293e-01 2.133401173353195179e-01 2.099431271851062708e-01 2.065540838241577137e-01 2.032211931049823783e-01 1.999892814457416568e-01 1.968972527980804577e-01 1.939774544537067325e-01 1.912544243037700709e-01 1.887445038557052646e-01 1.864550454914569722e-01 1.843848454952239924e-01
2.809141051769256658e-01 2.779280310869217119e-01 2.752237054705619634e-01 2.725778231024741927e-01 2.699817389249801747e-01 2.674275472760200278e-01 2.649152496457100048e-01 2.624566337466239796e-01 2.600694668292999334e-01 2.577652883529663042e-01 2.555404591560364036e-01 2.533757367730140597e-01 2.512427076697349437e-01 2.491117486357689037e-01 2.469588172435760454e-01 2.447695690393447976e-01 2.425414514541625877e-01 2.402834835648536560e-01 2.380140310525894198e-01 2.357563889026641768e-01
2.679476422071456754e-01 2.641915294528007774e-01 2.612008807063102567e-01 2.585635390877723538e-01 2.562060326337814442e-01 2.540646854043007163e-01 2.520867523550986977e-01 2.502280399203300476e-01 2.484499648213386591e-01 2.467168074846267656e-01 2.449941781163215704e-01 2.432483956217765808e-01 2.414463946223258939e-01 2.395566713809967052e-01 2.375499060750007607e-01 2.354004114866256603e-01 2.330884170532226685e-01 2.306034946441650468e-01 2.279479631781577975e-01 2.251407966017723028e-01
2.647298946976661682e-01 2.607125496864318714e-01 2.575165241956710593e-01 2.548016712069511303e-01 2.524810588359832630e-01 2.504891610145568714e-01 2.487712174654007069e-01 2.472798520326614513e-01 2.459734222292900008e-01 2.448150143027305603e-01 2.437713819742202692e-01 2.428122824430465621e-01 2.419096460938453541e-01 2.410364502668380648e-01 2.401658016443252441e-01 2.392696633934974781e-01 2.383178299665451028e-01 2.372775074839592047e-01 2.361130008101463285e-01 2.347867697477340754e-01
2.574590411782264887e-01 2.549736025929451033e-01 2.527078279852867371e-01 2.504920542240142711e-01 2.483012610673904497e-01 2.461152932047843966e-01 2.439172509312629578e-01 2.416943651437759299e-01 2.394393879175186202e-01 2.371521866321563698e-01 2.348403292894363503e-01 2.325190412998199563e-01 2.302097460627555714e-01 2.279376241564750605e-01 2.257286968827247609e-01 2.236066722869873014e-01 2.215904775261879067e-01 2.196924930810928434e-01 2.179185259342193703e-01 2.162677437067031805e-01
3.153761765360832414e-01 3.081746163964271812e-01 3.016806641221046470e-01 2.955526974797249018e-01 2.897823786735534424e-01 2.843596756458282582e-01 2.792716062068938965e-01 2.745028600096702798e-01 2.700365185737609863e-01 2.658549240231514177e-01 2.619401177763938660e-01 2.582733163237571627e-01 2.548347672820091003e-01 2.516031992435455167e-01 2.485560864210128729e-01 2.456710541248321444e-01 2.429274231195449885e-01 2.403073245286941606e-01 2.377964895963668723e-01 2.353833916783332758e-01
2.487103688716888472e-01 2.447093889117240850e-01 2.414010238647461004e-01 2.384509131312370356e-01 2.357053729891777083e-01 2.330653610825538513e-01 2.304801589250564664e-01 2.279291486740112338e-01 2.254091605544090160e-01 2.229255211353302069e-01 2.204885229468345753e-01 2.181113228201866094e-01 2.158088645339012179e-01 2.135957404971122742e-01 2.114842313528060846e-01 2.094828632473945684e-01 2.075960507988929837e-01 2.058247241377830494e-01 2.041673815250396595e-01 2.026207152009010248e-01
2.502214843034744063e-01 2.468639057874679466e-01 2.440380504727363564e-01 2.414058268070221058e-01 2.389033871889114369e-01 2.364561745524406400e-01 2.340058016777038508e-01 2.315267914533615246e-01 2.290274137258529741e-01 2.265406230092048556e-01 2.241120338439941406e-01 2.217876371741294983e-01 2.196046558022499151e-01 2.175868552923202470e-01 2.157447332143783703e-01 2.140777516365051369e-01 2.125780394673347506e-01 2.112333613634109486e-01 2.100294819474220198e-01 2.089517030119895924e-01
2.389521688222885076e-01 2.341650018095970121e-01 2.299039056897163313e-01 2.260152551531791620e-01 2.224993059039115928e-01 2.193277668952941795e-01 2.164590710401534945e-01 2.138564443588256703e-01 2.114964801073074274e-01 2.093666285276412908e-01 2.074582433700561390e-01 2.057609516382217507e-01 2.042605605721473649e-01 2.029393394291400810e-01 2.017775771021843023e-01 2.007549576461315211e-01 1.998515784740448054e-01 1.990492777526378654e-01 1.983315767347812730e-01 1.976842489838600281e-01
2.554709863662719682e-01 2.538149955868720942e-01 2.523490393161773593e-01 2.509021440148353488e-01 2.494333940744400124e-01 2.478988581895828214e-01 2.462497800588607788e-01 2.444313323497772084e-01 2.423824083805084240e-01 2.400391224026680037e-01 2.373449686169624429e-01 2.342671242356300365e-01 2.308162617683410522e-01 2.270599094033241283e-01 2.231198543310165539e-01 2.191510081291198619e-01 2.153092408180236894e-01 2.117220094799995289e-01 2.084715861082077071e-01 2.055920428037643355e-01
2.422220426797866699e-01 2.388703063130378779e-01 2.357162463665008478e-01 2.325566807389259361e-01 2.294518336653709467e-01 2.264571586251258872e-01 2.236205339431762695e-01 2.209793585538864236e-01 2.185586243867874146e-01 2.163696607947349637e-01 2.144117197394370955e-01 2.126743647456169062e-01 2.111412432789802618e-01 2.097924548387527510e-01 2.086069773137569361e-01 2.075642484426498402e-01 2.066452807188033924e-01 2.058328141272068035e-01 2.051118147373199585e-01 2.044690908491611503e-01
2.094794237613678001e-01 2.061321660876274109e-01 2.032119441032409768e-01 2.004023320972919409e-01 1.977168610692024153e-01 1.951689743995666526e-01 1.927685220539569755e-01 1.905214922130107902e-01 1.884300190210342341e-01 1.864927357435226529e-01 1.847055105865001712e-01 1.830621045827865723e-01 1.815546558797359600e-01 1.801741260290145863e-01 1.789110654592513949e-01 1.777557896077632815e-01 1.766987942159175817e-01 1.757311405241489544e-01 1.748443134129047394e-01 1.740305208414792970e-01
2.514441865682601751e-01 2.490807196497917264e-01 2.468912664055824269e-01 2.445637539029121288e-01 2.420006453990936335e-01 2.391575640439987105e-01 2.360465508699417236e-01 2.327244317531585727e-01 2.292761710286140564e-01 2.257987952232360929e-01 2.223871791362762584e-01 2.191223922371864363e-01 2.160637733340263489e-01 2.132458946108818088e-01 2.106809130311012301e-01 2.083633965253829934e-01 2.062764143943786599e-01 2.043969458341598489e-01 2.027000905573368150e-01 2.011614102125167947e-01
