2.268807396292686351e-01 2.223455294966697748e-01 2.185735878348350480e-01 2.150754684209823520e-01 2.118120375275611977e-01 2.087522837519645569e-01 2.058704629540443476e-01 2.031461226940154963e-01 2.005641141533851535e-01 1.981133016943931457e-01 1.957862821221351690e-01 1.935782614350319009e-01 1.914856581389904056e-01 1.895059868693351746e-01 1.876366354525089153e-01 1.858745762705802940e-01 1.842160691320896271e-01 1.826565746963024206e-01 1.811908933520317011e-01 1.798136432468891155e-01
2.172440500557422660e-01 2.118630933761596613e-01 2.073161047697067161e-01 2.030720916390419128e-01 1.991466829180717490e-01 1.955497486889362369e-01 1.922761097550392262e-01 1.893078061938285872e-01 1.866188701987266663e-01 1.841803051531314961e-01 1.819633524119853851e-01 1.799423187971115057e-01 1.780945679545402616e-01 1.764007543027401037e-01 1.748443406820297252e-01 1.734110242128372170e-01 1.720882818102836553e-01 1.708652283251285431e-01 1.697323003411292941e-01 1.686811251938342970e-01
2.196830204129218977e-01 2.146413534879684504e-01 2.105757308006286632e-01 2.068294253945350547e-01 2.033904168009758040e-01 2.002377179265022178e-01 1.973437708616256614e-01 1.946788594126701299e-01 1.922148729860782557e-01 1.899270969629287820e-01 1.877959661185741314e-01 1.858066825568676084e-01 1.839479300379752991e-01 1.822111566364765234e-01 1.805890367925166995e-01 1.790750564634799868e-01 1.776624095439910955e-01 1.763447454571723805e-01 1.751155163347720978e-01 1.739681267738342196e-01
2.685325123369693978e-01 2.629620581865310669e-01 2.578342738747596563e-01 2.526790434122085371e-01 2.475508849322795857e-01 2.425242544710636272e-01 2.376752607524394989e-01 2.330706392228603374e-01 2.287589652836322651e-01 2.247680608928203649e-01 2.211053885519504436e-01 2.177624420821666629e-01 2.147192905843257893e-01 2.119492731988429912e-01 2.094230094552040067e-01 2.071105781197547790e-01 2.049837726354598877e-01 2.030165229737758703e-01 2.011860610544681516e-01 1.994721451401710588e-01
3.033406341075897128e-01 2.949579748511314548e-01 2.877155473828315602e-01 2.807677632570266812e-01 2.739241805672645302e-01 2.670313051342964039e-01 2.599880173802375793e-01 2.527874764800071561e-01 2.455307728052139316e-01 2.383734318614006142e-01 2.314593794941902094e-01 2.248856341838836592e-01 2.186981579661369246e-01 2.129020598530769470e-01 2.074767751991748732e-01 2.023904404044151173e-01 1.976120530068874448e-01 1.931176188588142328e-01 1.888939146697521110e-01 1.849366553127765600e-01
2.247644913196563676e-01 2.191222611069679194e-01 2.146890336275100730e-01 2.106859886646270663e-01 2.069937783479690596e-01 2.035518944263458307e-01 2.003348845243453913e-01 1.973369170725345623e-01 1.945603445172309764e-01 1.920088967680931014e-01 1.896832634508609783e-01 1.875790789723396357e-01 1.856869846582412664e-01 1.839927807450294495e-01 1.824791346490383104e-01 1.811266699433326799e-01 1.799155199527740501e-01 1.788262386620044775e-01 1.778407308459281910e-01 1.769424584507942322e-01
2.740783801674842590e-01 2.641938233375549228e-01 2.561580249667167464e-01 2.489370170235633839e-01 2.424259653687477201e-01 2.365153959393501149e-01 2.311096894741058450e-01 2.261330753564834706e-01 2.215286898612976174e-01 2.172553709149360746e-01 2.132841059565544206e-01 2.095945201814174708e-01 2.061714099347591311e-01 2.030027760565280837e-01 2.000777187943458546e-01 1.973853302001953025e-01 1.949140468239784207e-01 1.926511791348457237e-01 1.905831897258758456e-01 1.886955077946186055e-01
2.755167213082313493e-01 2.680086752772330994e-01 2.614733910560607666e-01 2.552600583434104786e-01 2.493874433636665278e-01 2.438758063316345259e-01 2.387464073300361589e-01 2.340181535482406538e-01 2.297027221322059665e-01 2.258011633157730180e-01 2.223027756810188327e-01 2.191860082745551996e-01 2.164212355017662015e-01 2.139738056063651972e-01 2.118078288435935874e-01 2.098879906535148498e-01 2.081817072629928711e-01 2.066599524021148770e-01 2.052974137663841347e-01 2.040724211931228549e-01
2.813565355539321966e-01 2.744297999143600619e-01 2.681352922320365817e-01 2.619746050238609403e-01 2.560328170657157898e-01 2.504404917359351890e-01 2.452984631061553844e-01 2.406522804498672508e-01 2.365003675222396851e-01 2.328096151351928822e-01 2.295290261507034191e-01 2.266003796458244401e-01 2.239657291769981406e-01 2.215722215175628673e-01 2.193746820092201122e-01 2.173366498947143510e-01 2.154293245077133212e-01 2.136310228705406156e-01 2.119256117939949113e-01 2.103011107444763272e-01
2.354292538762092490e-01 2.322333467006683361e-01 2.295958340167999212e-01 2.270490434765815857e-01 2.245851269364357028e-01 2.222084710001945573e-01 2.199269530177116461e-01 2.177479539811611187e-01 2.156764097511768286e-01 2.137141253054141987e-01 2.118595273792743816e-01 2.101081228256225508e-01 2.084529852867126332e-01 2.068852688372135040e-01 2.053950232267379716e-01 2.039719738066196331e-01 2.026059421896934387e-01 2.012872627377509938e-01 2.000072161853313490e-01 1.987581038475036699e-01
2.287813672423362754e-01 2.220651954412460327e-01 2.169272935390472445e-01 2.125340384244918945e-01 2.088015958666801508e-01 2.056278124451637324e-01 2.029125866293907121e-01 2.005679056048393361e-01 1.985207140445709173e-01 1.967123000323772464e-01 1.950960122048854828e-01 1.936357605457305897e-01 1.923028276860714036e-01 1.910752294957637765e-01 1.899354831874370542e-01 1.888699448108673018e-01 1.878679470717906919e-01 1.869208092987537373e-01 1.860216543078422602e-01 1.851648262143135160e-01
2.569834786653518721e-01 2.457760474085807778e-01 2.360125979781150796e-01 2.270679497718811057e-01 2.190680143237113964e-01 2.120583683252334484e-01 2.060013777017593306e-01 2.007966005802154508e-01 1.963201737403869607e-01 1.924510955810546931e-01 1.890830852091312519e-01 1.861277472972869829e-01 1.835133741796016738e-01 1.811828732490539662e-01 1.790912277996540014e-01 1.772024343907833144e-01 1.754880920052528381e-01 1.739251045882701796e-01 1.724950422346591961e-01 1.711827297508716483e-01
2.347402325272560097e-01 2.313753002882003862e-01 2.288854053616523609e-01 2.267136472463607832e-01 2.248038914799690147e-01 2.231097674369811878e-01 2.215912309288978477e-01 2.202132970094680675e-01 2.189459642767906111e-01 2.177634131908416648e-01 2.166434821486473150e-01 2.155668184161186329e-01 2.145167979598045227e-01 2.134787064790725775e-01 2.124395960569381847e-01 2.113878902792930559e-01 2.103133076429367088e-01 2.092069688439369135e-01 2.080610612034797802e-01 2.068694114685058483e-01
2.760356286168098583e-01 2.687168166041374318e-01 2.621498510241508373e-01 2.557290643453598022e-01 2.494899493455886852e-01 2.434941190481186013e-01 2.378064873814582925e-01 2.324842977523803589e-01 2.275723144412040710e-01 2.230995383858680736e-01 2.190772071480751038e-01 2.154985916614532426e-01 2.123403587937355008e-01 2.095667597651481584e-01 2.071346357464790289e-01 2.049974575638771057e-01 2.031095108389854298e-01 2.014286756515502874e-01 1.999176976084709179e-01 1.985447371006011930e-01
2.406892421841621277e-01 2.318547266721725508e-01 2.241528353095054715e-01 2.172478854656219593e-01 2.113362556695937977e-01 2.064413344860076827e-01 2.024529075622558683e-01 1.992001000046730030e-01 1.965077921748161205e-01 1.942261894047260240e-01 1.922392377257347018e-01 1.904618175327777996e-01 1.888338670134544484e-01 1.873135077953338723e-01 1.858718563616275909e-01 1.844890050590038411e-01 1.831514190137386311e-01 1.818499827384948697e-01 1.805786377191543612e-01 1.793334384262561809e-01
2.336841291189193648e-01 2.286212167143821805e-01 2.244793352484703020e-01 2.206515428423881653e-01 2.170957040786743175e-01 2.137739786505699069e-01 2.106534224748611572e-01 2.077061858773231462e-01 2.049095737934112649e-01 2.022463923692703336e-01 1.997041343152523019e-01 1.972743804752826735e-01 1.949512799084186510e-01 1.927307924628257618e-01 1.906096266210079160e-01 1.885847006738185783e-01 1.866525569558143693e-01 1.848093970119953078e-01 1.830508247017860468e-01 1.813725492358207736e-01
2.559988522529602073e-01 2.471572056412696949e-01 2.397578760981559642e-01 2.331056278944015625e-01 2.271583241224288952e-01 2.218561464548111095e-01 2.171371817588806097e-01 2.129381319880485623e-01 2.091937220096588002e-01 2.058378279209137074e-01 2.028084261715412118e-01 2.000509428977966242e-01 1.975196477770805314e-01 1.951775775849819150e-01 1.929957455396652255e-01 1.909524981677532263e-01 1.890319085121154874e-01 1.872227044403552976e-01 1.855173422396182992e-01 1.839103870093822535e-01
2.942426177859306380e-01 2.824565416574478238e-01 2.721287578344345204e-01 2.627413406968116538e-01 2.543158245086669655e-01 2.467869019508361905e-01 2.400575000047683594e-01 2.340298435091972273e-01 2.286165234446525529e-01 2.237375995516777127e-01 2.193150082230568010e-01 2.152692234516143666e-01 2.115204924345016613e-01 2.079960444569587674e-01 2.046388217806816012e-01 2.014134308695793019e-01 1.983063471317291215e-01 1.953205391764640808e-01 1.924688977003097545e-01 1.897677829861640908e-01
2.556710988283157349e-01 2.505499346554279083e-01 2.465937264263629858e-01 2.430290107429027568e-01 2.397889080643653970e-01 2.368234199285507158e-01 2.340917529165744693e-01 2.315610751509666332e-01 2.292053020000457686e-01 2.270035654306411799e-01 2.249391320347785828e-01 2.229988467693328758e-01 2.211716637015342657e-01 2.194485545158386119e-01 2.178218486905098006e-01 2.162846943736076444e-01 2.148310521245002658e-01 2.134553974866867099e-01 2.121525838971138056e-01 2.109179107844829648e-01
2.426239684224128779e-01 2.375731897354126099e-01 2.332133534550666909e-01 2.289091733098030101e-01 2.246139785647392195e-01 2.203138419985771201e-01 2.160210162401199341e-01 2.117695176601409879e-01 2.076077051460742950e-01 2.035893160104751687e-01 1.997645924985408661e-01 1.961731749773025502e-01 1.928401525318622634e-01 1.897752931714057900e-01 1.869747911393642437e-01 1.844245050847530265e-01 1.821038138866424572e-01 1.799894669651985191e-01 1.780581878125667705e-01 1.762886407971382130e-01
2.471900132298469610e-01 2.358363932371139449e-01 2.260902664065360945e-01 2.172145634889602606e-01 2.092033702135085993e-01 2.020428168773651112e-01 1.957005460560321819e-01 1.901279413700103782e-01 1.852662652730941717e-01 1.810503964126110032e-01 1.774125106632709614e-01 1.742851012945175193e-01 1.716041438281536158e-01 1.693104182928800716e-01 1.673504973948001795e-01 1.656759729981422402e-01 1.642435544729232699e-01 1.630149025470018498e-01 1.619562635570764575e-01 1.610384914278984170e-01
2.352029138803481967e-01 2.313898372650146362e-01 2.283112302422523610e-01 2.253564336895942655e-01 2.224741908907890420e-01 2.196262097358703536e-01 2.167821770906448453e-01 2.139188826084136852e-01 2.110209104418754589e-01 2.080817502737045410e-01 2.051040194928646088e-01 2.020991410315036707e-01 1.990861108899116549e-01 1.960892514884471916e-01 1.931353302299976260e-01 1.902509203553199857e-01 1.874596357345580944e-01 1.847810766100883573e-01 1.822297474741935708e-01 1.798150627315044381e-01
2.443629623949527818e-01 2.397277033329009988e-01 2.354770892858505382e-01 2.312426295876502946e-01 2.270804733037948553e-01 2.230564947426319222e-01 2.192306965589523315e-01 2.156486618518829446e-01 2.123371048271656125e-01 2.093040154874324932e-01 2.065417119860649131e-01 2.040305729210376839e-01 2.017445620894432190e-01 1.996557570993900410e-01 1.977378420531749614e-01 1.959676980972289984e-01 1.943270833790302354e-01 1.928018647432327148e-01 1.913823024928569816e-01 1.900613698363304016e-01
2.585043779015541165e-01 2.489109152555465665e-01 2.414608842134475797e-01 2.352139583230018482e-01 2.299242535233497753e-01 2.253759217262268078e-01 2.214008346199989319e-01 2.178728523850440857e-01 2.146980690956115656e-01 2.118057459592819214e-01 2.091418325901031605e-01 2.066650840640067988e-01 2.043436434864997764e-01 2.021529173851013272e-01 2.000744491815567017e-01 1.980948069691658153e-01 1.962045630812644936e-01 1.943974629044532831e-01 1.926700209081173010e-01 1.910202474892139513e-01
2.356011185050010670e-01 2.275542503595352206e-01 2.206833711266517617e-01 2.144268910586833998e-01 2.087639264762401470e-01 2.036418581008911100e-01 1.989945775270461903e-01 1.947657825052738212e-01 1.909185354411601920e-01 1.874311586469411817e-01 1.842875546962022826e-01 1.814706206321716198e-01 1.789589022845029798e-01 1.767267228662967593e-01 1.747454795986413956e-01 1.729856362938880787e-01 1.714186286926269454e-01 1.700177524238824789e-01 1.687590006738901027e-01 1.676217249780893315e-01
2.870803320407867565e-01 2.704812574386596946e-01 2.567501389980316184e-01 2.450724068284034773e-01 2.351415067911148127e-01 2.267004606127739075e-01 2.195258074998855669e-01 2.134164631366729792e-01 2.081966131925582775e-01 2.037177649140357871e-01 1.998582303524017445e-01 1.965198040008545033e-01 1.936225503683090265e-01 1.911008429527282781e-01 1.888998685777187325e-01 1.869724643230438188e-01 1.852780596911907107e-01 1.837815502285957414e-01 1.824522830545902141e-01 1.812639981508255005e-01
2.145715549588203541e-01 2.099532008171081654e-01 2.061348265409469471e-01 2.026945516467094366e-01 1.995746885240078095e-01 1.967377223074436299e-01 1.941615493595600095e-01 1.918330059945583255e-01 1.897418773174285866e-01 1.878755383193492778e-01 1.862172451615333457e-01 1.847460673749447002e-01 1.834383553266525357e-01 1.822699144482612665e-01 1.812180109322071020e-01 1.802623945474624567e-01 1.793858772516250533e-01 1.785746766626834792e-01 1.778177605569362663e-01 1.771068350970745053e-01
2.570534107089042508e-01 2.474448081851005621e-01 2.392407119274139460e-01 2.318652918934822060e-01 2.253238689899444702e-01 2.195689496397972007e-01 2.145238590240478582e-01 2.100995275378227112e-01 2.062063151597976762e-01 2.027611458301544212e-01 1.996909603476524353e-01 1.969337019324302607e-01 1.944384220242500183e-01 1.921634608507156450e-01 1.900758552551269631e-01 1.881491479277610790e-01 1.863625358045101210e-01 1.846993218362331379e-01 1.831458887457847462e-01 1.816911228001117651e-01
2.930540922284126104e-01 2.819764950871467835e-01 2.714296418428421287e-01 2.609794002771377297e-01 2.509486737847328452e-01 2.416273322701454063e-01 2.331922230124473527e-01 2.256984546780586298e-01 2.191127145290374667e-01 2.133537584543228061e-01 2.083232483267783985e-01 2.039244183897972185e-01 2.000699105858802784e-01 1.966841302812099568e-01 1.937023246288299694e-01 1.910685928165912761e-01 1.887347662448883023e-01 1.866589123010635454e-01 1.848044557869434334e-01 1.831398662924766663e-01
2.436871719360351463e-01 2.402460864186286849e-01 2.373549431562423651e-01 2.344690798223018624e-01 2.315880824625492218e-01 2.287172296643257274e-01 2.258631180226802759e-01 2.230332598090171703e-01 2.202356912195682637e-01 2.174793726205825894e-01 2.147750969231128626e-01 2.121354372799396648e-01 2.095750604569912023e-01 2.071088722348213285e-01 2.047504067420959362e-01 2.025104604661464580e-01 2.003957168757915519e-01 1.984092260897159510e-01 1.965505458414554540e-01 1.948160077631473641e-01
2.701259753108024575e-01 2.624789997935295105e-01 2.553675037622451516e-01 2.484532463550567505e-01 2.418606603145599387e-01 2.356675270199775629e-01 2.299068590998649686e-01 2.245797649025917109e-01 2.196694281697273154e-01 2.151518136262893788e-01 2.110024940967559770e-01 2.071990951895713862e-01 2.037219932675361500e-01 2.005519628524780329e-01 1.976690721511840942e-01 1.950520241260528531e-01 1.926778219640254974e-01 1.905231490731239263e-01 1.885647976398467929e-01 1.867807507514953613e-01
2.424565443396568265e-01 2.342858985066413879e-01 2.275500798225402743e-01 2.215516772866249207e-01 2.161882945895194919e-01 2.113696464896201999e-01 2.070163586735725425e-01 2.030599230527877774e-01 1.994436806440353371e-01 1.961234560608863808e-01 1.930672256648540419e-01 1.902520848810672627e-01 1.876613365113735110e-01 1.852810239791869984e-01 1.830983743071556147e-01 1.811007834970951025e-01 1.792754580825567379e-01 1.776093208789825406e-01 1.760893630236387286e-01 1.747028034925460771e-01
3.265794652700424461e-01 3.178585757315158800e-01 3.080623872578144296e-01 2.968300798535347118e-01 2.848340010643005127e-01 2.729451134800910950e-01 2.619110009074210876e-01 2.521649894118309088e-01 2.438307169079780568e-01 2.368303778767585632e-01 2.309918427467346214e-01 2.261185169219970814e-01 2.220255219936370927e-01 2.185538828372955433e-01 2.155744585394859247e-01 2.129853725433349665e-01 2.107078024744987454e-01 2.086813655495643738e-01 2.068594767153263125e-01 2.052066364884376493e-01
2.243349081277847268e-01 2.191869384050369185e-01 2.148109051585197493e-01 2.106657782196998674e-01 2.067238351702690158e-01 2.029647609591483937e-01 1.993751665949821394e-01 1.959505257010459855e-01 1.926950742304325004e-01 1.896184010803699527e-01 1.867315076291561071e-01 1.840434156358242146e-01 1.815594084560871180e-01 1.792797270417213484e-01 1.771999968588352237e-01 1.753115171194076505e-01 1.736024507880210843e-01 1.720586350560188160e-01 1.706646976619958789e-01 1.694053599983453839e-01
2.935040777921676391e-01 2.817616766691207753e-01 2.715373978018760792e-01 2.619998642802238709e-01 2.531141680479049860e-01 2.448581239581107960e-01 2.372228902578353837e-01 2.302077332139015331e-01 2.238102978467941262e-01 2.180188986659049866e-01 2.128082305192947332e-01 2.081405666470527716e-01 2.039689303934574260e-01 2.002422505617141857e-01 1.969093875586986619e-01 1.939220300316810697e-01 1.912365318834781669e-01 1.888144068419933264e-01 1.866222058236599035e-01 1.846317097544670216e-01
2.005050161480903537e-01 1.955115918815135967e-01 1.915594896674156222e-01 1.880407935380935536e-01 1.849027767777443043e-01 1.820968994498252946e-01 1.795792578160762820e-01 1.773112854361534041e-01 1.752606643736362435e-01 1.734000428020954221e-01 1.717070129513740551e-01 1.701627840101719025e-01 1.687514956295490254e-01 1.674598038196563610e-01 1.662762030959129278e-01 1.651905758678913205e-01 1.641939562559127930e-01 1.632785592973232391e-01 1.624369385838508595e-01 1.616626285761594839e-01
2.846783319115638866e-01 2.741605103015899436e-01 2.655944696068763822e-01 2.580180406570434792e-01 2.513200703263283042e-01 2.453780654072761636e-01 2.400812822580337402e-01 2.353344056010246155e-01 2.310582089424133290e-01 2.271876639127731190e-01 2.236703678965568654e-01 2.204638212919235174e-01 2.175338268280029297e-01 2.148521143198013350e-01 2.123949933052063088e-01 2.101417537033557770e-01 2.080736735463142306e-01 2.061735245585441523e-01 2.044248677790165003e-01 2.028119681775569783e-01
2.427649566531181469e-01 2.351203021407127502e-01 2.288088560104370173e-01 2.231584864854812555e-01 2.181782740354537842e-01 2.138469684123992798e-01 2.101067847013473600e-01 2.068756520748138428e-01 2.040662445127963964e-01 2.015997366607189256e-01 1.994101874530315455e-01 1.974449315667152483e-01 1.956625930964946691e-01 1.940307667851448037e-01 1.925243705511093251e-01 1.911241188645362854e-01 1.898149186372757036e-01 1.885852701961994171e-01 1.874262772500515095e-01 1.863309310376644046e-01
2.986976766586303955e-01 2.869288927316665516e-01 2.765051341056823930e-01 2.669340372085571289e-01 2.583473071455955616e-01 2.507913187146186829e-01 2.442281827330589350e-01 2.385584291815757707e-01 2.336518579721450772e-01 2.293711635470390420e-01 2.255846205353736755e-01 2.221728953719138977e-01 2.190324983000755399e-01 2.160755959153175254e-01 2.132291421294212341e-01 2.104338401556015148e-01 2.076432865858078014e-01 2.048235996067523934e-01 2.019530984759330683e-01 1.990220077335834448e-01
2.190364405512809642e-01 2.148113751411437899e-01 2.113148880004882824e-01 2.080575066804885853e-01 2.050333920121192866e-01 2.022384160757064731e-01 1.996658441424369879e-01 1.973059815168380637e-01 1.951467728614807162e-01 1.931741085648536749e-01 1.913726451992988631e-01 1.897264996170997531e-01 1.882198207080364172e-01 1.868370062112808261e-01 1.855631197988986958e-01 1.843841899931430717e-01 1.832872679829597451e-01 1.822606277465820268e-01 1.812937889993190832e-01 1.803774361312389385e-01
3.072653234004974476e-01 2.969572871923446544e-01 2.872299522161483876e-01 2.779508045315742248e-01 2.694029098749160522e-01 2.617164662480354065e-01 2.549111711978912509e-01 2.489369949698448103e-01 2.437045249342918440e-01 2.391058281064033508e-01 2.350289440155029219e-01 2.313673284649848949e-01 2.280260482430458147e-01 2.249243864417076189e-01 2.219974103569984369e-01 2.191961911320686462e-01 2.164876085519790716e-01 2.138538089394569353e-01 2.112907069921493575e-01 2.088059926033020153e-01
2.435292503237724282e-01 2.359598964452743475e-01 2.296681258082389765e-01 2.240592288970947310e-01 2.190688467025756758e-01 2.146267664432525701e-01 2.106624895334243686e-01 2.071090972423553500e-01 2.039073103666305675e-01 2.010066467523574929e-01 1.983664251863956340e-01 1.959539522230625275e-01 1.937429581582546245e-01 1.917119483649730727e-01 1.898420765995979254e-01 1.881164753437042370e-01 1.865194612741470359e-01 1.850361654162406833e-01 1.836527560651302349e-01 1.823566752672195479e-01
2.517789402604103111e-01 2.438874194025993369e-01 2.372579514980316107e-01 2.311869654059409973e-01 2.256374791264534052e-01 2.205597952008247487e-01 2.159012815356254611e-01 2.116167321801185608e-01 2.076757523417472884e-01 2.040604597330093473e-01 2.007590818405151356e-01 1.977599990367889526e-01 1.950482755899429210e-01 1.926047575473785467e-01 1.904073581099510193e-01 1.884320862591266632e-01 1.866548904776573203e-01 1.850527094304561526e-01 1.836038279533386275e-01 1.822883026301860832e-01
2.496939885616302479e-01 2.456776645779609747e-01 2.422844684123992842e-01 2.388496121764183133e-01 2.353682842850685075e-01 2.318428173661231939e-01 2.282832396030426148e-01 2.247091484069824174e-01 2.211502629518508900e-01 2.176445642113685741e-01 2.142343080043792591e-01 2.109610736370086670e-01 2.078605601191520769e-01 2.049592164158821062e-01 2.022728765010833873e-01 1.998073969781398729e-01 1.975604058802127860e-01 1.955230103433132083e-01 1.936820659041404713e-01 1.920217351615428891e-01
2.420568558573722717e-01 2.369540333747863770e-01 2.325444537401199219e-01 2.284339550137519936e-01 2.245956683158874534e-01 2.209929206967353732e-01 2.175849893689155712e-01 2.143359413743018971e-01 2.112231388688087519e-01 2.082397571206092701e-01 2.053893357515335083e-01 2.026768416166305486e-01 2.001033347845077581e-01 1.976662018895149198e-01 1.953605872392654430e-01 1.931811262667179063e-01 1.911225035786628668e-01 1.891801372170448248e-01 1.873500424623489313e-01 1.856286315619945504e-01
2.711468243598937899e-01 2.639596000313758628e-01 2.578945136070251443e-01 2.522970488667488076e-01 2.471846118569374084e-01 2.425314092636108310e-01 2.382825329899787847e-01 2.343686297535896301e-01 2.307175835967063826e-01 2.272635582089424233e-01 2.239513501524925121e-01 2.207380047440528903e-01 2.175922465324401922e-01 2.144941508769989125e-01 2.114333093166351207e-01 2.084077164530754034e-01 2.054228097200393732e-01 2.024894404411315962e-01 1.996224549412727312e-01 1.968389944732189256e-01
2.242056113481521729e-01 2.202426600456237893e-01 2.171205288171768055e-01 2.143218290805816717e-01 2.118065941333770741e-01 2.095333066582679704e-01 2.074605250358581565e-01 2.055500100553035725e-01 2.037674479186534771e-01 2.020837022364139479e-01 2.004751263558864627e-01 1.989230710268020674e-01 1.974141381680965535e-01 1.959390582144260318e-01 1.944920973479747905e-01 1.930703040957450767e-01 1.916727384924888644e-01 1.902997715771198306e-01 1.889523182809352830e-01 1.876314710080623505e-01
2.610125753283500938e-01 2.546754315495490806e-01 2.484593999385833751e-01 2.419412100315093961e-01 2.352997690439224132e-01 2.287429353594779835e-01 2.224638313055038452e-01 2.166067469120025735e-01 2.112495411932468481e-01 2.064068892598152072e-01 2.020475222170352858e-01 1.981153742969036236e-01 1.945482245087623574e-01 1.912896645069122326e-01 1.882947204262018226e-01 1.855306579917669341e-01 1.829751475155353413e-01 1.806128516048192967e-01 1.784326280653476815e-01 1.764252326637506529e-01
2.472052200138568911e-01 2.417979933321476038e-01 2.376377470791339874e-01 2.339281572401523679e-01 2.305993765592574962e-01 2.275930237770080466e-01 2.248605790734291010e-01 2.223622417449951094e-01 2.200651334226131350e-01 2.179418969154357788e-01 2.159691849350929282e-01 2.141269820928573542e-01 2.123976798355579343e-01 2.107656510174274467e-01 2.092166829109191883e-01 2.077384111285209556e-01 2.063192379474639848e-01 2.049492461979389168e-01 2.036196176707744665e-01 2.023230898380279641e-01
2.157317379117011935e-01 2.134545305371284563e-01 2.117208208143711023e-01 2.100860676169395425e-01 2.085318036377429851e-01 2.070446047186851601e-01 2.056133066117763475e-01 2.042288665473461218e-01 2.028846453130245253e-01 2.015761567652225583e-01 2.003006617724895355e-01 1.990574358403682798e-01 1.978470151126384691e-01 1.966709464788437001e-01 1.955314590036869027e-01 1.944308023154735499e-01 1.933713795244693667e-01 1.923551374673843350e-01 1.913835616409778617e-01 1.904574936628341542e-01
