2.419341984391212563e-01 2.352090281248092607e-01 2.296233880519867043e-01 2.243224872648715840e-01 2.193017345666885276e-01 2.145511172711849213e-01 2.100505863130092687e-01 2.057754200696945146e-01 2.017023734748363550e-01 1.978146943449974049e-01 1.941045266389846702e-01 1.905726924538612421e-01 1.872265025973320063e-01 1.840758757293224357e-01 1.811306762695312489e-01 1.783989439904689889e-01 1.758854772150516554e-01 1.735911388695240143e-01 1.715128299593925432e-01 1.696434670686721713e-01
2.194370096921920699e-01 2.136033615469932478e-01 2.091468526422977370e-01 2.051630079746246393e-01 2.016188846528530199e-01 1.984797638654708929e-01 1.957021825015544947e-01 1.932352788746357075e-01 1.910254649817943462e-01 1.890224802494049061e-01 1.871835578978061632e-01 1.854753410816192549e-01 1.838727156817913100e-01 1.823579359054565419e-01 1.809183314442634471e-01 1.795456133782863672e-01 1.782342807948589236e-01 1.769809514284133856e-01 1.757837013900279965e-01 1.746411667764186937e-01
2.425491741299629078e-01 2.349699389934539751e-01 2.293472695350647073e-01 2.245184725522995084e-01 2.203201779723167331e-01 2.166079887747764665e-01 2.132657751441001948e-01 2.102068164944648765e-01 2.073699750006198772e-01 2.047130924463272106e-01 2.022071969509124656e-01 1.998326085507869665e-01 1.975756596028804823e-01 1.954267597198486306e-01 1.933789825439453103e-01 1.914272472262382452e-01 1.895678246021270663e-01 1.877977761626243580e-01 1.861149737238884105e-01 1.845175337791442882e-01
2.220064726471900896e-01 2.130482622981071383e-01 2.066470506787300154e-01 2.014077556133270219e-01 1.970407879352569502e-01 1.933488424122333516e-01 1.901944857835769775e-01 1.874760247766971699e-01 1.851146884262561687e-01 1.830471229553222723e-01 1.812219966948032390e-01 1.795975536108017079e-01 1.781399521231651351e-01 1.768218247592449055e-01 1.756210656464100017e-01 1.745199483633041448e-01 1.735039812326431286e-01 1.725614276528358582e-01 1.716826096177101191e-01 1.708596818149089869e-01
2.482260525226593073e-01 2.378787174820899963e-01 2.297749623656272777e-01 2.226577082276344210e-01 2.164917695522308450e-01 2.111922258138656527e-01 2.066462467610835907e-01 2.027351213991641921e-01 1.993491707742214292e-01 1.963945104181766543e-01 1.937935729324817558e-01 1.914846152067184448e-01 1.894186192750930697e-01 1.875568556785583429e-01 1.858686079084873322e-01 1.843291237950324957e-01 1.829177373647689897e-01 1.816178591549396648e-01 1.804147295653820149e-01 1.792959398031234719e-01
2.940920996665954412e-01 2.812517625093460261e-01 2.697153893113136136e-01 2.586109104752540855e-01 2.479029607772827160e-01 2.375927078723907571e-01 2.278262615203857366e-01 2.188538464903831415e-01 2.108846956491470248e-01 2.039958700537681524e-01 1.981409725546836864e-01 1.932036986947059665e-01 1.890460258722305165e-01 1.855363877117633953e-01 1.825607594847679094e-01 1.800249491631984722e-01 1.778522446751594488e-01 1.759803932905197044e-01 1.743587605655193273e-01 1.729459120333194655e-01
2.294732701778411932e-01 2.178844162821769737e-01 2.087229341268539429e-01 2.010415333509445179e-01 1.946306028962135337e-01 1.892838409543037281e-01 1.848134954273700781e-01 1.810590744018554799e-01 1.778887251019477811e-01 1.751965042948722961e-01 1.728973960876464822e-01 1.709231780469417650e-01 1.692184581607580063e-01 1.677378770709037903e-01 1.664440295100212130e-01 1.653057419508695558e-01 1.642972122877836283e-01 1.633970994502305929e-01 1.625877466797828741e-01 1.618546432256698642e-01
2.138193359971046481e-01 2.069067263603210360e-01 2.021212136745452748e-01 1.981729188561439647e-01 1.948174077272415150e-01 1.918936686217784793e-01 1.892939609289169267e-01 1.869465075433254242e-01 1.848035116493702001e-01 1.828321669995784660e-01 1.810086625814437966e-01 1.793155188858508997e-01 1.777386835217475980e-01 1.762671662867069111e-01 1.748911362886428900e-01 1.736023494601249828e-01 1.723933783173560996e-01 1.712576106190681346e-01 1.701890605688095026e-01 1.691823734343051999e-01
2.155874729156494196e-01 2.058136653900146384e-01 1.989836001396179110e-01 1.935691198706626925e-01 1.892203201353550024e-01 1.856817585229873779e-01 1.827646955847740118e-01 1.803273499011993353e-01 1.782616865634918113e-01 1.764856755733489879e-01 1.749358767271042003e-01 1.735642950236797322e-01 1.723340894281864266e-01 1.712170892953872592e-01 1.701916463673114888e-01 1.692408536374568895e-01 1.683514633774757518e-01 1.675129257142543848e-01 1.667167052626609691e-01 1.659558208286762149e-01
2.418883007764816295e-01 2.339830550551414423e-01 2.277111780643463201e-01 2.219427964091300887e-01 2.166042608022689941e-01 2.116557452082633850e-01 2.070709419250488237e-01 2.028295856714248668e-01 1.989136233925819508e-01 1.953059905767440818e-01 1.919897763431072102e-01 1.889486253261566107e-01 1.861662745475768932e-01 1.836266374588012562e-01 1.813133192062378052e-01 1.792097593843936798e-01 1.772988756000995758e-01 1.755635550618171725e-01 1.739866250753402677e-01 1.725515672564506553e-01
2.849992924928665405e-01 2.691715690493583502e-01 2.555448976159095942e-01 2.431680494546890337e-01 2.319741278886794933e-01 2.218897566199302673e-01 2.128839516639709495e-01 2.049467518925666698e-01 1.980550611019134544e-01 1.921491289138793912e-01 1.871308864653110637e-01 1.828802025318145841e-01 1.792734570801258198e-01 1.761964817345142431e-01 1.735510770976543549e-01 1.712557350099086773e-01 1.692451521754264887e-01 1.674672611057758387e-01 1.658816547691822074e-01 1.644567547738552127e-01
2.561494415998458729e-01 2.451935383677482649e-01 2.361234417557716292e-01 2.280084574222564775e-01 2.207402718067169312e-01 2.142386737465858393e-01 2.084356188774108831e-01 2.032702615857124306e-01 1.986857140064239580e-01 1.946279856562614374e-01 1.910448780655860934e-01 1.878856748342513927e-01 1.851018123328685705e-01 1.826473206281661876e-01 1.804796689748764116e-01 1.785603347420692544e-01 1.768548692762851593e-01 1.753329212963581074e-01 1.739680582284927335e-01 1.727373021841049072e-01
2.336549422144889865e-01 2.253631591796874944e-01 2.194819355010986239e-01 2.146863648295402605e-01 2.107120892405509871e-01 2.073484921455383267e-01 2.044381862878799361e-01 2.018681970238685730e-01 1.995584592223167419e-01 1.974534469842910700e-01 1.955141906440258093e-01 1.937135188281536025e-01 1.920315863192081363e-01 1.904537326097488492e-01 1.889682152867317166e-01 1.875654260814189900e-01 1.862371408939361705e-01 1.849762424826622009e-01 1.837761996686458621e-01 1.826309230923652549e-01
2.447955992817878734e-01 2.352944654226303001e-01 2.273544302582740650e-01 2.202545100450515880e-01 2.139864498376846391e-01 2.084861189126968328e-01 2.036569109559059065e-01 1.993971684575081005e-01 1.956169018149375993e-01 1.922425918281078228e-01 1.892150235176086326e-01 1.864866778254508917e-01 1.840175740420818273e-01 1.817733086645603180e-01 1.797239337861537833e-01 1.778433632850646984e-01 1.761089542508125216e-01 1.745017270743846882e-01 1.730058097839355380e-01 1.716083766520023479e-01
2.569192939996719494e-01 2.483272892236709495e-01 2.409727352857589655e-01 2.336917459964752142e-01 2.264277154207229581e-01 2.192535635828971874e-01 2.123121860623359558e-01 2.057632356882095337e-01 1.997424872219562553e-01 1.943393518030643585e-01 1.895906887948513031e-01 1.854874527454376254e-01 1.819863271713256792e-01 1.790240776538848944e-01 1.765286940336227295e-01 1.744280527532100777e-01 1.726550774276256472e-01 1.711504524946212691e-01 1.698632541298866205e-01 1.687512269616127103e-01
2.114211355149746008e-01 2.070931046456098434e-01 2.037231868505477994e-01 2.006945627182722125e-01 1.979717699438333645e-01 1.955210755765438013e-01 1.933092088252305885e-01 1.913055453449487575e-01 1.894832481443881889e-01 1.878192521631717737e-01 1.862939435243606556e-01 1.848902894556522236e-01 1.835941639542579551e-01 1.823928904533386186e-01 1.812757582962513103e-01 1.802333949506282895e-01 1.792575003206730022e-01 1.783408661186695054e-01 1.774772535264491913e-01 1.766609376668930032e-01
2.507022625207900868e-01 2.410098695755004961e-01 2.333544915914535500e-01 2.265399840474128790e-01 2.204713639616966148e-01 2.150783655047416587e-01 2.102938559651374717e-01 2.060483747720718295e-01 2.022707781195640653e-01 1.988928243517875671e-01 1.958534699678421143e-01 1.931013779342174441e-01 1.905937165021896473e-01 1.882954813539981787e-01 1.861776597797870636e-01 1.842166580259800013e-01 1.823928278684616155e-01 1.806900076568126734e-01 1.790950970351695981e-01 1.775972330570221025e-01
2.352275991439819469e-01 2.279020688682794615e-01 2.215836950391530946e-01 2.156320677697658450e-01 2.100041925907135121e-01 2.046917952597141210e-01 1.997071906924247631e-01 1.950731520354747894e-01 1.908126257359981648e-01 1.869391877949237724e-01 1.834527933597564775e-01 1.803393742442130909e-01 1.775734676420688551e-01 1.751218335330486375e-01 1.729483193159103427e-01 1.710166187584400144e-01 1.692932218313217274e-01 1.677483999729156572e-01 1.663567675650119704e-01 1.650969935953617018e-01
2.429589164257049683e-01 2.304018154740333502e-01 2.214799958467483509e-01 2.143077161908149841e-01 2.084079444408416804e-01 2.034165191650390558e-01 1.990779505670070559e-01 1.952223171293735460e-01 1.917397548258304718e-01 1.885611844062805298e-01 1.856425033509731259e-01 1.829546180367469799e-01 1.804767906665802057e-01 1.781924793124198825e-01 1.760867084562778573e-01 1.741457687318325176e-01 1.723558239638805500e-01 1.707039298117160875e-01 1.691773521900176991e-01 1.677645418047905013e-01
2.458887884020805326e-01 2.397787141799926636e-01 2.346830549836158852e-01 2.298594690859317724e-01 2.252854987978935297e-01 2.209422814846038752e-01 2.168047560751438230e-01 2.128453609347343567e-01 2.090411506593227442e-01 2.053804868459701560e-01 2.018643248081207209e-01 1.985058106482028850e-01 1.953249153494834855e-01 1.923424161970615498e-01 1.895737838745117088e-01 1.870256935060024273e-01 1.846947352588176605e-01 1.825690668821334794e-01 1.806310760974884078e-01 1.788604529201984483e-01
2.192812424898147594e-01 2.140961298346519548e-01 2.106161804497241885e-01 2.076596100628375907e-01 2.050845274329185508e-01 2.027924880385398865e-01 2.007117637991905346e-01 1.987903098762035248e-01 1.969898948073387224e-01 1.952823941409587982e-01 1.936473499238491047e-01 1.920692390203475874e-01 1.905363363027572643e-01 1.890396256744861503e-01 1.875721773505210910e-01 1.861286416649818309e-01 1.847048191726207711e-01 1.832973854243755418e-01 1.819043238461017509e-01 1.805240422487258967e-01
2.713873711228370622e-01 2.582364401221275418e-01 2.474587062001228355e-01 2.380414655804634072e-01 2.298990756273269764e-01 2.228639239072799649e-01 2.167447122931480397e-01 2.113650128245353754e-01 2.065798486769199471e-01 2.022790399193763744e-01 1.983816710114479076e-01 1.948293997347354811e-01 1.915796339511871282e-01 1.885999137163162365e-01 1.858647412061691373e-01 1.833528706431388766e-01 1.810468448698520638e-01 1.789317214488983232e-01 1.769944052398204903e-01 1.752233292162418410e-01
2.710244986414909185e-01 2.609971860051155113e-01 2.531889426708221480e-01 2.464607584476470881e-01 2.405940306186676036e-01 2.353955698013305564e-01 2.307115525007247814e-01 2.264255672693252508e-01 2.224513009190559332e-01 2.187252870202064381e-01 2.152006286382675271e-01 2.118430304527282593e-01 2.086274036765098649e-01 2.055359327793121471e-01 2.025564065575599648e-01 1.996809610724449291e-01 1.969054685533046800e-01 1.942286628484725941e-01 1.916512769460678167e-01 1.891755740344524261e-01
2.648001739382743747e-01 2.550828623771667636e-01 2.470136797428131026e-01 2.395995917916297901e-01 2.327779465913772661e-01 2.265105378627777222e-01 2.207634216547012251e-01 2.154991102218627996e-01 2.106766381859779269e-01 2.062531709671020508e-01 2.021854209899902333e-01 1.984320023655891385e-01 1.949569344520568903e-01 1.917313569784164506e-01 1.887335905432701022e-01 1.859479038417339303e-01 1.833623732626438185e-01 1.809674225747585352e-01 1.787536580860614732e-01 1.767116954922676175e-01
2.425226992368698098e-01 2.322985440492630060e-01 2.244639122486114524e-01 2.177703025937080261e-01 2.120131012797355774e-01 2.070136123895645053e-01 2.026224437355995112e-01 1.987195473909378063e-01 1.952117338776588329e-01 1.920284423232078430e-01 1.891165256500244030e-01 1.864365935325622559e-01 1.839590771496295851e-01 1.816617985069751695e-01 1.795279359817504861e-01 1.775443215668201513e-01 1.757005882263183716e-01 1.739877192676067275e-01 1.723981545865535814e-01 1.709245663881301946e-01
2.111663159728050243e-01 2.032214373350143544e-01 1.975408932566642684e-01 1.929599863290786810e-01 1.892716419696807983e-01 1.862867912650108260e-01 1.838471612334251493e-01 1.818268015980720465e-01 1.801282504200935330e-01 1.786772786080837172e-01 1.774176149070262887e-01 1.763068222999572832e-01 1.753129696846008334e-01 1.744120459258556299e-01 1.735855768620967743e-01 1.728197163343429543e-01 1.721038782596588101e-01 1.714300441741943293e-01 1.707921963930129905e-01 1.701856252551078863e-01
2.571533811092376887e-01 2.460768049955368020e-01 2.365833470225334190e-01 2.276210129261016790e-01 2.192815902829170216e-01 2.116573750972747803e-01 2.048085471987724226e-01 1.987532684206962663e-01 1.934703820943832475e-01 1.889083850383758423e-01 1.849957832694053561e-01 1.816508674621581942e-01 1.787904687225818634e-01 1.763358855247497692e-01 1.742165333032608121e-01 1.723718583583831732e-01 1.707509201765060325e-01 1.693118990957737102e-01 1.680211412906646717e-01 1.668514548242092110e-01
2.281233915686607383e-01 2.185944038629531738e-01 2.115577557682991050e-01 2.057950711250305098e-01 2.010512220859527466e-01 1.970971542596816894e-01 1.937471878528594926e-01 1.908575020730495508e-01 1.883200989663600944e-01 1.860542765259742826e-01 1.840008237957954373e-01 1.821159394085407335e-01 1.803675340116024095e-01 1.787319028377533092e-01 1.771916551887988966e-01 1.757337732613086789e-01 1.743484736979007688e-01 1.730284550786018449e-01 1.717679178714752175e-01 1.705622859299182892e-01
2.760586136579513683e-01 2.647695818543434054e-01 2.552890154719352767e-01 2.467368051409721263e-01 2.389241641759872470e-01 2.316804519295692366e-01 2.249140053987503107e-01 2.186116057634353571e-01 2.127932363748550326e-01 2.074765807390213102e-01 2.026631668210029658e-01 1.983372384309768643e-01 1.944694760441779968e-01 1.910211589932441778e-01 1.879498630762100331e-01 1.852122119069099515e-01 1.827666153013706163e-01 1.805745887756347590e-01 1.786013582348823514e-01 1.768163882195949443e-01
2.333780777454376176e-01 2.232658413052558966e-01 2.157121247053146451e-01 2.094760125875473056e-01 2.042792457342147705e-01 1.999013222754001673e-01 1.961743038892745927e-01 1.929718264937400896e-01 1.901971530914306763e-01 1.877746714651584714e-01 1.856441211700439464e-01 1.837571464478969518e-01 1.820743113756179699e-01 1.805635361373424397e-01 1.791990186274051711e-01 1.779592870175838448e-01 1.768271687626838673e-01 1.757879489660263139e-01 1.748299923539161638e-01 1.739431765675544805e-01
2.465505632758140664e-01 2.378695467114448625e-01 2.308807688951492187e-01 2.245262619853019836e-01 2.187629708647728100e-01 2.135542654991149925e-01 2.088626074790954634e-01 2.046465916931629048e-01 2.008602640032768338e-01 1.974541890621185347e-01 1.943790648877620764e-01 1.915874023735523179e-01 1.890364241600036577e-01 1.866878157854080234e-01 1.845090144872665316e-01 1.824724137783050593e-01 1.805551934242248524e-01 1.787390466034412262e-01 1.770095467567443792e-01 1.753557822108268716e-01
2.270845243334770336e-01 2.210190391540527433e-01 2.160471737384796198e-01 2.112042205035686571e-01 2.064858485758304663e-01 2.019410203397274117e-01 1.976400823891162895e-01 1.936520025134086664e-01 1.900280791521072321e-01 1.867949846386909585e-01 1.839544019103050154e-01 1.814878378808498505e-01 1.793625012040138134e-01 1.775380742549896307e-01 1.759722556173801411e-01 1.746244792640209154e-01 1.734578664600849029e-01 1.724404482543468453e-01 1.715450441837310658e-01 1.707493463158607505e-01
2.703460228443145819e-01 2.569270363450050221e-01 2.455037271976470981e-01 2.356032958626746998e-01 2.273375579714775052e-01 2.205980890989303611e-01 2.151249277591705256e-01 2.106259778141975347e-01 2.068478250503540117e-01 2.035970824956893910e-01 2.007352969050407443e-01 1.981673184037208435e-01 1.958284083008766108e-01 1.936740739643573739e-01 1.916734044253826097e-01 1.898045070469379370e-01 1.880511295795440629e-01 1.864011661708354917e-01 1.848450686037540480e-01 1.833748909831046936e-01
2.546834400296211220e-01 2.437565669417381398e-01 2.346842920780181918e-01 2.264035582542419378e-01 2.189184078574180625e-01 2.122083163261413441e-01 2.062262271344661724e-01 2.009097400307655323e-01 1.961921322345733520e-01 1.920087233185768238e-01 1.882989302277565113e-01 1.850059947371482938e-01 1.820769973099231609e-01 1.794635824859142359e-01 1.771221920847892706e-01 1.750152255594730477e-01 1.731105695664882649e-01 1.713817778229713429e-01 1.698071488738059909e-01 1.683690366148948570e-01
2.541214323043823331e-01 2.462305718660354747e-01 2.400760585069656450e-01 2.346806168556213323e-01 2.298894670605659551e-01 2.255578950047492925e-01 2.215691244602203402e-01 2.178370472788810630e-01 2.143024545907974143e-01 2.109272590279579196e-01 2.076901254057884338e-01 2.045818862318992681e-01 2.016014498472213645e-01 1.987523403763770957e-01 1.960399515926837810e-01 1.934692846238613151e-01 1.910435399413108748e-01 1.887632946670055323e-01 1.866262461245059845e-01 1.846273925900459301e-01
2.769212359189986983e-01 2.659029039740562483e-01 2.561036634445190696e-01 2.468456399440765447e-01 2.381767177581787243e-01 2.301422610878944286e-01 2.227721926569938560e-01 2.160608962178230397e-01 2.099698227643966575e-01 2.044425955414772011e-01 1.994193395972251870e-01 1.948437443375587441e-01 1.906656938791274902e-01 1.868411453068256345e-01 1.833318892121315047e-01 1.801044465601444322e-01 1.771306028962135182e-01 1.743861843645572729e-01 1.718512730300426616e-01 1.695095297694206304e-01
3.196231733262538954e-01 2.936239530146121934e-01 2.701949885487556213e-01 2.498583582043647777e-01 2.330751141905784696e-01 2.196806836128234741e-01 2.091969597339630171e-01 2.010668435692787304e-01 1.947705806791782401e-01 1.898685553669929582e-01 1.860085177421569869e-01 1.829182147979736273e-01 1.803939944505691395e-01 1.782858952879905756e-01 1.764855864644050698e-01 1.749155960977077373e-01 1.735206758975982588e-01 1.722612990438938119e-01 1.711096149682998779e-01 1.700453367829322937e-01
2.433039614558220043e-01 2.353969797492027338e-01 2.287425383925437983e-01 2.225351852178573675e-01 2.167954823374748097e-01 2.115238428115844838e-01 2.067019924521446284e-01 2.023007842898368880e-01 1.982868407666683319e-01 1.946279065310955181e-01 1.912941689789295074e-01 1.882590854167938144e-01 1.854982943832874376e-01 1.829888550937175673e-01 1.807082714140415269e-01 1.786342857778072390e-01 1.767445957660674916e-01 1.750177551805973120e-01 1.734332677721977245e-01 1.719724637269973710e-01
2.523075506091118081e-01 2.427589446306228638e-01 2.359416732192039512e-01 2.304907590150833130e-01 2.260487681627273426e-01 2.223316836357116799e-01 2.191289374232292253e-01 2.162877950072288613e-01 2.136969891190528825e-01 2.112754979729652427e-01 2.089643450081348497e-01 2.067218616604805104e-01 2.045198270678520169e-01 2.023414734005928028e-01 2.001792114973068304e-01 1.980327872931957334e-01 1.959074965119361744e-01 1.938120815157890198e-01 1.917574973404407579e-01 1.897552680969238348e-01
2.448432496190071084e-01 2.382838255167007424e-01 2.327722524106502489e-01 2.272899021208286408e-01 2.218659108877182040e-01 2.165638968348503057e-01 2.114549413323402460e-01 2.066010706126689966e-01 2.020443858206272258e-01 1.978047958016395658e-01 1.938826158642768804e-01 1.902653500437736511e-01 1.869329504668712505e-01 1.838632906973362013e-01 1.810346855223178841e-01 1.784268450736999634e-01 1.760221520066261314e-01 1.738052101433277263e-01 1.717624360322952404e-01 1.698820546269416698e-01
2.257763174176216081e-01 2.177267456054687578e-01 2.115341979265213113e-01 2.060546535253524880e-01 2.011926019191742077e-01 1.968639621138572604e-01 1.929945313930511441e-01 1.895194879174232350e-01 1.863832309842109736e-01 1.835389104485511680e-01 1.809472128748893793e-01 1.785753685235977051e-01 1.763957531750202090e-01 1.743846935033798173e-01 1.725223861634731237e-01 1.707919979095459118e-01 1.691796496510505621e-01 1.676736605167389038e-01 1.662643162906169980e-01 1.649434077739715676e-01
2.586966466903686257e-01 2.503072372078895547e-01 2.439874050021171581e-01 2.385525879263877824e-01 2.337532466650009133e-01 2.294091930985450722e-01 2.253904345631599360e-01 2.216026473045349110e-01 2.179768449068069380e-01 2.144631004333495961e-01 2.110265314579010121e-01 2.076449939608573936e-01 2.043076282739639260e-01 2.010130481421947557e-01 1.977675475180148967e-01 1.945831248164177074e-01 1.914752119779586925e-01 1.884606568515300729e-01 1.855555731058120827e-01 1.827740491926670152e-01
3.000963070988655335e-01 2.891859140992164567e-01 2.796224510669708119e-01 2.707071927189826921e-01 2.624789983034133689e-01 2.549283561110496366e-01 2.480208295583724853e-01 2.417116203904151883e-01 2.359531283378601130e-01 2.306985533237457253e-01 2.259051439166069042e-01 2.215330445766449108e-01 2.175463536381721519e-01 2.139114665985107355e-01 2.105972053110599651e-01 2.075744174420833532e-01 2.048157227039337225e-01 2.022956778109073761e-01 1.999908387660980225e-01 1.978798796236515001e-01
2.736551722884177917e-01 2.605312666296958901e-01 2.497655844688415616e-01 2.405637896060943692e-01 2.328092417120933566e-01 2.263142848014831621e-01 2.208499255776405212e-01 2.161833950877189714e-01 2.121105086803436179e-01 2.084700885415077254e-01 2.051453271508216769e-01 2.020573520660400302e-01 1.991565449535846744e-01 1.964147332310676453e-01 1.938178375363349970e-01 1.913603740930557295e-01 1.890412476658821228e-01 1.868608666956424746e-01 1.848189587891101715e-01 1.829140569269657179e-01
2.258490824699401767e-01 2.195435677468776658e-01 2.144763721525669020e-01 2.098082914948463384e-01 2.055039186775684257e-01 2.015388831496238708e-01 1.978923670947551616e-01 1.945458285510540120e-01 1.914827306568622489e-01 1.886870343983173270e-01 1.861427390575408902e-01 1.838327270746231146e-01 1.817394290864467743e-01 1.798440536856651395e-01 1.781275254487991455e-01 1.765708722174167689e-01 1.751554048061370883e-01 1.738635772466659568e-01 1.726789885759353604e-01 1.715866042673587777e-01
2.557187357544898898e-01 2.443419677019119385e-01 2.352714449167251642e-01 2.271376881003379922e-01 2.193452492356300354e-01 2.117902827262878318e-01 2.047497394680976857e-01 1.985270592570304860e-01 1.932547068595886208e-01 1.888943469524383412e-01 1.853167700767517079e-01 1.823711907863616866e-01 1.799210652709007374e-01 1.778550408780574799e-01 1.760871538519859225e-01 1.745522621273994379e-01 1.732014656066894476e-01 1.719982238113880180e-01 1.709148229658603579e-01 1.699304063618183036e-01
2.246424040198325978e-01 2.127815809845924333e-01 2.036064404249191273e-01 1.961818408966064520e-01 1.902756822109222534e-01 1.855916076898574962e-01 1.818464227020740454e-01 1.788053229451179449e-01 1.762885925173759416e-01 1.741648305952548936e-01 1.723397926986217632e-01 1.707462809979915508e-01 1.693362294137477908e-01 1.680748358368873707e-01 1.669366505742073126e-01 1.659023743867874268e-01 1.649573667347431216e-01 1.640901431441307012e-01 1.632915067672729426e-01 1.625538957118987937e-01
2.562608841061592146e-01 2.431650087237358093e-01 2.324718743562698420e-01 2.232244670391082819e-01 2.153772658109665006e-01 2.087892910838127225e-01 2.032629585266113315e-01 1.985951381921768066e-01 1.946060496568679798e-01 1.911483705043792725e-01 1.881067502498626753e-01 1.853930032253265359e-01 1.829407633841037828e-01 1.807006637752056055e-01 1.786358903348445881e-01 1.767195437848567974e-01 1.749313427507877272e-01 1.732569463551044409e-01 1.716850347816944178e-01 1.702075101435184534e-01
2.657101362943649070e-01 2.554713600873947388e-01 2.463523013889789559e-01 2.374544125795364502e-01 2.289804029464721780e-01 2.211116071045398646e-01 2.139678804576397031e-01 2.076011323928833030e-01 2.020043613016605510e-01 1.971290373802185025e-01 1.929037858545780137e-01 1.892489521205425185e-01 1.860872972011566040e-01 1.833482486009597734e-01 1.809700763225555453e-01 1.788994486629962855e-01 1.770909988880157437e-01 1.755060189962387163e-01 1.741116558015346483e-01 1.728798010945320207e-01
2.176240012049674988e-01 2.123214900493621826e-01 2.083259648084640481e-01 2.046565198898315507e-01 2.012521642446517822e-01 1.980768615007400535e-01 1.951059806346893410e-01 1.923218096792697895e-01 1.897130054235458274e-01 1.872726604342460632e-01 1.849965868890285359e-01 1.828813877701759294e-01 1.809222897887229897e-01 1.791128289699554510e-01 1.774446976184844982e-01 1.759082171320915100e-01 1.744928939640522092e-01 1.731881794333458013e-01 1.719836013019084842e-01 1.708693484961986420e-01
