4.910864193040606618e-01 4.388527149245713410e-01 3.855880894647634727e-01 3.325366687969653623e-01 2.844422171445330494e-01 2.445205301983514878e-01 2.134154001227580033e-01 1.900458920223172810e-01 1.727512848941842039e-01 1.599664325010962673e-01 1.504487102490384143e-01 1.432831478479784093e-01 1.378166058368515134e-01 1.335871898452751227e-01 1.302676367620006215e-01 1.276249086565803825e-01 1.254908076173160136e-01 1.237426103313919168e-01 1.222901278804056358e-01 1.210659074701834481e-01
4.810402777091712934e-01 4.099761444577598168e-01 3.467642881750361838e-01 2.913265679217875159e-01 2.458876558998599748e-01 2.109942571632563990e-01 1.858182723168283756e-01 1.685032952949404583e-01 1.569107238575816188e-01 1.492146429698914256e-01 1.440776274353265662e-01 1.405954762548208281e-01 1.381803773529827473e-01 1.364562857523560491e-01 1.351833079010248129e-01 1.342077602818608217e-01 1.334304778277873860e-01 1.327872932609170664e-01 1.322357357107102893e-01 1.317480395082384348e-01
4.967548287446061361e-01 4.149629365141231374e-01 3.371218151144728115e-01 2.733751614567881960e-01 2.263303572604490888e-01 1.928508260639500704e-01 1.691428843143512606e-01 1.522661139577394240e-01 1.401285115728387598e-01 1.312831109372200322e-01 1.247432672075228788e-01 1.198372564051533168e-01 1.161048313364153733e-01 1.132270910532679475e-01 1.109803352493327067e-01 1.092054573720088184e-01 1.077876571164233660e-01 1.066430463601136525e-01 1.057095312612364030e-01 1.049407048081047872e-01
3.617275621004409913e-01 2.935136460489593535e-01 2.415800220734672654e-01 2.042589013760152672e-01 1.776003702898742709e-01 1.585579397111723798e-01 1.452929402270274339e-01 1.363065140515755114e-01 1.302977704361546751e-01 1.262589887525612520e-01 1.234854590435861543e-01 1.215160823240876153e-01 1.200600244989254856e-01 1.189374044812825520e-01 1.180373250416323627e-01 1.172911132444278276e-01 1.166555212756793525e-01 1.161027688278409159e-01 1.156139833986526422e-01 1.151761454233201226e-01
3.265050935578620028e-01 2.673894166498030356e-01 2.198686452809256453e-01 1.845598424250056158e-01 1.597228788305073977e-01 1.426838077721185871e-01 1.310475638508796781e-01 1.230329090042505402e-01 1.174225713044870639e-01 1.134141096891835288e-01 1.104856373427901411e-01 1.082971690909471374e-01 1.066259919269941792e-01 1.053237996692769213e-01 1.042902536375913819e-01 1.034560484031680910e-01 1.027724490384571282e-01 1.022039379563648293e-01 1.017250950366724305e-01 1.013161656574811803e-01
1.594006666708737585e+00 1.406186231600586423e+00 1.207262078287940410e+00 1.028212997858027000e+00 8.825683740686508516e-01 7.674190761409045436e-01 6.747485811761316787e-01 5.975609069421875530e-01 5.304905730133918640e-01 4.694114835361687943e-01 4.119097508562845067e-01 3.579572035770979821e-01 3.095076149067608751e-01 2.687957172712776566e-01 2.367353311588522025e-01 2.126608726475387734e-01 1.950462616258300808e-01 1.822544380254112195e-01 1.729130700835957990e-01 1.659971820400096554e-01
2.860444543836638265e-01 2.523650402668863313e-01 2.228993555717170283e-01 1.986836527800187602e-01 1.801114425715059086e-01 1.666431851545348841e-01 1.571271722204983234e-01 1.503826643759384740e-01 1.454955560900270950e-01 1.418399903457611688e-01 1.390072536468505981e-01 1.367342065088451020e-01 1.348499502101913050e-01 1.332421184191480146e-01 1.318357598455622837e-01 1.305795469554141275e-01 1.294377935351803954e-01 1.283855732344091061e-01 1.274046309012919764e-01 1.264819752331823033e-01
3.311658451767470757e-01 2.750828965593609676e-01 2.291909353953087702e-01 1.937176781382549950e-01 1.681533475572086767e-01 1.504986240972357447e-01 1.385342919686809171e-01 1.304469487736059918e-01 1.249374723155142475e-01 1.211303956164192647e-01 1.184509284867090173e-01 1.165244245203211904e-01 1.151057756942464039e-01 1.140338317817077007e-01 1.132015252264682165e-01 1.125370152387768080e-01 1.119916738499887321e-01 1.115323139511747302e-01 1.111360615282319525e-01 1.107870621810434358e-01
3.560608818271430165e-01 3.056138246152113602e-01 2.663724120769984660e-01 2.347547931550070521e-01 2.085898851323872705e-01 1.870458078337833285e-01 1.698434485541656658e-01 1.566125487675890382e-01 1.467386567359790228e-01 1.394928356958553273e-01 1.341924482770264215e-01 1.302832001447677690e-01 1.273519612615928165e-01 1.251054518949240579e-01 1.233414479950442899e-01 1.219214519253000589e-01 1.207512030145153348e-01 1.197662125667557087e-01 1.189218384074047230e-01 1.181865979498252228e-01
4.678133063118912194e-01 3.889410358373515675e-01 3.089546725617361989e-01 2.392065596930478821e-01 1.893613811715613438e-01 1.581073237003602083e-01 1.394836796448362393e-01 1.283700046084413904e-01 1.215498895652854100e-01 1.171957035362265753e-01 1.142909200140638792e-01 1.122641701692327909e-01 1.107867738198547169e-01 1.096651114354608575e-01 1.087813082101638379e-01 1.080625125576625545e-01 1.074616739279008470e-01 1.069478968819021214e-01 1.065002346536493838e-01 1.061039591219741784e-01
8.225711889355443729e-01 6.538254482240881682e-01 5.108046003088858589e-01 3.989555080788613761e-01 3.173904518618928527e-01 2.594910713931131152e-01 2.184681796280045774e-01 1.893256772329914295e-01 1.686425178003264636e-01 1.540026853885501645e-01 1.436420859169447728e-01 1.362759958696551643e-01 1.309870190941728740e-01 1.271347445191349790e-01 1.242796356539474789e-01 1.221220758114941463e-01 1.204580395447555907e-01 1.191477860853774468e-01 1.180955133342649760e-01 1.172339653101516915e-01
5.555985538056120721e-01 4.652075999265071204e-01 3.935036985599436044e-01 3.358033066410280321e-01 2.888954205817935716e-01 2.511192412579839606e-01 2.212507184522473913e-01 1.980279187235282623e-01 1.801522911348729383e-01 1.664281467440787421e-01 1.558578383942949563e-01 1.476578101815539390e-01 1.412335765623629336e-01 1.361411894291444380e-01 1.320510653815290536e-01 1.287194844969781204e-01 1.259652852622093755e-01 1.236541521339677291e-01 1.216857835778500929e-01 1.199850654602050842e-01
5.491361696023523420e-01 4.554321261089353534e-01 3.884810211107833089e-01 3.370672425383236526e-01 2.929584438554395653e-01 2.536325259187833803e-01 2.192128227232024162e-01 1.907906393642201659e-01 1.690155393596069200e-01 1.533145633860208135e-01 1.423743616784486354e-01 1.348395820916630239e-01 1.296311725657506020e-01 1.259818901392281976e-01 1.233731497311964659e-01 1.214614247111603651e-01 1.200197305064648334e-01 1.188979485200252345e-01 1.179959427495487073e-01 1.172462271270342110e-01
2.234414375317282930e-01 2.066715786652639497e-01 1.933744861697778150e-01 1.824057681765407224e-01 1.733577446639537889e-01 1.658535202685743615e-01 1.595813998067751593e-01 1.542930314643308487e-01 1.497919816849753172e-01 1.459227339597418960e-01 1.425619040429592088e-01 1.396112574497237746e-01 1.369926959136500977e-01 1.346440411265939496e-01 1.325161712802946645e-01 1.305706838378682677e-01 1.287775154551491219e-01 1.271136551257222858e-01 1.255620895372703549e-01 1.241096321400255026e-01
3.511332978503196589e-01 2.941214511256112218e-01 2.339031500893179460e-01 1.854537086305208526e-01 1.543377790995873466e-01 1.361666758346836981e-01 1.256055610359180785e-01 1.192291010008193486e-01 1.151725972385611446e-01 1.124492216005455736e-01 1.105249847017694270e-01 1.091001254972070456e-01 1.080004948063287840e-01 1.071200052089989196e-01 1.063927420496474929e-01 1.057752799766603913e-01 1.052391672588419147e-01 1.047646897356025869e-01 1.043377764429897075e-01 1.039486010256223392e-01
2.445355344251720353e-01 2.108149183237401358e-01 1.887781617185100846e-01 1.738837611000053629e-01 1.636870596744120221e-01 1.564852571254596036e-01 1.511811631917953369e-01 1.470896294992417030e-01 1.437865747045725673e-01 1.410116971842944600e-01 1.386066488362848736e-01 1.364756615459918887e-01 1.345603577420115549e-01 1.328249050956219479e-01 1.312453599646687397e-01 1.298045128956437089e-01 1.284881017263978797e-01 1.272830158658325717e-01 1.261777874175459280e-01 1.251608133036643256e-01
1.147199158486910120e-01 1.101085485890507670e-01 1.080805767863057543e-01 1.068418378103524469e-01 1.060329032875597516e-01 1.054723041038960196e-01 1.050616568466648526e-01 1.047453903313726176e-01 1.044904840970411891e-01 1.042766866320744140e-01 1.040911366511136360e-01 1.039253662200644579e-01 1.037740927329286883e-01 1.036337132658809446e-01 1.035014764033257983e-01 1.033755358355119836e-01 1.032547580637037804e-01 1.031384205631911688e-01 1.030256182653829511e-01 1.029159686481580099e-01
6.531090663304712773e-01 5.775760366084964348e-01 5.117775622691260740e-01 4.483551772451028206e-01 3.883467638335423300e-01 3.338272531788970543e-01 2.862552623911142069e-01 2.463525373465381696e-01 2.142737484632743772e-01 1.896472934491612305e-01 1.715625404419552080e-01 1.587317596363595762e-01 1.497983104412560218e-01 1.435891932470258203e-01 1.392153729568235687e-01 1.360557374334894210e-01 1.336960493470542022e-01 1.318670266447588835e-01 1.303955728234723332e-01 1.291700211865827452e-01
5.064260814119916354e-01 4.268105993669019105e-01 3.557435423917195139e-01 2.943909980673613536e-01 2.465563387260772399e-01 2.118183365909499238e-01 1.870987811835948256e-01 1.694517688360065166e-01 1.567182631674222670e-01 1.474058761028572972e-01 1.404929954500403200e-01 1.352794894319958863e-01 1.312830584356561303e-01 1.281692383030895166e-01 1.257045122550334848e-01 1.237235050881281551e-01 1.221076019166503074e-01 1.207714103453327026e-01 1.196519678225740763e-01 1.187025975983124204e-01
1.295329035660252037e+00 1.138018290926411380e+00 9.936051715220673985e-01 8.648909109194937717e-01 7.495435289118904665e-01 6.431060041028832108e-01 5.421642467092897544e-01 4.469640633718003908e-01 3.615877972874750323e-01 2.906415645259767255e-01 2.359276030334149232e-01 1.960926620865939274e-01 1.681559019238920982e-01 1.489487604738678750e-01 1.358243248111102863e-01 1.268214206269476507e-01 1.205812419852008988e-01 1.161943859991151906e-01 1.130620665557216797e-01 1.107893946592230366e-01
1.241216710787266475e+00 1.083559075249358905e+00 9.251709369104355041e-01 7.752164207433815957e-01 6.410295698314439905e-01 5.267502515637215721e-01 4.333536173122775059e-01 3.593680982966520610e-01 3.019758715124044035e-01 2.579875418751907956e-01 2.244471761168870261e-01 1.988830697847151774e-01 1.793451768664538482e-01 1.643420948386483393e-01 1.527502798987552535e-01 1.437321457022335269e-01 1.366631480585783764e-01 1.310773789207451134e-01 1.266264614253304888e-01 1.230488099646754596e-01
6.303155416467780547e-01 5.168704977230572650e-01 4.245812347974424750e-01 3.516531293359003163e-01 2.949483701630379318e-01 2.510249654641665829e-01 2.170956095450674306e-01 1.911417541309492762e-01 1.716125022516416798e-01 1.571724483885918733e-01 1.466327714356884804e-01 1.389838358513225125e-01 1.334217853593236136e-01 1.293392329585549283e-01 1.262948407130443096e-01 1.239756930289877407e-01 1.221625778530142231e-01 1.207034116823342690e-01 1.194929143361514456e-01 1.184578717171098083e-01
3.530617881612851949e-01 2.886241415573749802e-01 2.445502898888662346e-01 2.142001965316012446e-01 1.930718185845762547e-01 1.780313243181444738e-01 1.670456673204898934e-01 1.588112107175402299e-01 1.524868393503129582e-01 1.475215288856998042e-01 1.435471537336707182e-01 1.403113198513165072e-01 1.376372060365974870e-01 1.353968068119138501e-01 1.334956074715591967e-01 1.318623942509293545e-01 1.304420612717512862e-01 1.291915505251381435e-01 1.280772290541790370e-01 1.270722265192307521e-01
6.635341307145427026e-01 5.787399310853197365e-01 4.861171285956515931e-01 3.856235465363533899e-01 2.909955886205716769e-01 2.184532981525990070e-01 1.727093060409242709e-01 1.467539823101833563e-01 1.324392019608058024e-01 1.244440123232016110e-01 1.198428453924952897e-01 1.170964566967450105e-01 1.153900854091625683e-01 1.142823767906520488e-01 1.135278554749675067e-01 1.129861748917028313e-01 1.125755724636837846e-01 1.122467319224961096e-01 1.119701608456671188e-01 1.117272816039621836e-01
3.457438787423597892e-01 3.014976013712293845e-01 2.665173070373622610e-01 2.387272263696650076e-01 2.167670424383322803e-01 1.994077702800859664e-01 1.856305519482703004e-01 1.746199820545939474e-01 1.657403001825150657e-01 1.585032374158618085e-01 1.525358739696093813e-01 1.475576503231423031e-01 1.433561632584314793e-01 1.397714917256962508e-01 1.366825022501871045e-01 1.339968295965809353e-01 1.316430556075647573e-01 1.295651956554502160e-01 1.277190203708596650e-01 1.260686470288783223e-01
1.218485547762829801e+00 1.023416070943931055e+00 8.415773048694245029e-01 6.853856094120601705e-01 5.585096046889520549e-01 4.581381668960963771e-01 3.795363985955356179e-01 3.183981864657107752e-01 2.712946079281027822e-01 2.354161771078361332e-01 2.083478884643409357e-01 1.880301278491970096e-01 1.727771930932067435e-01 1.612698883970733743e-01 1.525114277936518159e-01 1.457661924045532964e-01 1.404999650688841806e-01 1.363258858793415240e-01 1.329655583738349467e-01 1.302168562775477823e-01
2.931002894197202169e-01 2.343577486672438759e-01 1.973871895912452656e-01 1.727515934419352472e-01 1.555129822297021680e-01 1.432895383727736671e-01 1.346098768152296510e-01 1.284117857972159882e-01 1.239358308655209850e-01 1.206548588513396691e-01 1.182090621115639839e-01 1.163531736843287923e-01 1.149183062533847971e-01 1.137874080194160309e-01 1.128782751667313233e-01 1.121324120834469862e-01 1.115077873039990730e-01 1.109743073908612127e-01 1.105098639614880141e-01 1.100984158925712164e-01
8.962190916391051809e-01 7.363727499216838890e-01 6.220304569507425496e-01 5.435462582017273059e-01 4.878178663595190145e-01 4.444438417028868660e-01 4.067412466462701492e-01 3.712831491511315307e-01 3.372474126808810979e-01 3.054213553038425677e-01 2.769759803893975803e-01 2.526055137044750376e-01 2.323246803483925704e-01 2.156809771386906383e-01 2.020425832318142045e-01 1.907874178141355515e-01 1.813882067985832791e-01 1.734280030988156751e-01 1.665916227176785502e-01 1.606433736998587880e-01
3.511232112908328484e-01 2.846206571446964761e-01 2.355265425473589969e-01 2.004106341638686173e-01 1.757594720838824287e-01 1.587307055667042666e-01 1.470964282727800221e-01 1.391589636099524740e-01 1.336948229954577905e-01 1.298634200729429644e-01 1.271060107275843731e-01 1.250578263564966486e-01 1.234821202489547465e-01 1.222253730730153559e-01 1.211869790125638252e-01 1.203006849065423045e-01 1.195222232653759403e-01 1.188219388760626272e-01 1.181794265052303616e-01 1.175807354203425303e-01
8.837343037815014180e-01 7.756771360168613905e-01 6.820329967435827534e-01 6.018010439897403252e-01 5.270916975800787885e-01 4.514891608142352353e-01 3.773316853289725437e-01 3.113576387532521195e-01 2.578388722392264687e-01 2.172150529758073434e-01 1.876464226981625072e-01 1.665980886644683745e-01 1.517179394629784017e-01 1.411505918717011754e-01 1.335524278064258441e-01 1.279926407244056374e-01 1.238399488292634548e-01 1.206685177213512317e-01 1.181902370206080327e-01 1.162084547663107537e-01
4.838540801292401938e-01 3.608370778795506606e-01 2.677652503871286171e-01 2.064818820730306426e-01 1.693124318062154965e-01 1.472355154211254513e-01 1.339256379529433494e-01 1.256574206988443632e-01 1.203383856304571925e-01 1.167920346540631676e-01 1.143430775150773154e-01 1.125938580179354220e-01 1.113038951813359739e-01 1.103241370432078844e-01 1.095591025098110599e-01 1.089468006201786965e-01 1.084454945236211637e-01 1.080261851404793610e-01 1.076688006546464710e-01 1.073586830424028415e-01
2.426395484234672162e-01 2.142480097315274112e-01 1.918270796746947005e-01 1.744347695261239950e-01 1.611904621333815069e-01 1.511609144322574039e-01 1.435499265417456705e-01 1.377333795139566164e-01 1.332431534351780911e-01 1.297353268181905273e-01 1.269592003477737208e-01 1.247325754258781644e-01 1.229222741536796087e-01 1.214305182686075540e-01 1.201847248850390348e-01 1.191307211481034689e-01 1.182277357531711509e-01 1.174446044396609129e-01 1.167573898425325746e-01 1.161477677710354289e-01
6.401562697162443971e-01 5.538191646246484190e-01 4.941191506529974964e-01 4.438267525118908541e-01 3.929478646286543309e-01 3.405759701304487130e-01 2.905914113806739030e-01 2.467884341652097635e-01 2.108176731711864649e-01 1.830181991400411379e-01 1.628547592950053413e-01 1.489239747053943685e-01 1.394916269090026584e-01 1.330666572647169199e-01 1.285898096486925990e-01 1.253726000059396106e-01 1.229817090695723841e-01 1.211469445982947951e-01 1.196958904294297132e-01 1.185173857910558626e-01
5.877253572068003029e-01 4.727034179585462015e-01 3.961761017356911774e-01 3.412935820774211648e-01 2.947912417143782049e-01 2.514326273295452441e-01 2.132930079940706380e-01 1.837948131491430048e-01 1.632633992959745262e-01 1.496599875087849807e-01 1.406730017089284912e-01 1.345985121815465313e-01 1.303537926124408719e-01 1.272791217733174607e-01 1.249736709753051372e-01 1.231886019837111212e-01 1.217660144669935052e-01 1.206028465693816526e-01 1.196300117857754253e-01 1.187997151119634526e-01
4.972452458085536153e-01 4.118873170979537868e-01 3.169155378263258105e-01 2.336486967142263893e-01 1.785723949270322797e-01 1.477496720571070954e-01 1.314529846515506417e-01 1.227672362880548457e-01 1.179774617310613422e-01 1.152229298278689418e-01 1.135682205227203645e-01 1.125294451578520288e-01 1.118474427727051135e-01 1.113785764470230782e-01 1.110414119437336949e-01 1.107876871165353744e-01 1.105885161831974967e-01 1.104260407085530526e-01 1.102887499181088027e-01 1.101697925920598203e-01
1.045713470372538811e+00 8.776415004595128355e-01 7.312493323848502369e-01 6.116426877296180509e-01 5.161031564233417024e-01 4.394115712685743302e-01 3.774038990866392940e-01 3.275395218376070394e-01 2.880505825113505169e-01 2.572572489362209835e-01 2.334726967755705040e-01 2.151510642189532474e-01 2.009965478442609366e-01 1.899833187740296025e-01 1.813263442646712020e-01 1.744347426295280445e-01 1.688674355018884021e-01 1.642964029498398260e-01 1.604781151376664661e-01 1.572315984405577294e-01
4.449950531855574876e-01 3.379759701779767034e-01 2.614822220863788904e-01 2.098244313651230208e-01 1.756699558649779669e-01 1.530508848901475094e-01 1.379140654895399942e-01 1.276287584568585320e-01 1.205146837388701847e-01 1.155009369688309584e-01 1.119008581559319260e-01 1.092690487556092216e-01 1.073121024175361510e-01 1.058338362807353383e-01 1.047002479915499912e-01 1.038188614579576147e-01 1.031243445722156982e-01 1.025698960692898315e-01 1.021217245651678263e-01 1.017547329650551613e-01
5.607738702724657243e-01 4.643383527721743897e-01 3.470993179896800229e-01 2.471158278475468206e-01 1.820394821945183206e-01 1.450980501275626056e-01 1.247587637222022788e-01 1.132755432565250020e-01 1.064976145569471594e-01 1.023058992528604050e-01 9.960035482102284898e-02 9.778659500181674513e-02 9.653008327528368737e-02 9.563327796131489145e-02 9.497622978742584210e-02 9.448255985727882500e-02 9.410272052569780554e-02 9.380378318834119156e-02 9.356305667650303970e-02 9.336492796908714420e-02
1.666306899483315673e+00 1.444205322983907580e+00 1.194439905354083731e+00 9.663020036700618043e-01 7.899748276300669891e-01 6.652919422311378561e-01 5.802279476579133011e-01 5.221690472703812702e-01 4.808707157375056163e-01 4.488519325719244057e-01 4.210743982886560599e-01 3.943617520919815433e-01 3.667900930900168666e-01 3.372709400752941789e-01 3.055038175047502524e-01 2.722491826581972529e-01 2.394569380013854276e-01 2.096487355577755785e-01 1.847407164231481269e-01 1.653229086469218678e-01
4.076072926175584032e-01 3.392287555294751789e-01 2.780466130748391329e-01 2.278863780735991829e-01 1.906808798387646664e-01 1.651770661282353225e-01 1.483923267666250601e-01 1.374318255949765477e-01 1.301842605089768845e-01 1.252812907565385159e-01 1.218741098744794693e-01 1.194391999254003217e-01 1.176505448808893572e-01 1.163005951466038884e-01 1.152543501043692270e-01 1.144223497714847299e-01 1.137438243487849804e-01 1.131774590583518175e-01 1.126944727008230979e-01 1.122746444144286232e-01
2.721025391748799205e-01 2.193626072145707373e-01 1.834949230001075293e-01 1.598876153878518447e-01 1.445372509694425323e-01 1.344399445358430978e-01 1.276446120743639778e-01 1.229461449920199873e-01 1.196068601333536152e-01 1.171702096983790464e-01 1.153486115345731394e-01 1.139561292692087557e-01 1.128698564437217999e-01 1.120064458972774429e-01 1.113081513298675440e-01 1.107342223660089109e-01 1.102551802853122404e-01 1.098494047136046037e-01 1.095009357901290115e-01 1.091976012964732956e-01
6.049529299233108448e-01 5.035450037162809700e-01 4.036106796461331192e-01 3.151836508827636774e-01 2.469955865948713913e-01 1.999997256423785008e-01 1.695721931266598315e-01 1.502260642331968710e-01 1.378062780514301144e-01 1.296537941414862838e-01 1.241582964191911692e-01 1.203498094540555036e-01 1.176362969866022457e-01 1.156503795017488345e-01 1.141588968259748121e-01 1.130108491203282023e-01 1.121068692475091638e-01 1.113797214895021204e-01 1.107833685225341480e-01 1.102855281520169206e-01
7.832156454951939573e-01 6.354243083652545421e-01 5.305472686791108394e-01 4.565579281719692739e-01 4.017177685019850952e-01 3.570513552868942453e-01 3.173208239771338479e-01 2.806456395409350213e-01 2.472628068531048384e-01 2.181090893360669858e-01 1.938316866566310581e-01 1.744361736380233285e-01 1.594119470505393210e-01 1.480050497152842481e-01 1.394406794154201545e-01 1.330383823426745937e-01 1.282492783962516092e-01 1.246505578281357912e-01 1.219259374355897291e-01 1.198423948744311990e-01
1.461736614704132187e+00 1.285399934983943337e+00 1.092383268355138215e+00 8.967830634884011998e-01 7.167727533669130402e-01 5.653926739085000097e-01 4.445286953507456840e-01 3.504033463630185086e-01 2.794690065008035296e-01 2.281389084163674974e-01 1.920420549872506044e-01 1.668949732399892250e-01 1.492914225886352031e-01 1.368219672705890955e-01 1.278632624566671538e-01 1.213327572984417152e-01 1.165047882280487168e-01 1.128870207055297226e-01 1.101412835608061858e-01 1.080315706669352921e-01
1.080981052113091812e+00 9.384426079683180211e-01 8.066153485293215963e-01 6.904279364173089295e-01 5.965111723075460226e-01 5.245532214160789630e-01 4.700047922917292564e-01 4.276565745787229145e-01 3.931918151199351730e-01 3.635051917470991656e-01 3.365997771034017205e-01 3.114143185154534810e-01 2.876408121827989661e-01 2.654885949799791200e-01 2.453861887985840373e-01 2.277029194822534908e-01 2.125905034551396899e-01 1.999622222315519948e-01 1.895646448526531469e-01 1.810661887982860097e-01
1.537064483668768800e+00 1.384201996060437478e+00 1.180984876808834017e+00 9.625369683293684142e-01 7.723077721759910030e-01 6.275017247538039467e-01 5.231209481146106288e-01 4.472877838055137611e-01 3.895859366124977963e-01 3.429606274981051861e-01 3.033388184057548842e-01 2.688766860682517135e-01 2.391483069816604246e-01 2.142760020401328902e-01 1.942369310418143868e-01 1.786083904281258461e-01 1.666772961243987161e-01 1.576559177227318254e-01 1.508355096075683910e-01 1.456456683110445849e-01
4.747618229390354605e-01 3.734362833753948618e-01 2.915778798231622448e-01 2.319885357445502783e-01 1.917231072147842497e-01 1.652522657130612027e-01 1.478674887586385045e-01 1.363186840713024039e-01 1.285151444794610243e-01 1.231397265987470707e-01 1.193612505868077295e-01 1.166504865535534924e-01 1.146657926240004649e-01 1.131828464241698418e-01 1.120522061479277964e-01 1.111730495234951321e-01 1.104757602349854956e-01 1.099122845288366124e-01 1.094485281733796056e-01 1.090595721080899194e-01
3.930140436376677870e-01 3.069886659067560530e-01 2.492457395856774727e-01 2.108526603749487638e-01 1.847340388246812015e-01 1.663164772641084754e-01 1.528515644785511662e-01 1.427097995452686618e-01 1.349140168198209588e-01 1.288569913695755409e-01 1.241356657346477793e-01 1.204606887911722907e-01 1.176073136162210653e-01 1.153940200898432578e-01 1.136735244857845772e-01 1.123270555547787874e-01 1.112613474109093725e-01 1.104047717727371508e-01 1.097029849345562968e-01 1.091152811265783396e-01
3.863348552022785043e-01 3.354998975465423583e-01 2.869928068030913049e-01 2.448211894460399218e-01 2.110571057980632770e-01 1.854567390546435490e-01 1.665609701990615477e-01 1.526901719428133131e-01 1.424416093109175663e-01 1.347811177629046064e-01 1.289786465652286995e-01 1.245232313126325568e-01 1.210555450315587284e-01 1.183204130781814467e-01 1.161346332263201442e-01 1.143655013432726270e-01 1.129157898807898186e-01 1.117132887151092296e-01 1.107040516566485111e-01 1.098471707571297834e-01
5.598977051978727415e-01 4.617036909132730127e-01 3.805641630305035550e-01 3.169406033081759166e-01 2.688224856245869931e-01 2.332386650546686702e-01 2.072653163224458805e-01 1.884025919460691478e-01 1.746771252434700661e-01 1.646118621923960690e-01 1.571420699451118730e-01 1.515154129778966408e-01 1.472063455963507350e-01 1.438477368094027153e-01 1.411819856381043847e-01 1.390272093005478493e-01 1.372533077793195722e-01 1.357662336342036757e-01 1.344976629782468069e-01 1.333968765102326870e-01
