1.123556284327059895e+00 1.014359825809369786e+00 9.073364057473373157e-01 8.081247891623388746e-01 7.201027758902864839e-01 6.444268923262757021e-01 5.807185570289584708e-01 5.277229824597753360e-01 4.838339155670837721e-01 4.474297759518958695e-01 4.170479769934899994e-01 3.914485764992423622e-01 3.696222517173737288e-01 3.507660186081193454e-01 3.342522775963880366e-01 3.195959309092722966e-01 3.064255318883806201e-01 2.944592337589710951e-01 2.834849708154797421e-01 2.733441804535686748e-01
9.094224226741107753e-01 8.161716455719465468e-01 7.273109761397199557e-01 6.452910012313077814e-01 5.714185164385707782e-01 5.061176472160150430e-01 4.492632640542978950e-01 4.003646528324861786e-01 3.587121003539414099e-01 3.234909919095207420e-01 2.938645008612275067e-01 2.690310266255164784e-01 2.482570024271262832e-01 2.308914127930461191e-01 2.163707270708982722e-01 2.042144611140247479e-01 1.940179860359057817e-01 1.854444561200216390e-01 1.782140447711572095e-01 1.720944796595722526e-01
6.500016342494200350e-01 6.035907312174094708e-01 5.620849979677586816e-01 5.215767734237306552e-01 4.772570413630546904e-01 4.285399416598693056e-01 3.791661020493484191e-01 3.334347715896728848e-01 2.940062361644231737e-01 2.617095952045350726e-01 2.361201024369802282e-01 2.162174249808231363e-01 2.008476581856666610e-01 1.889649066194669935e-01 1.797158743019099392e-01 1.724463218817254562e-01 1.666679244651459169e-01 1.620220228238031246e-01 1.582443396910093725e-01 1.551412639138288752e-01
2.581107144305782586e-01 2.399256582824364215e-01 2.250159176026499952e-01 2.125993479489989013e-01 2.023324517183937021e-01 1.938255026988917884e-01 1.867254953307565246e-01 1.807411940593738053e-01 1.756391991057898727e-01 1.712376712705008797e-01 1.673948583519086208e-01 1.640027027972973950e-01 1.609788909065537066e-01 1.582620326010510392e-01 1.558056234847754185e-01 1.535748428478836969e-01 1.515427958685904852e-01 1.496887384308502045e-01 1.479955264460295350e-01 1.464488751534372690e-01
9.497752888200193810e-01 8.531398307952804405e-01 7.639398773643999441e-01 6.847686412668554379e-01 6.163308214070275515e-01 5.577673440659418613e-01 5.072409580310340838e-01 4.624911176599562079e-01 4.215125358989462168e-01 3.831928111557499350e-01 3.474903056106996013e-01 3.150162880821153477e-01 2.863986526766166274e-01 2.619068266927934152e-01 2.414118068365496694e-01 2.245188890275676419e-01 2.107181186661182537e-01 1.994888214833918094e-01 1.903594778146361910e-01 1.829248010856099338e-01
1.527998714689165372e+00 1.456553961294703159e+00 1.378234667587094009e+00 1.291021803303155968e+00 1.196205748911015609e+00 1.096754146176135647e+00 9.958932075728352817e-01 8.966546264756470874e-01 8.016431917353474823e-01 7.128799417207483113e-01 6.317328219610135465e-01 5.589382745982220957e-01 4.946885218734678458e-01 4.387539837462827719e-01 3.906074532505590668e-01 3.495419959118589714e-01 3.147669338718731002e-01 2.854788089150679387e-01 2.609065115491102649e-01 2.403417183136843938e-01
4.126251093682185567e-01 3.845213655810948428e-01 3.544156931508768982e-01 3.236725465150447900e-01 2.940388418285511118e-01 2.668193262157001477e-01 2.427892421855358529e-01 2.222300436522345879e-01 2.050498931505717326e-01 1.909275053348392370e-01 1.794369680364616138e-01 1.701349892374127981e-01 1.626092925528064281e-01 1.565031477762386103e-01 1.515202292799949779e-01 1.474216395337134555e-01 1.440178329031914506e-01 1.411604891251772576e-01 1.387344593834131945e-01 1.366504371818154928e-01
2.451350288197863825e-01 2.176801524184338588e-01 1.952518289227737069e-01 1.775635454128496327e-01 1.640617867717082956e-01 1.539550097811297757e-01 1.464702888121443558e-01 1.409509198587329537e-01 1.368783672797144468e-01 1.338604141122777813e-01 1.316075375460786789e-01 1.299090717229409997e-01 1.286135805743924831e-01 1.276117726828488175e-01 1.268253143411129658e-01 1.261976706195855613e-01 1.256881980184698377e-01 1.252669029170647153e-01 1.249126547970808992e-01 1.246094281354453437e-01
1.228700107429176597e-01 1.219702679384499777e-01 1.218436452466994530e-01 1.217380299884825989e-01 1.216444223374128358e-01 1.215600763447582666e-01 1.214831851422786685e-01 1.214126000367105052e-01 1.213473153486847866e-01 1.212863761652260980e-01 1.212293710932135643e-01 1.211755582224577632e-01 1.211246591527014999e-01 1.210760972276330033e-01 1.210298061463981889e-01 1.209853156842291416e-01 1.209423698950558845e-01 1.209008831810206158e-01 1.208606653660535823e-01 1.208214976545423230e-01
3.602400030466742509e-01 3.235267778831621421e-01 2.893524479528787330e-01 2.587622498170003560e-01 2.324674922230951790e-01 2.105357592010841383e-01 1.926413946287357237e-01 1.782568917663593377e-01 1.667993534778952347e-01 1.577138579092570714e-01 1.505139928765129309e-01 1.447968439012765896e-01 1.402404240472242269e-01 1.365899595152586798e-01 1.336482794722542167e-01 1.312627844605595007e-01 1.293165187863632992e-01 1.277184473304077972e-01 1.263983747549355108e-01 1.253019715938717138e-01
7.932588166039477029e-01 7.321530553576960365e-01 6.819123718119408650e-01 6.416930483415944630e-01 6.099213203921499682e-01 5.849447701780764453e-01 5.653157680478034797e-01 5.498350672989635868e-01 5.375283301890977361e-01 5.275997980548845501e-01 5.193887325160500001e-01 5.123264491794193853e-01 5.058969542385921558e-01 4.996056558674444870e-01 4.929481833424142478e-01 4.853864227698795886e-01 4.763396272556928990e-01 4.651992948643601244e-01 4.513825950829777889e-01 4.344283346683369129e-01
7.240125937812262880e-01 6.542100842570652830e-01 5.864283027453347508e-01 5.224902571829261877e-01 4.639532615070129373e-01 4.117623136773248538e-01 3.662634113486001319e-01 3.273040344938544788e-01 2.943932358937271787e-01 2.668587166781071773e-01 2.439697547560717716e-01 2.250144057263969433e-01 2.093435511559801065e-01 1.963901214202269374e-01 1.856715099419488924e-01 1.767848260846221764e-01 1.693979733932064746e-01 1.632388262299355186e-01 1.580856720358133349e-01 1.537582494225352980e-01
4.239723736699670398e-01 3.750856491367449141e-01 3.329619679381721764e-01 2.972517404021345899e-01 2.675168432034842891e-01 2.430239835096290324e-01 2.229698210420610893e-01 2.065890099641546906e-01 1.932069582513759043e-01 1.822548548743361529e-01 1.732659235414757970e-01 1.658637354953680088e-01 1.597458658646792040e-01 1.546699295844882749e-01 1.504422398842871211e-01 1.469065484963357482e-01 1.439381595794111401e-01 1.414359521586447954e-01 1.393179014138877514e-01 1.375178049691021531e-01
1.627125225314014934e+00 1.499040761524806920e+00 1.363781012713734420e+00 1.230574497841298687e+00 1.106858773698040643e+00 9.970497152084135672e-01 9.028261237274273210e-01 8.238837142294750393e-01 7.587793490411605113e-01 7.056005217038545663e-01 6.623818689635482260e-01 6.273241861925362706e-01 5.988761247915135311e-01 5.757453486904614559e-01 5.568759162792048523e-01 5.414097356766273128e-01 5.286518206330583780e-01 5.180368168848872301e-01 5.091009604990597293e-01 5.014607938571135071e-01
2.072255626926198524e-01 1.950479455059394296e-01 1.854603771585971173e-01 1.775935658626258407e-01 1.711520514963194850e-01 1.658604007959365856e-01 1.614891115389764376e-01 1.578524754196405366e-01 1.548023361805826448e-01 1.522218669857829942e-01 1.500193451717495852e-01 1.481225923448800941e-01 1.464750972297042542e-01 1.450324124936014369e-01 1.437597353383898713e-01 1.426294020656496409e-01 1.416195437684655278e-01 1.407127902284264487e-01 1.398949736542999811e-01 1.391544274613261134e-01
4.833730518382799435e-01 4.555755169047529529e-01 4.148155175792271887e-01 3.653424101003656665e-01 3.139111601998593182e-01 2.668800720843137464e-01 2.281537106941323167e-01 1.985689393250504586e-01 1.770167556321952385e-01 1.617298003507312287e-01 1.510218695085495666e-01 1.435477063618600391e-01 1.383197430474683576e-01 1.346435170480981547e-01 1.320397691242396754e-01 1.301802419032901392e-01 1.288401944376528219e-01 1.278652661200612717e-01 1.271488774660974874e-01 1.266168310772627648e-01
4.556595810191356732e-01 4.082430928902613387e-01 3.661934014676080373e-01 3.296126885676312623e-01 2.982858656385883322e-01 2.717187177683808574e-01 2.493459046236239374e-01 2.306034710537642196e-01 2.149638352147303644e-01 2.019499340234324203e-01 1.911411257367581218e-01 1.821695181773975436e-01 1.747201682068407480e-01 1.685265135020017624e-01 1.633643754944205384e-01 1.590472278371453385e-01 1.554223488178104184e-01 1.523639386892318703e-01 1.497701644711196545e-01 1.475578005332499609e-01
6.006372629712859457e-01 5.545196788571774560e-01 5.122061475436203715e-01 4.714022867660969673e-01 4.306475225216127023e-01 3.903135885782103021e-01 3.518072602403845006e-01 3.165094347319131751e-01 2.853038380407815766e-01 2.585078281231107944e-01 2.359955844122668955e-01 2.173655301447797727e-01 2.020896671205991979e-01 1.896166372089646834e-01 1.794322727911639992e-01 1.710871224893708020e-01 1.642043012281647063e-01 1.584768491610884789e-01 1.536590283142868496e-01 1.495571957518040951e-01
6.349842362340677449e-01 5.831220411736172116e-01 5.423381566181706415e-01 5.105582897628631045e-01 4.854685669324231845e-01 4.649552774383483023e-01 4.472645723496679881e-01 4.309958561588427828e-01 4.150816061079967700e-01 3.987763834826182352e-01 3.816549425222910963e-01 3.636012900294736117e-01 3.447721475805156088e-01 3.255290422774851367e-01 3.063409319706261180e-01 2.876891173096373655e-01 2.699886517552658738e-01 2.535438386490568297e-01 2.385369800077751234e-01 2.250404536724090465e-01
1.435643656197935325e+00 1.331260538930073345e+00 1.221156848352402458e+00 1.109008818734437130e+00 9.981930857338011664e-01 8.915233292733318882e-01 7.912152675492688525e-01 6.988328470941632675e-01 6.153071697824634700e-01 5.409963407786563261e-01 4.758016822680872226e-01 4.192872800534587219e-01 3.707972637600323584e-01 3.295516603771829756e-01 2.947221389624201104e-01 2.654862228198180407e-01 2.410662029744707890e-01 2.207489793351851415e-01 2.038977920031175006e-01 1.899551493162289217e-01
6.362094403686933131e-01 5.644253921904600624e-01 5.016875083185732276e-01 4.460429755322365963e-01 3.953740593622569466e-01 3.497430629409155056e-01 3.100644522867515018e-01 2.766509408835554629e-01 2.491028619158896507e-01 2.266537489485926926e-01 2.084529262521391535e-01 1.937090416573482854e-01 1.817485937725518974e-01 1.720208289748552388e-01 1.640813533475738994e-01 1.575769767616293504e-01 1.522273192864304348e-01 1.478086802066536642e-01 1.441441370488610041e-01 1.410926591779571027e-01
5.955015131505205783e-01 5.332258479580923582e-01 4.653780103502094811e-01 3.976574400236131401e-01 3.358944634860290268e-01 2.836172421350277029e-01 2.417969975931282545e-01 2.096220338797620264e-01 1.854600041493540685e-01 1.675480818843789188e-01 1.543325622196516644e-01 1.445764702354426778e-01 1.373463218277902465e-01 1.319568215415347356e-01 1.279123821342363909e-01 1.248557128373067870e-01 1.225289462017826736e-01 1.207457034208346131e-01 1.193698625941760905e-01 1.183016715955454851e-01
2.245460085477679890e-01 2.082497787941247347e-01 1.948756728088483214e-01 1.837763901660218746e-01 1.746700541861355427e-01 1.672278164606541273e-01 1.611449545808136541e-01 1.561598259303718927e-01 1.520561629347503274e-01 1.486585438903421097e-01 1.458267836458981004e-01 1.434498198423534709e-01 1.414393480028957040e-01 1.397255278378725096e-01 1.382529973890632424e-01 1.369779298640787513e-01 1.358651915285736256e-01 1.348868491593748220e-01 1.340202371589839514e-01 1.332471471093595039e-01
6.587791300041135889e-01 5.904158159950747553e-01 5.272337414574576053e-01 4.701120234272093690e-01 4.195321683274141900e-01 3.754044990997909004e-01 3.373280618337412551e-01 3.047444430481845989e-01 2.770334795731833055e-01 2.535709556692745670e-01 2.337635787179851710e-01 2.170685040886678463e-01 2.030024539816076834e-01 1.911435854722185468e-01 1.811303471074029448e-01 1.726568733158637681e-01 1.654659192208782770e-01 1.593431474769022305e-01 1.541106997954193591e-01 1.496217234665527807e-01
5.410726404588808158e-01 4.843655215942692660e-01 4.340275239487527692e-01 3.907815569941885947e-01 3.544868892349768430e-01 3.244096956448629387e-01 2.996242275205440730e-01 2.792097254586405897e-01 2.623460795450955896e-01 2.483441204950213310e-01 2.366432982683181752e-01 2.267973180348053508e-01 2.184531355043873302e-01 2.113324839156121016e-01 2.052156173484399881e-01 1.999274433497339465e-01 1.953289946075528749e-01 1.913077770033851377e-01 1.877733299182727800e-01 1.846516823675483365e-01
4.002618948963936329e-01 3.538733098609372907e-01 3.143852141083334772e-01 2.811905348382424674e-01 2.537028520416606536e-01 2.311230160333798134e-01 2.126498091180110406e-01 1.975528969369588494e-01 1.852014379657736520e-01 1.750687402609037158e-01 1.667240252164901848e-01 1.598194963095011245e-01 1.540766411818185466e-01 1.492740141582180602e-01 1.452354736113920797e-01 1.418210060664568950e-01 1.389190343407244732e-01 1.364400871223642731e-01 1.343126322072930590e-01 1.324790177512477352e-01
5.967065569139958781e-01 5.392096260342077452e-01 4.777928438764444952e-01 4.165941002163162654e-01 3.596209518410978245e-01 3.095420608933534545e-01 2.675270515915872394e-01 2.335173755688447206e-01 2.066902157475851709e-01 1.858921383850974940e-01 1.699356621532933653e-01 1.577575139736291099e-01 1.484753166267182567e-01 1.413903983100317507e-01 1.359657465294003553e-01 1.317946179118007488e-01 1.285714716836810212e-01 1.260672896425239775e-01 1.241110199736431274e-01 1.225745675922371436e-01
1.421976714476121950e-01 1.372658550561527691e-01 1.339564371549931687e-01 1.312839596887351856e-01 1.290551120814052433e-01 1.271512179513228924e-01 1.254982018691953305e-01 1.240496768988668952e-01 1.227754412044305410e-01 1.216546557762194364e-01 1.206716270220931642e-01 1.198127831658348380e-01 1.190663901099469485e-01 1.184204979892820170e-01 1.178644630499184193e-01 1.173871701373718629e-01 1.169792089611291913e-01 1.166309976927004805e-01 1.163343559205532035e-01 1.160819348972290804e-01
4.235372860028291941e-01 3.961409660079516226e-01 3.706825119641143917e-01 3.460695452615618617e-01 3.213591446937061891e-01 2.959924915758893049e-01 2.702281680982560053e-01 2.451985246175900079e-01 2.223234824324026582e-01 2.026098258187994383e-01 1.863960942998528492e-01 1.734900534106418590e-01 1.634235812909901053e-01 1.556552719604223922e-01 1.496819106303155511e-01 1.450823290366679563e-01 1.415234591718763091e-01 1.387505494337528955e-01 1.365715498104691505e-01 1.348427997063845474e-01
1.828032970819622349e+00 1.751249521914869600e+00 1.657816259805113157e+00 1.550066876010969263e+00 1.433603609753772545e+00 1.315070281373336814e+00 1.200615267492830762e+00 1.094877271130681118e+00 1.000620085797272685e+00 9.188687758659943583e-01 8.493025414552539676e-01 7.907065768027677910e-01 7.413345394609496264e-01 6.991546356678008944e-01 6.619803685881197053e-01 6.275259998900583058e-01 5.934553488324308956e-01 5.575140945511976032e-01 5.178605841298121737e-01 4.736165215622167857e-01
5.636364854329258822e-01 5.250152629076910715e-01 4.986919955777466273e-01 4.799200708655553260e-01 4.629696581630196039e-01 4.418606716796659728e-01 4.115877933761203367e-01 3.709915421488721998e-01 3.245824278899089865e-01 2.796456513261364463e-01 2.414993524560304639e-01 2.118362307752249818e-01 1.899021339928731456e-01 1.740661095562973104e-01 1.627125790266291117e-01 1.545486898499075223e-01 1.486278017330914802e-01 1.442825167765841021e-01 1.410505797388031946e-01 1.386116882925853000e-01
6.579781378270126435e-01 5.987903388832274132e-01 5.456819539517095974e-01 4.965929490752023501e-01 4.512185565185700131e-01 4.096031632759718488e-01 3.718584800242388244e-01 3.380442011338891661e-01 3.080931659834459380e-01 2.818034263048321275e-01 2.588895350997336142e-01 2.390383754111826409e-01 2.219415282271802459e-01 2.073013730999082316e-01 1.948293583327904421e-01 1.842496475670486744e-01 1.753023531520739309e-01 1.677509987074881914e-01 1.613847760111093432e-01 1.560179439000785317e-01
4.450275656377561950e-01 4.060371976460919741e-01 3.611449664978863550e-01 3.151113844068936243e-01 2.725729102405602955e-01 2.363922070007902221e-01 2.074694481323786088e-01 1.853225912748166504e-01 1.688211667747236688e-01 1.567122454592026759e-01 1.478830870427191302e-01 1.414464846532791920e-01 1.367352552665397625e-01 1.332632857281714767e-01 1.306827459996566243e-01 1.287447581160813537e-01 1.272739152424037512e-01 1.261444882629439157e-01 1.252668779343366623e-01 1.245764312986284428e-01
1.524459141679108121e-01 1.506310724839568238e-01 1.498139953240752165e-01 1.491527853347361099e-01 1.485997082944959524e-01 1.481242529023438781e-01 1.477053353469818808e-01 1.473277650307864006e-01 1.469809234421700361e-01 1.466572905983775932e-01 1.463511885609477814e-01 1.460587309114634857e-01 1.457766227982938423e-01 1.455030948948115022e-01 1.452362094353884525e-01 1.449749585334211555e-01 1.447183073591440938e-01 1.444656008575111727e-01 1.442162277642637380e-01 1.439699729904532488e-01
7.058494596445235025e-01 6.285240949275612277e-01 5.605858042977700517e-01 5.022254731883731838e-01 4.515171237647882529e-01 4.060602990246843791e-01 3.649039340367885020e-01 3.282710950521868787e-01 2.964526307791129356e-01 2.693742904948885353e-01 2.466515771384001632e-01 2.277443789085936143e-01 2.120774337920011132e-01 1.991090273452573445e-01 1.883629331682459551e-01 1.794364350673277042e-01 1.719965700246393614e-01 1.657718143006786660e-01 1.605418485216796309e-01 1.561284673539921619e-01
2.950573036838977647e-01 2.695833510579541126e-01 2.485258551174774899e-01 2.308777891844510932e-01 2.162017317255958970e-01 2.040242980141192541e-01 1.939161394117400183e-01 1.855071520712226751e-01 1.784866871032863844e-01 1.725983859878033322e-01 1.676318578887730781e-01 1.634175095241516829e-01 1.598178436048328932e-01 1.567222297284752153e-01 1.540422256663441791e-01 1.517056513857096556e-01 1.496560252644121569e-01 1.478465969953685899e-01 1.462406726554036085e-01 1.448074480798095531e-01
1.734938390592578816e+00 1.632684993599105017e+00 1.513810140601635768e+00 1.382640154037508173e+00 1.246471481032763284e+00 1.113042871601064743e+00 9.887673263548276692e-01 8.777177335710439898e-01 7.815970199342519020e-01 7.002773752924986717e-01 6.324951885896734627e-01 5.764475587467313700e-01 5.301899064797908068e-01 4.918680549296550186e-01 4.598257683939300233e-01 4.326379040593746894e-01 4.091095615207632208e-01 3.882603285735239940e-01 3.693022102420218111e-01 3.516192618454806462e-01
2.562750663237238768e-01 2.288605343690142124e-01 2.064018185157328877e-01 1.885809827782213566e-01 1.748964809253811814e-01 1.645793016999959890e-01 1.568675302714109543e-01 1.511122231744229660e-01 1.468014995753764984e-01 1.435490359738469113e-01 1.410701053217053302e-01 1.391584548540413246e-01 1.376645382307469800e-01 1.364807253330946046e-01 1.355290730670094534e-01 1.347529811412095935e-01 1.341109583340585332e-01 1.335722138918936375e-01 1.331140725314617079e-01 1.327194109186530246e-01
9.667973904050449763e-01 8.653374756361881248e-01 7.723446884546092406e-01 6.906292407250476106e-01 6.205654375700373482e-01 5.607028666278347506e-01 5.084770863852463574e-01 4.609942534536821679e-01 4.160455809195991450e-01 3.729313507387996829e-01 3.324069307076388258e-01 2.957743491092696964e-01 2.639819250756750280e-01 2.372827367798163445e-01 2.153602559097518576e-01 1.975972127934255695e-01 1.832915031020820595e-01 1.717858839602558751e-01 1.625153710256518058e-01 1.550177766574779570e-01
3.169963362067937940e-01 2.804919880515626684e-01 2.485059630214527804e-01 2.217082474031485673e-01 2.001925620616384627e-01 1.834219511249102763e-01 1.705923854978755039e-01 1.608757326193153980e-01 1.535409251600503844e-01 1.479961124993860733e-01 1.437847978714853481e-01 1.405634108185768172e-01 1.380779058951884519e-01 1.361417699232697620e-01 1.346179543063044659e-01 1.334059147443622251e-01 1.324316182080656212e-01 1.316397940274328104e-01 1.309897987917065521e-01 1.304505992121994529e-01
5.828471814352087499e-01 5.499907810756121673e-01 5.261325071160536382e-01 5.085682989331803405e-01 4.945918813155731342e-01 4.815316701598931215e-01 4.669229334406554965e-01 4.488602655706926958e-01 4.265531044651288406e-01 4.006584708794252991e-01 3.729648278062813738e-01 3.455818312411429449e-01 3.201987627003108905e-01 2.977710454116458960e-01 2.785914506111293876e-01 2.625176182307768502e-01 2.491906310163903848e-01 2.381824075605254720e-01 2.290782920620404173e-01 2.215105226123705584e-01
4.980083477688458382e-01 4.463016104890266678e-01 4.008228742521896537e-01 3.613380272460199327e-01 3.274475837945647339e-01 2.985758502376847923e-01 2.741187865419487668e-01 2.534926639734476073e-01 2.361532968099163687e-01 2.216049894657589892e-01 2.094045165236457229e-01 1.991630635329056653e-01 1.905458133027423118e-01 1.832696378766558998e-01 1.770982907945290175e-01 1.718370029330253679e-01 1.673262980068102590e-01 1.634360690228641166e-01 1.600606097094714741e-01 1.571141652390360965e-01
4.454273914633086195e-01 4.006475031294394196e-01 3.634970031916134325e-01 3.330538768480801326e-01 3.081797252633646234e-01 2.877176036894832367e-01 2.706961729360045643e-01 2.563520135532598720e-01 2.441047263739165030e-01 2.335204044030979309e-01 2.242746760300360631e-01 2.161227881396189376e-01 2.088788746949285235e-01 2.023989112675189939e-01 1.965705504687502991e-01 1.913029150757938612e-01 1.865229288348927983e-01 1.821707829274237245e-01 1.781960468646138773e-01 1.745569334458559885e-01
4.540213164244778499e-01 4.056475732196122563e-01 3.642771569774777007e-01 3.292573914144304448e-01 3.000122451917968669e-01 2.757349990707979037e-01 2.556016665359493456e-01 2.388670784285716331e-01 2.249009618540458166e-01 2.131909694094792918e-01 2.033282624106254877e-01 1.949837865503650514e-01 1.878933825803687785e-01 1.818420241214334931e-01 1.766528541524894635e-01 1.721808578912168708e-01 1.683058081660419592e-01 1.649281432433053751e-01 1.619654461508616694e-01 1.593496881052851588e-01
9.702588379423104925e-01 8.745887674412551327e-01 7.925625584739464102e-01 7.248151959698679869e-01 6.699208611588619577e-01 6.258952961624697497e-01 5.909457427699089660e-01 5.634647507428645063e-01 5.418233134233969572e-01 5.242826423020359172e-01 5.089800322751443229e-01 4.939125961719423863e-01 4.769319311599582445e-01 4.558535448200564111e-01 4.288497351033129235e-01 3.951977997846799484e-01 3.560527544611249984e-01 3.144952412369963479e-01 2.744471295247785658e-01 2.391218788406627160e-01
3.617768964858260050e-01 3.217018285760878116e-01 2.875417132739676029e-01 2.589757937773538021e-01 2.355547417129855714e-01 2.165910793697639614e-01 2.013430069142486956e-01 1.891109639542992160e-01 1.792918549427122421e-01 1.713878884642690559e-01 1.650012778969562610e-01 1.598176259960018830e-01 1.555877098478004039e-01 1.521153162242262491e-01 1.492457034061953902e-01 1.468569433621269016e-01 1.448529419773694760e-01 1.431571961104055046e-01 1.417098975513363390e-01 1.404634952388005287e-01
8.137132059314171606e-01 7.260468527599732713e-01 6.509161366120588266e-01 5.888264230474306027e-01 5.382936204803990821e-01 4.969398197287228092e-01 4.622436625492991613e-01 4.319160710775031276e-01 4.041622359953680466e-01 3.778696700785076357e-01 3.526319153982331311e-01 3.285597382986452653e-01 3.059926936173063550e-01 2.852586961693941436e-01 2.665560807417023392e-01 2.499308924307842850e-01 2.353094188560498901e-01 2.225436436649761152e-01 2.114477585708664231e-01 2.018260438413563007e-01
7.698425821078126452e-01 6.874066661568940528e-01 6.137355004889832877e-01 5.495188637957290068e-01 4.935196846961298345e-01 4.434796274107066227e-01 3.976499267990584729e-01 3.557032910210546350e-01 3.182017342839389973e-01 2.856408522045239540e-01 2.580467401351853596e-01 2.350433114041516058e-01 2.160540796608256542e-01 2.004609185204026256e-01 1.876865137432469077e-01 1.772282345711209961e-01 1.686626496288226862e-01 1.616386877126206045e-01 1.558688213489949626e-01 1.511191570316441357e-01
5.237732069005142099e-01 4.878814937948738883e-01 4.632316961469769012e-01 4.459501754699840559e-01 4.323085432164953112e-01 4.195656081740071208e-01 4.060480841135722385e-01 3.908348608839696814e-01 3.733801108688931114e-01 3.532777745736530028e-01 3.302464183070696890e-01 3.043922511994605618e-01 2.766583537716724162e-01 2.489808590547181733e-01 2.236589769788929483e-01 2.023334775026887633e-01 1.855006528273224764e-01 1.727647508867085069e-01 1.633409347105771181e-01 1.564165336173027887e-01
5.020861931250999444e-01 4.461694844986777708e-01 3.963231901080871422e-01 3.530328882457979267e-01 3.161601917148800789e-01 2.851805338409030832e-01 2.594282757522887728e-01 2.382003737707418523e-01 2.208138245433224345e-01 2.066390147259516974e-01 1.951183132685764543e-01 1.857700327275597363e-01 1.781870863836957086e-01 1.720311851939186343e-01 1.670243026874959347e-01 1.629400531901046556e-01 1.595955220935866281e-01 1.568435145821422405e-01 1.545661748060956631e-01 1.526691169152036287e-01
