9.523064979771151961e-01 7.577786893723578165e-01 5.810550662184749138e-01 4.343453628013957957e-01 3.271153013975708901e-01 2.577260050301993233e-01 2.154658887453843041e-01 1.899063408002257258e-01 1.740214864979497955e-01 1.636699485057033499e-01 1.565151347941718951e-01 1.512466114689595964e-01 1.471241942094639044e-01 1.437250750791281562e-01 1.408061153255402986e-01 1.382261763967108092e-01 1.359024182287976168e-01 1.337847287754993786e-01 1.318405611458001725e-01 1.300470191985368673e-01
1.965685980481884920e-01 1.446535231827874579e-01 1.210690431908005849e-01 1.098469841673590935e-01 1.040891135553715652e-01 1.008868732365954257e-01 9.896398721000877752e-02 9.772252077062149045e-02 9.686422639191732964e-02 9.623252290533855502e-02 9.574128224237937745e-02 9.534097124240360766e-02 9.500232727907131913e-02 9.470731588269699908e-02 9.444429145274625681e-02 9.420571935793305152e-02 9.398646432409378526e-02 9.378272134682447136e-02 9.359196953774699679e-02 9.341212970730339293e-02
3.915477587337045651e-01 2.831579756620339894e-01 2.186883046571165279e-01 1.821092761307954722e-01 1.614855268225073859e-01 1.494999059662222851e-01 1.421582470461726089e-01 1.373568086326122373e-01 1.339849476143717688e-01 1.314468159154057458e-01 1.294130789488553979e-01 1.276972051896154980e-01 1.261898774467408724e-01 1.248245050944387924e-01 1.235597579739987906e-01 1.223685981705784770e-01 1.212334549892693791e-01 1.201421300042420648e-01 1.190869690105318957e-01 1.180628453288227325e-01
4.774215700750210067e-01 4.131794660934247077e-01 3.579910165432375058e-01 3.064975780981331055e-01 2.596536698416389566e-01 2.205356573252538477e-01 1.911656498975571605e-01 1.707889006583536706e-01 1.570427008729893825e-01 1.476554701162967886e-01 1.410433870222186636e-01 1.362188661555410463e-01 1.325791936230962254e-01 1.297494001634186267e-01 1.274895166960777759e-01 1.256403455098916433e-01 1.240934423737780901e-01 1.227726665473164724e-01 1.216238892559340506e-01 1.206071614145412252e-01
9.142474763281643879e-01 7.038906428098562484e-01 5.270004078961210148e-01 3.886982582502241934e-01 2.897218408234766840e-01 2.243324175670568243e-01 1.831657104304693362e-01 1.576642357141827266e-01 1.417255493105767650e-01 1.315100034074748736e-01 1.247410158685852422e-01 1.200910184112581186e-01 1.167802266361832181e-01 1.143425237869814676e-01 1.124913277228552083e-01 1.110458762315465753e-01 1.098881792490328801e-01 1.089394763529128313e-01 1.081449271604879026e-01 1.074662363723359743e-01
4.414056510938502154e-01 3.572606622145395039e-01 2.766338160366285659e-01 2.132564863687730350e-01 1.725392273287798262e-01 1.485113594919675872e-01 1.343511237137499925e-01 1.257071952961098249e-01 1.201780176764441488e-01 1.164639604132389622e-01 1.138484336569672434e-01 1.119227638450683987e-01 1.104460678336909030e-01 1.092712953803129522e-01 1.083064025671046648e-01 1.074918942916701786e-01 1.067887123779746594e-01 1.061699609217907903e-01 1.056173210170163607e-01 1.051174339088174758e-01
3.934702875133371247e-01 3.090570328897592756e-01 2.420289589608728420e-01 1.949155020999023824e-01 1.649537670775316767e-01 1.466524276207201161e-01 1.352794285875279501e-01 1.278895707747142174e-01 1.228434311069940971e-01 1.192334889617632093e-01 1.165404735286570265e-01 1.144558203976339394e-01 1.127894952980568605e-01 1.114193743265059350e-01 1.102650987424271950e-01 1.092718845136732841e-01 1.084014883726922562e-01 1.076270624567405298e-01 1.069288473215419810e-01 1.062923827790655251e-01
3.788017436082009026e-01 2.766989305987954118e-01 2.179926281794905552e-01 1.825405205460265412e-01 1.603134494880214256e-01 1.457870341371744760e-01 1.358645640080794748e-01 1.287955532688647431e-01 1.235686494037508965e-01 1.195777736580930645e-01 1.164471644069999395e-01 1.139336884266231170e-01 1.118751036701723933e-01 1.101594143966212885e-01 1.087078097165795065e-01 1.074625764001393702e-01 1.063813901250250660e-01 1.054319884898723136e-01 1.045902399426267976e-01 1.038371930964058221e-01
2.191134241968393237e-01 1.915935954079031889e-01 1.750252611562609639e-01 1.635323653742671024e-01 1.550766627117991514e-01 1.485776965599507060e-01 1.434013236965984150e-01 1.391506454907357748e-01 1.355663009313866629e-01 1.324737861286848783e-01 1.297527060983702518e-01 1.273194671492092200e-01 1.251151229511014984e-01 1.230981478851754241e-01 1.212390966853126861e-01 1.195172050374094380e-01 1.179175159864826183e-01 1.164289605809608469e-01 1.150429952998092697e-01 1.137525648636619757e-01
5.754366938159546363e-01 4.650526971743420557e-01 3.704046438242221684e-01 2.956258098743274054e-01 2.391351184294660537e-01 1.980354628123086602e-01 1.694878131439873092e-01 1.502657945916144044e-01 1.374085389722313200e-01 1.287001960768247855e-01 1.226584397151600503e-01 1.183413840128923755e-01 1.151592330717539914e-01 1.127407374473114038e-01 1.108491804467485048e-01 1.093304724878180478e-01 1.080820840003980238e-01 1.070342251015290458e-01 1.061384856346404559e-01 1.053602152477787907e-01
4.661417233210886635e-01 3.401944953337078803e-01 2.526247441366376578e-01 2.015126748085822317e-01 1.735385100237908651e-01 1.577378943399526112e-01 1.481543529621558164e-01 1.418597683787811425e-01 1.373999202100094352e-01 1.340225140331313125e-01 1.313188376952894032e-01 1.290568146307486952e-01 1.270986815961077931e-01 1.253598327923100553e-01 1.237857573135988792e-01 1.223409407777944630e-01 1.210009644451201932e-01 1.197487556393025399e-01 1.185720551045960774e-01 1.174619009751040749e-01
2.711463183271917154e-01 2.194563459796336213e-01 1.854636391520034511e-01 1.624353236361639474e-01 1.468703434360213445e-01 1.363562426493359625e-01 1.291700156943988986e-01 1.241362797778856469e-01 1.204873489409510473e-01 1.177329086471581854e-01 1.155641279692645185e-01 1.137870439959806357e-01 1.122800074391125252e-01 1.109658220686833424e-01 1.097947783864219734e-01 1.087344764846784467e-01 1.077625687063846205e-01 1.068638631410703949e-01 1.060276236087622642e-01 1.052455850117917230e-01
4.174581812160613747e-01 3.508911271992110614e-01 3.001649522735533315e-01 2.623354745566029989e-01 2.344592171505792133e-01 2.138544873089995302e-01 1.984252733015455239e-01 1.866298707737587270e-01 1.773822692502290133e-01 1.699372875154949725e-01 1.637880006432533286e-01 1.585892414371483095e-01 1.541052014124579816e-01 1.501728282822296090e-01 1.466776268696412533e-01 1.435374024510383539e-01 1.406916941283270772e-01 1.380948045197874230e-01 1.357110412977635960e-01 1.335119619732722529e-01
9.941790140653029573e-01 7.900365984276868092e-01 6.130406891435268291e-01 4.762626130675460256e-01 3.742761222588524284e-01 2.986887795920483701e-01 2.437967828614637233e-01 2.051632572570815660e-01 1.785864876164123538e-01 1.604152671527117602e-01 1.479011673061177146e-01 1.391506135580130032e-01 1.329082523519173331e-01 1.283489586832001761e-01 1.249288462096592445e-01 1.222875469067366827e-01 1.201846539937832803e-01 1.184586782477708711e-01 1.170004071561561443e-01 1.157354346785905430e-01
2.725077939778566272e-01 2.330817669723183050e-01 2.054689044971018952e-01 1.842400122433900944e-01 1.679422578448429570e-01 1.555146929761394847e-01 1.460199160967022292e-01 1.386917798523791268e-01 1.329483425209764258e-01 1.283658627083059389e-01 1.246411676029674648e-01 1.215587123527075153e-01 1.189643452175369043e-01 1.167468441914752408e-01 1.148250922897659648e-01 1.131387288556925386e-01 1.116430169365776187e-01 1.103032191722741057e-01 1.090927817299962022e-01 1.079910062203998655e-01
3.070683774352073736e-01 2.700427456945180826e-01 2.436341417580842883e-01 2.213249164074659325e-01 2.007476058229804017e-01 1.813898988999426420e-01 1.642067209538072281e-01 1.502723870507907122e-01 1.397252834287883161e-01 1.319322609722439754e-01 1.260939811047865067e-01 1.215739766572369318e-01 1.179452522561109662e-01 1.149384324128914225e-01 1.123842384367890190e-01 1.101737202000458576e-01 1.082342164599049278e-01 1.065149198330618691e-01 1.049786214908908777e-01 1.035973841984377947e-01
3.067826493524626330e-01 2.609946162171399853e-01 2.240936944098211869e-01 1.962867860996629910e-01 1.765210384805686872e-01 1.627519954973831728e-01 1.531009709741920355e-01 1.461771675432100848e-01 1.410338107869029134e-01 1.370507546840235569e-01 1.338278104458004159e-01 1.311093033803626962e-01 1.287324019719380819e-01 1.265940144436899506e-01 1.246291567460866695e-01 1.227970407011889642e-01 1.210722614261163649e-01 1.194393230666173644e-01 1.178884053631918533e-01 1.164140345796477044e-01
8.345361471924052088e-01 6.805321372165417104e-01 5.761596357933013168e-01 5.065787484808242924e-01 4.555121087585575768e-01 4.125713441483094268e-01 3.736107924173120431e-01 3.379336220747791164e-01 3.059409987757680804e-01 2.779943644534796365e-01 2.541670667135622619e-01 2.342782019590959053e-01 2.179523226246237733e-01 2.046880350494757195e-01 1.939378333580680236e-01 1.851784739643335398e-01 1.779544311296194781e-01 1.718947710026986764e-01 1.667109107424039338e-01 1.621863579528871890e-01
5.344073154988518981e-01 4.077255610516294926e-01 3.081896911683543183e-01 2.374051956791663476e-01 1.910019656160147905e-01 1.620438447012566008e-01 1.442291777441278011e-01 1.331305127142695666e-01 1.260134460471453999e-01 1.212720791583706131e-01 1.179726203485915864e-01 1.155673575498849526e-01 1.137297621163997907e-01 1.122617572993476615e-01 1.110406961559783634e-01 1.099899049517989585e-01 1.090602040658995991e-01 1.082201181093114389e-01 1.074486011932140189e-01 1.067319365271077874e-01
3.419541646719153616e-01 2.507667753426358059e-01 1.997021916508674722e-01 1.707392215728759655e-01 1.535715350881218799e-01 1.427682067267596611e-01 1.355053901299834163e-01 1.302953698486089829e-01 1.263329498656094174e-01 1.231680467445403354e-01 1.205398636776953969e-01 1.182916306611150464e-01 1.163258926500566337e-01 1.145789968688041005e-01 1.130080110544804534e-01 1.115823254588758640e-01 1.102795909837004790e-01 1.090821628450794334e-01 1.079765350830439313e-01 1.069512867968478581e-01
5.916311320614083824e-01 4.915074343697051762e-01 3.967692561593139655e-01 3.155778974909844714e-01 2.552905980392506380e-01 2.140980674024740571e-01 1.865458192014375627e-01 1.678994320525089290e-01 1.549560243033920315e-01 1.456913577654631864e-01 1.388395222817052910e-01 1.336031345623268918e-01 1.294740605105471343e-01 1.261240897475727207e-01 1.233371706066100221e-01 1.209686300523753755e-01 1.189191154632135289e-01 1.171188958390848717e-01 1.155177489508059790e-01 1.140787140183965737e-01
4.765332314086617727e-01 3.944133103755302905e-01 3.348905001417733507e-01 2.859992852807045072e-01 2.441611425485462061e-01 2.089066520705818997e-01 1.805580302327871312e-01 1.593279584217816569e-01 1.444192707538604625e-01 1.342482308391481638e-01 1.272472555469721656e-01 1.222623533010482738e-01 1.185517407592851652e-01 1.156635872379410956e-01 1.133263095164147721e-01 1.113761154781593571e-01 1.097108927994850103e-01 1.082660446535737703e-01 1.069978324879775761e-01 1.058756542793344163e-01
7.035949053190415636e-01 5.570521795167587831e-01 4.527224109706003419e-01 3.730001255314709940e-01 3.101666365144774562e-01 2.605113053391687750e-01 2.225466482434421689e-01 1.947090106457471936e-01 1.748023329302668682e-01 1.606209895946085486e-01 1.504119672067463498e-01 1.429363507591187854e-01 1.373552545905113165e-01 1.331017933785915430e-01 1.297898684069514197e-01 1.271518624387681373e-01 1.250012572482228357e-01 1.232066849619150167e-01 1.216756056249141682e-01 1.203423440083861290e-01
6.807403883272081790e-01 5.621098645265010241e-01 4.733523021333530534e-01 3.930092257924843735e-01 3.140274837240576988e-01 2.507901399396360032e-01 2.097307068761438131e-01 1.855178234539925919e-01 1.711187809705734253e-01 1.619685945473611222e-01 1.556317703612148662e-01 1.508537478558719114e-01 1.469751613214612118e-01 1.436410710308700933e-01 1.406580398045480240e-01 1.379237677576020393e-01 1.353855874901637446e-01 1.330183933174703403e-01 1.308099421602673951e-01 1.287532553407072511e-01
7.431581657348328429e-01 5.991825708998113065e-01 4.585472038235821057e-01 3.269093452187371573e-01 2.373856271058321088e-01 1.883346305042505331e-01 1.621693678759038582e-01 1.470952132903039500e-01 1.375199313089251474e-01 1.309108422324061494e-01 1.260631377156823940e-01 1.223559052310883993e-01 1.194390282314270746e-01 1.170949879195541110e-01 1.151783947134390473e-01 1.135861911368556271e-01 1.122420743992552095e-01 1.110895766771864135e-01 1.100853103713598097e-01 1.091964832646772215e-01
7.108110413361282687e-01 5.592993022077280552e-01 4.511962930121990456e-01 3.775861471502685029e-01 3.258818588044868902e-01 2.876263263204600906e-01 2.582909924024716086e-01 2.353487298724940002e-01 2.172207082105319376e-01 2.028272037304122977e-01 1.913646604155656017e-01 1.821914697077590961e-01 1.747786789317615219e-01 1.686964600556530025e-01 1.636098506674170394e-01 1.592687946092337381e-01 1.554929218353936493e-01 1.521538306593174517e-01 1.491602052834059555e-01 1.464462641056161474e-01
1.199339538933709370e+00 9.715012863301671908e-01 7.621774081186600824e-01 5.949810623380039631e-01 4.699216718193702236e-01 3.780840508288929591e-01 3.109040802764502787e-01 2.621759600278164570e-01 2.271152976492885611e-01 2.019039769069058687e-01 1.836348869081120827e-01 1.702045129542238966e-01 1.601408955047372851e-01 1.524304962588939882e-01 1.463800319354049972e-01 1.415147979662287892e-01 1.375082568224752222e-01 1.341339359493576855e-01 1.312333977741945990e-01 1.286948690310964483e-01
3.739552694883604977e-01 2.809757643948637695e-01 2.138832647509116280e-01 1.732737377179000837e-01 1.496760875062125296e-01 1.352570477056264098e-01 1.258619216911893157e-01 1.194181818540289430e-01 1.148275469375539676e-01 1.114601380541989789e-01 1.089307491795261790e-01 1.069914049119324723e-01 1.054763257427839551e-01 1.042726133860560345e-01 1.033009744001901764e-01 1.025049609328561873e-01 1.018438159933430093e-01 1.012872945606068248e-01 1.008133903062844172e-01 1.004051865829387741e-01
3.056842057677567892e-01 2.196757399057969462e-01 1.655046859457797725e-01 1.367432216540328260e-01 1.219795860432350276e-01 1.140988259892037615e-01 1.096278091704880331e-01 1.069103927356400141e-01 1.051369349662490960e-01 1.038963017082278339e-01 1.029722704818414047e-01 1.022454743459820792e-01 1.016478664502210444e-01 1.011386449939163934e-01 1.006923773525340987e-01 1.002926256407226935e-01 9.992810854892013317e-02 9.959138528065522578e-02 9.927684017602586564e-02 9.898062237043632472e-02
7.160096490260912105e-01 5.935061431489885297e-01 4.721309138555079832e-01 3.591774107328820076e-01 2.717904968914808816e-01 2.185538982716389023e-01 1.900860503129661039e-01 1.749130698293447361e-01 1.662780369818210591e-01 1.609226565435528666e-01 1.573068736866116424e-01 1.546714707463979765e-01 1.526203844323754388e-01 1.509353806264698561e-01 1.494909523427486453e-01 1.482115877047181229e-01 1.470505592972040088e-01 1.459777908958494741e-01 1.449735984951257828e-01 1.440246554650366217e-01
7.767451646784320207e-01 5.679377653379924507e-01 4.059719120385125168e-01 2.949521355762317332e-01 2.258707124247530396e-01 1.849361243560133650e-01 1.606399431207682915e-01 1.456811570665922650e-01 1.359471771271637541e-01 1.292087922453356574e-01 1.242614986471016897e-01 1.204424934482085513e-01 1.173766193677874964e-01 1.148425972094814507e-01 1.127037329629456547e-01 1.108709414862460163e-01 1.092825848401344085e-01 1.078939241138869021e-01 1.066711062152171513e-01 1.055875538015970949e-01
1.080704463556749095e+00 8.834168230055365889e-01 6.906601805639547287e-01 5.208626603877928307e-01 3.925629162602126687e-01 3.072878828365355752e-01 2.536835827305912727e-01 2.197420309111476067e-01 1.972562249284237623e-01 1.814142148476093896e-01 1.695320756547152863e-01 1.601190765108913283e-01 1.523368767043575545e-01 1.457038004160858824e-01 1.399342657509259902e-01 1.348513540584826975e-01 1.303386643168050751e-01 1.263149207328024271e-01 1.227182833600272693e-01 1.194989082326355923e-01
4.829170270215991101e-01 3.978782234422396646e-01 3.351192544680088869e-01 2.863681431906297536e-01 2.489484737906605127e-01 2.212116555310785770e-01 2.008763953344896436e-01 1.857442429941147666e-01 1.741784023120999392e-01 1.650906844437122212e-01 1.577769399480894175e-01 1.517710565752349861e-01 1.467501496151089602e-01 1.424809570796787828e-01 1.387895408121403440e-01 1.355445109040010754e-01 1.326464461092837221e-01 1.300200513389427326e-01 1.276087726606056072e-01 1.253704366896999933e-01
8.085809613725722933e-01 6.303261612233472810e-01 4.804080179191214661e-01 3.663427337364328351e-01 2.864629240718204461e-01 2.332128276670118738e-01 1.986792171396882523e-01 1.766178102701087549e-01 1.625197663574363127e-01 1.533578993269475166e-01 1.472218121832702398e-01 1.429511279123835132e-01 1.398494840553030361e-01 1.374978469940833781e-01 1.356406729575246606e-01 1.341189896338619292e-01 1.328317703236825686e-01 1.317136136582121309e-01 1.307205593120306653e-01 1.298225863417610537e-01
8.381635724753141448e-01 6.978547291900031313e-01 5.646162745733681598e-01 4.374987984263862262e-01 3.323680295044323385e-01 2.582186967309098580e-01 2.096004538277338736e-01 1.785100243529814112e-01 1.586688393968906374e-01 1.458575355026368869e-01 1.374152746423351334e-01 1.317059510186663895e-01 1.277274748739728183e-01 1.248613565691630289e-01 1.227205807567224860e-01 1.210593465660349533e-01 1.197195017746707918e-01 1.185979142291762461e-01 1.176264247822109560e-01 1.167599833506392376e-01
4.131333240782839589e-01 2.911522652606799988e-01 2.160526941913903376e-01 1.736813462717691492e-01 1.511909513216233014e-01 1.390504234959371310e-01 1.320719825023843330e-01 1.277301161176001287e-01 1.247957493914873400e-01 1.226473760777298527e-01 1.209571694811893416e-01 1.195455821265932195e-01 1.183112082266598031e-01 1.171955621332745057e-01 1.161641039731330233e-01 1.151957482742727717e-01 1.142775692528812254e-01 1.134012730303220473e-01 1.125613525783410312e-01 1.117539447516901485e-01
4.324231275549391129e-01 3.577552314370404662e-01 3.026154449285241022e-01 2.623865278501761877e-01 2.330191704069147773e-01 2.109404480905504864e-01 1.935797887956141605e-01 1.792790155840339184e-01 1.670815225295882445e-01 1.565156059215951356e-01 1.473882261155404216e-01 1.396122204805578804e-01 1.330974307858559802e-01 1.277145181840751431e-01 1.233025280720903560e-01 1.196931447910901669e-01 1.167291853978895261e-01 1.142753283424644967e-01 1.122215262999202434e-01 1.104803764926145931e-01
4.040179491136223211e-01 3.209839924424886526e-01 2.683763041906058744e-01 2.325103980675339577e-01 2.066695866920053859e-01 1.876927642337977986e-01 1.737013158202171392e-01 1.633442133665084783e-01 1.555995704233646415e-01 1.497068239748478025e-01 1.451180970109999246e-01 1.414481398276984658e-01 1.384307291358709280e-01 1.358824800513684650e-01 1.336777926143258854e-01 1.317299987468868450e-01 1.299785651080310467e-01 1.283814956713467959e-01 1.269088695663958821e-01 1.255392612610012337e-01
3.678445361524791402e-01 3.116513839561957933e-01 2.637794603033398744e-01 2.209806694981830411e-01 1.855507920898029628e-01 1.592319184092411966e-01 1.412422150504517027e-01 1.294887558264784522e-01 1.218781127741112857e-01 1.168509237668331480e-01 1.133959107762348151e-01 1.108979975999682260e-01 1.089915067786932923e-01 1.074589160660980314e-01 1.061694710707524747e-01 1.050430008565308576e-01 1.040293490554904526e-01 1.030966599163366526e-01 1.022242370445746867e-01 1.013988160889130047e-01
4.721475909016703554e-01 3.740099187598025510e-01 3.097201212554500649e-01 2.661794680870662178e-01 2.355432734335772826e-01 2.130015386012382717e-01 1.957517707580700428e-01 1.821742262481711727e-01 1.712996830930933467e-01 1.625068886904045828e-01 1.553646285133436222e-01 1.495477175898849986e-01 1.447937020007520892e-01 1.408825421985238913e-01 1.376282655354589268e-01 1.348785073449835226e-01 1.325122870877385173e-01 1.304373192042112273e-01 1.285850421525537857e-01 1.269050690019503103e-01
8.754843517235713080e-01 7.128547807897120947e-01 5.783051856467728014e-01 4.687554165430299347e-01 3.807041057137212081e-01 3.138723212310287614e-01 2.652662532846443155e-01 2.306289287912659247e-01 2.061021065153181564e-01 1.886758476728573330e-01 1.761532701645046606e-01 1.669923437805846400e-01 1.601359401829540730e-01 1.548678973317146323e-01 1.507049959618598223e-01 1.473194863926619302e-01 1.444877761323004883e-01 1.420569041930138943e-01 1.399204906541854088e-01 1.380044919252395585e-01
2.814454826021608458e-01 2.382907861646404446e-01 1.996107992558609212e-01 1.685444725284833134e-01 1.484627781173912808e-01 1.361868609581142753e-01 1.283431063883472278e-01 1.229702686471864648e-01 1.190410873841028644e-01 1.160114144475664910e-01 1.135805731010623293e-01 1.115723653036911206e-01 1.098782399667106863e-01 1.084268426639027894e-01 1.071689953724853650e-01 1.060692335240310119e-01 1.051006595598300980e-01 1.042423973610857452e-01 1.034773623530054476e-01 1.027920629820437137e-01
2.811910184480075348e-01 2.349162864690879371e-01 2.007811910612508632e-01 1.762431397568434421e-01 1.592960237897932396e-01 1.478356402553618054e-01 1.400642914883792334e-01 1.346577658317983095e-01 1.307359774783253548e-01 1.277458032593131176e-01 1.253503657877445276e-01 1.233459201082587192e-01 1.216087131388485371e-01 1.200626898184418700e-01 1.186600366327911632e-01 1.173697951249778326e-01 1.161709510069340451e-01 1.150488624535501020e-01 1.139924808964133257e-01 1.129936468973755798e-01
5.189633633170341875e-01 4.058700390278704440e-01 3.228696226491593047e-01 2.652413813301245926e-01 2.257382175073689712e-01 1.979539907927892195e-01 1.775676839233892579e-01 1.620168860757075779e-01 1.498498858934453892e-01 1.402042960399557947e-01 1.325005258418968934e-01 1.263036717998329561e-01 1.212737474788446040e-01 1.171455347642768180e-01 1.137157300440594515e-01 1.108304908807622308e-01 1.083742419944610513e-01 1.062599168566521202e-01 1.044219156216968231e-01 1.028101098600200242e-01
9.953590382635593148e-01 7.504780001738982076e-01 5.007666234318457477e-01 3.145283988515291118e-01 2.109335493051185118e-01 1.605738553410262781e-01 1.355847505148540244e-01 1.221137964101580986e-01 1.141772968936857063e-01 1.091175675888007429e-01 1.056703061802363730e-01 1.031898508893073080e-01 1.013254021913235214e-01 9.987412312199012154e-02 9.871225008275359702e-02 9.776031715038698000e-02 9.696453484473749329e-02 9.628698407672345305e-02 9.570073703449452629e-02 9.518544303879025725e-02
3.889940466065127112e-01 2.751663025331799739e-01 2.087683710813144078e-01 1.718855112797973428e-01 1.502350115045555934e-01 1.364732733700657341e-01 1.271190070160355401e-01 1.204224358098872488e-01 1.154303654574323490e-01 1.115852988170809162e-01 1.085425845991994653e-01 1.060793646576894400e-01 1.040467084467763953e-01 1.023415086590034606e-01 1.008909030730467254e-01 9.964158809474611689e-02 9.855446957248205353e-02 9.759979261245461946e-02 9.675463832027161870e-02 9.600106064419378082e-02
7.747295866276544540e-01 6.762192513446098063e-01 5.997176717006005298e-01 5.306246943494267176e-01 4.603801492626337089e-01 3.860067972762044608e-01 3.137097407295368345e-01 2.545089540351181956e-01 2.133864640281535607e-01 1.874267260252963641e-01 1.713221608777530380e-01 1.609787064150441371e-01 1.539492709800833747e-01 1.488824153633322434e-01 1.450333420257084172e-01 1.419775928673334409e-01 1.394617986632510909e-01 1.373272164841182474e-01 1.354691446374636232e-01 1.338162787316832802e-01
4.534826809781952739e-01 3.577996571082621702e-01 2.787888301070779451e-01 2.197122688125819068e-01 1.838382069952785858e-01 1.635682599991560016e-01 1.515643175505101692e-01 1.438112207315862257e-01 1.383576713316142515e-01 1.342442896030843213e-01 1.309742461331188657e-01 1.282728966977447205e-01 1.259772062115371294e-01 1.239819790609180961e-01 1.222154541034251446e-01 1.206252716574817835e-01 1.191734510287642546e-01 1.178315389342606129e-01 1.165787763940170363e-01 1.153995725279673978e-01
4.092077561747646808e-01 3.554564645641221654e-01 3.109080691093322191e-01 2.661227404141937036e-01 2.129614267093711544e-01 1.646273703180486381e-01 1.359700510794937256e-01 1.223326258481392814e-01 1.158016841427888660e-01 1.122822016352438418e-01 1.100886607717257021e-01 1.085319882298063088e-01 1.073158626313095027e-01 1.063033839044510431e-01 1.054261640636832420e-01 1.046470834914361991e-01 1.039436759016825751e-01 1.033017060515703661e-01 1.027105527662206391e-01 1.021628483361564643e-01
3.684776841926668545e-01 2.870180711196735346e-01 2.381032452188082960e-01 2.079627683330818322e-01 1.886782544566085462e-01 1.758379377913661390e-01 1.668974870801321342e-01 1.603601650068958440e-01 1.553398383223384416e-01 1.513051293645548967e-01 1.479311809764476404e-01 1.450162649314734042e-01 1.424320179660571728e-01 1.400955587142379832e-01 1.379522146453382447e-01 1.359652262844610882e-01 1.341091890586540158e-01 1.323662940610665917e-01 1.307232694950653251e-01 1.291703597025480044e-01
