4.871506545464416305e-01 4.542486497448464666e-01 4.180357708275551087e-01 3.788797726400662258e-01 3.402420056727714637e-01 3.056166246207430714e-01 2.761709771235473232e-01 2.515201506507582785e-01 2.309509665612131390e-01 2.137970738066360399e-01 1.994936413131654374e-01 1.875728429341688708e-01 1.776356525626033578e-01 1.693307565525174196e-01 1.623490746784955197e-01 1.564244534447789270e-01 1.513356920517981152e-01 1.469044011831283636e-01 1.429901264514774062e-01 1.394849043618887618e-01
4.845611019980151646e-01 4.626530992339757953e-01 4.343383879358179711e-01 3.956295317076001239e-01 3.461327606924896605e-01 2.888263055840798454e-01 2.357933975808555183e-01 1.966729470022255677e-01 1.696795401707640871e-01 1.505008492027991585e-01 1.364350562651816257e-01 1.259262382920860457e-01 1.179671935921214748e-01 1.118611016777867895e-01 1.071151007395383242e-01 1.033773259882582313e-01 1.003946891606756209e-01 9.798327964832424797e-02 9.600851557261194658e-02 9.437094779175822512e-02
5.206394828131760688e-01 4.820823071158610862e-01 4.461628649382782807e-01 4.106017458654696584e-01 3.757655581390645372e-01 3.423401797469705077e-01 3.103610910358838848e-01 2.798541764356196060e-01 2.512547925952822170e-01 2.252298992592841331e-01 2.024960475973784924e-01 1.835726430825889155e-01 1.685335682146251179e-01 1.569835454598069169e-01 1.482581440173089404e-01 1.416598026268184318e-01 1.365947110578417667e-01 1.326121033821255069e-01 1.293901640595868097e-01 1.267070455010980423e-01
3.751576344203204072e-01 3.388401554187294162e-01 3.038508852128870563e-01 2.728425578493625103e-01 2.470286258542910285e-01 2.259213273460045357e-01 2.084375197649933342e-01 1.935519399901386439e-01 1.804951658321078956e-01 1.687774972268380191e-01 1.581536979129305187e-01 1.485513547132722989e-01 1.399808628589380433e-01 1.324553136710892309e-01 1.259479938163713120e-01 1.203857755053741180e-01 1.156645325803275226e-01 1.116686365737996345e-01 1.082857015641452841e-01 1.054153138292804187e-01
4.950159411100139573e-01 4.579226246804682932e-01 4.177799052335784413e-01 3.769916031121829381e-01 3.384962039228867070e-01 3.039761785884226852e-01 2.738112801300758292e-01 2.478979972002980370e-01 2.259454214823199414e-01 2.076119859244295318e-01 1.925225835050520251e-01 1.802383764712942593e-01 1.702723703269839461e-01 1.621468338479462590e-01 1.554436380126571760e-01 1.498269947293738302e-01 1.450427865610981748e-01 1.409061283562914602e-01 1.372851672325123285e-01 1.340863613919646147e-01
5.905149268708191901e-01 5.487991386058547194e-01 5.176252217562796742e-01 4.929944836993683799e-01 4.713482179606217071e-01 4.502874466287903332e-01 4.283371814712881864e-01 4.048398642754182375e-01 3.801044917106628507e-01 3.553482228238135643e-01 3.319932035170495288e-01 3.106726765446364835e-01 2.908025554195046158e-01 2.709057988598942979e-01 2.490650702640414271e-01 2.236919886339455710e-01 1.952931743767112593e-01 1.674554082239046726e-01 1.442371727863792363e-01 1.270101632276782744e-01
5.093508142731002497e-01 4.674902568250723922e-01 4.241397373779102753e-01 3.746379647073687646e-01 3.201242512201211143e-01 2.646574450540281065e-01 2.144163736868733849e-01 1.746179334193249111e-01 1.462636026564121117e-01 1.272632057738005418e-01 1.148177061548335542e-01 1.066530825023255663e-01 1.012242000686183058e-01 9.754828779910894310e-02 9.501127888500376928e-02 9.322814031303096327e-02 9.195329857260731155e-02 9.102766988136863635e-02 9.034607267162755861e-02 8.983730273211222583e-02
4.479738054363860966e-01 4.168349154702491455e-01 3.839056653014904508e-01 3.500524635153123842e-01 3.169670709423371702e-01 2.859470057953149014e-01 2.580496004078304262e-01 2.338664447283372305e-01 2.132164372608531255e-01 1.954386019066441937e-01 1.798896520177367953e-01 1.662127587990835376e-01 1.543165827868506201e-01 1.442087761475704666e-01 1.358455488423351287e-01 1.290762996207922564e-01 1.236697917862329688e-01 1.193683020846219717e-01 1.159315217653056618e-01 1.131573833900620246e-01
4.650340016046455305e-01 4.368912361413822554e-01 3.971694762170591142e-01 3.460249675117302304e-01 2.883076118160670109e-01 2.361242457801893124e-01 1.967052177607911401e-01 1.694877441369317117e-01 1.510927906224969752e-01 1.384319932907783490e-01 1.294073011537147933e-01 1.227227402417338520e-01 1.175948164734472862e-01 1.135424376905575655e-01 1.102618741845253630e-01 1.075535573257729999e-01 1.052817269818842744e-01 1.033506108300935034e-01 1.016906252147600775e-01 1.002495854171866069e-01
5.084453528634992336e-01 4.638829119333047202e-01 4.138752357557677897e-01 3.520162289186555271e-01 2.852843934210758658e-01 2.278683795625511266e-01 1.858361190686264319e-01 1.572918963627307765e-01 1.381618854662519935e-01 1.251020888047059965e-01 1.159395576785027526e-01 1.093388129178492763e-01 1.044695602964202386e-01 1.008008567536307909e-01 9.798219919990515392e-02 9.577700651061604731e-02 9.402161045334650469e-02 9.260089497372973877e-02 9.143235283932880930e-02 9.045623248675838113e-02
4.961390046098699824e-01 4.512436538602924152e-01 4.038224636289669545e-01 3.534369128459365905e-01 3.046425560151692635e-01 2.626360046230547529e-01 2.287484060114793882e-01 2.016455717693315941e-01 1.799093441000772509e-01 1.625579978404857739e-01 1.487967408594704499e-01 1.379284817508333316e-01 1.293770600750940580e-01 1.226820355126983508e-01 1.174672552128322445e-01 1.134186004282673882e-01 1.102747777057811601e-01 1.078238268409040801e-01 1.058987154657370366e-01 1.043710352732159646e-01
5.265561826041564863e-01 4.929110570527359680e-01 4.492998585614964013e-01 3.957007662260048075e-01 3.358193449792452046e-01 2.751703801215626410e-01 2.222821317729540280e-01 1.819968022266402752e-01 1.535912345442921045e-01 1.341337620280683152e-01 1.208136604959145211e-01 1.115767762251198281e-01 1.050518572842702308e-01 1.003471480542793837e-01 9.688377886777743697e-02 9.428142499178647495e-02 9.228692329954356344e-02 9.072917272802442923e-02 8.949051791569218040e-02 8.848893592075909864e-02
4.491286837674487997e-01 4.203883107873895297e-01 3.880843216570701859e-01 3.543890527429539583e-01 3.198563037571284240e-01 2.841512182229052885e-01 2.482687635768525136e-01 2.146462086122483126e-01 1.855915673023503243e-01 1.620744886398460816e-01 1.438755654211126833e-01 1.301666305836260973e-01 1.199642566392867538e-01 1.123766518435149880e-01 1.066936701576923913e-01 1.023874196445103690e-01 9.907857039092050899e-02 9.649819444792229195e-02 9.445569597766734216e-02 9.281567694029944915e-02
4.331280871789385811e-01 3.889455936539741310e-01 3.413223408918088508e-01 2.946841593613589994e-01 2.531170138044581130e-01 2.184270289130927356e-01 1.905416249380505189e-01 1.685712578469883705e-01 1.514710835049118132e-01 1.382641645005060205e-01 1.280980613290330361e-01 1.202650543686559076e-01 1.142026775019439749e-01 1.094789125332454177e-01 1.057690534785342557e-01 1.028308848708820722e-01 1.004842377527347674e-01 9.859438644354667769e-02 9.706038302361776060e-02 9.580562343147903948e-02
5.141135647701912115e-01 4.852286927803875494e-01 4.570330322182752369e-01 4.295147216010408719e-01 4.009113693043074300e-01 3.674993569597070353e-01 3.273272341080666892e-01 2.836401528730311816e-01 2.427107919321895291e-01 2.089843715490496967e-01 1.833097621150591161e-01 1.645022652640500405e-01 1.509211199409287441e-01 1.411215364158852070e-01 1.339980834946618293e-01 1.287536948049091690e-01 1.248291730528580945e-01 1.218373759154928876e-01 1.195107710486627145e-01 1.176637141010724030e-01
4.082440798985771946e-01 3.772992842970415706e-01 3.451841334905475511e-01 3.133914961572736302e-01 2.838120250659994515e-01 2.577079117344692194e-01 2.354464201000519008e-01 2.167352564970496942e-01 2.010656019533053063e-01 1.879403928374813459e-01 1.769145310483145328e-01 1.675992081178014903e-01 1.596650472626424677e-01 1.528393124564172423e-01 1.468981236664694823e-01 1.416580949682975099e-01 1.369705042104032988e-01 1.327166250696063809e-01 1.288053954971928872e-01 1.251699120251578146e-01
5.103901051578122461e-01 4.719416011557041046e-01 4.320153635954466220e-01 3.929638274182798430e-01 3.580415922333486378e-01 3.288593534892425008e-01 3.052378285396843971e-01 2.860805757297202878e-01 2.700944307632744401e-01 2.560214571841061271e-01 2.424981927592307351e-01 2.279088575392961558e-01 2.110214874893426851e-01 1.924241159856319439e-01 1.744632829353213177e-01 1.591803220286965304e-01 1.471416431665420466e-01 1.379155927523970648e-01 1.308172829076647836e-01 1.252580425888299986e-01
5.310938622276943910e-01 4.986008581527858197e-01 4.650839176927953900e-01 4.277302281995071231e-01 3.859443439403548726e-01 3.428501412179321139e-01 3.033621782017871804e-01 2.697597119212150618e-01 2.416475829854607682e-01 2.181229305919259731e-01 1.985835572704672813e-01 1.825145904626697402e-01 1.693444177322089572e-01 1.585016937647014956e-01 1.494916902109980628e-01 1.419225127063691583e-01 1.354963814467191607e-01 1.299892749823629845e-01 1.252318896166980389e-01 1.210938745271414457e-01
4.881454932871065466e-01 4.630015157947491300e-01 4.333491505652227738e-01 3.956529685606801627e-01 3.516109027437232526e-01 3.064495169295423649e-01 2.646769289803341807e-01 2.286410172935575136e-01 1.990322707616724029e-01 1.755179796848824469e-01 1.572399071402833248e-01 1.431973610849558987e-01 1.324669198128594905e-01 1.242804535980940317e-01 1.180282716611543437e-01 1.132382146980307897e-01 1.095497746175897180e-01 1.066912019950177620e-01 1.044587914946168844e-01 1.027008302056492545e-01
4.909861880953257929e-01 4.516894784444048239e-01 4.127127734598289299e-01 3.729171906394549429e-01 3.329868760691897522e-01 2.935568153252824941e-01 2.564717778896488110e-01 2.239690100569532716e-01 1.972585956681700836e-01 1.762478478677792226e-01 1.600859116570063634e-01 1.477419578901026376e-01 1.383181984702241685e-01 1.311273239557340375e-01 1.256549385174002831e-01 1.215029573165520571e-01 1.183527730125570054e-01 1.159496545137517348e-01 1.140949904891385841e-01 1.126386847673711555e-01
5.239909569615638363e-01 4.934084356977109787e-01 4.675440298309695430e-01 4.429755556187819909e-01 4.176001312633343399e-01 3.909021753144861777e-01 3.635324813267681310e-01 3.367544678736703601e-01 3.116845708907749479e-01 2.886744835317222035e-01 2.673040339697399514e-01 2.469107672032913592e-01 2.272543434242834393e-01 2.087271048380716920e-01 1.919355039484116898e-01 1.772194291464256888e-01 1.645584419297665690e-01 1.537392004632420206e-01 1.445182861915964290e-01 1.366860551186255268e-01
5.047472250619648992e-01 4.715675848108367152e-01 4.321533099573571235e-01 3.834444837807677864e-01 3.298644702293040409e-01 2.809300268235528919e-01 2.428494806867115552e-01 2.154067629158544217e-01 1.954877677158219640e-01 1.802592750027542934e-01 1.678581345011480042e-01 1.571667488809907753e-01 1.475677746656583744e-01 1.387964461266528726e-01 1.308188935066573189e-01 1.237050419929437289e-01 1.175194436556193933e-01 1.122634629253298072e-01 1.078717611427418843e-01 1.042379388096742326e-01
5.022136553083067501e-01 4.885482101697473656e-01 4.735097810005693408e-01 4.529634745729456125e-01 4.253017577995444887e-01 3.925689137146218810e-01 3.577806195787502364e-01 3.239627872878918513e-01 2.938054582553741301e-01 2.681738549232249857e-01 2.461450202213018301e-01 2.264026935471338264e-01 2.081654742610771769e-01 1.913119783803631513e-01 1.760746859280334364e-01 1.627137772773858126e-01 1.513516048586461826e-01 1.419432245299685758e-01 1.343121541891014181e-01 1.282084445167129272e-01
5.066262138901583834e-01 4.605988541693659677e-01 4.141354993637651472e-01 3.709716072585433899e-01 3.327540206350386165e-01 2.993725384771823705e-01 2.702998081687837950e-01 2.449325978197157416e-01 2.225764643773436580e-01 2.026133791543543450e-01 1.847001656424254179e-01 1.688087047543376795e-01 1.550849853781983145e-01 1.436378140607848797e-01 1.344024788308888774e-01 1.271398095646873172e-01 1.215165202924981674e-01 1.171890534576959936e-01 1.138544279499910800e-01 1.112678115349262919e-01
5.531464077883001540e-01 5.296957459256466105e-01 5.092072371431090039e-01 4.886643594859015338e-01 4.640812669083607123e-01 4.322185420476398754e-01 3.937570510293358916e-01 3.531757929790182993e-01 3.148858968412969195e-01 2.801057867123745160e-01 2.468980355537496452e-01 2.135317440237849973e-01 1.820560641423799031e-01 1.562808588868938309e-01 1.375892817726707962e-01 1.248530389573716121e-01 1.162963863278491800e-01 1.104778380555308109e-01 1.064281283669236411e-01 1.035322469424500014e-01
4.967197364324522635e-01 4.812839014787460012e-01 4.631018684168338728e-01 4.403603173780720748e-01 4.124821308963509958e-01 3.802335623850905399e-01 3.463519333559088587e-01 3.143598747914623237e-01 2.863004441195334815e-01 2.620419143306207954e-01 2.402919378166188946e-01 2.197100555453653237e-01 1.997112750247379276e-01 1.807115272895771230e-01 1.636303741551091706e-01 1.492002188201877189e-01 1.376392196514643618e-01 1.287097607942996602e-01 1.219418723415583439e-01 1.168341275450802685e-01
5.133100752541531753e-01 4.914265308107155783e-01 4.651601315848529206e-01 4.327828397057942311e-01 3.955095363162544064e-01 3.567564665440295379e-01 3.218447331896459040e-01 2.938110792549559758e-01 2.716484532001430807e-01 2.523244097205713521e-01 2.326386277192432350e-01 2.104488358726067099e-01 1.858419152507303773e-01 1.613028790919696642e-01 1.399834938208914525e-01 1.235720707358359538e-01 1.118925033135360486e-01 1.038692474830600065e-01 9.838337247051186230e-02 9.458459388129768219e-02
5.191780110392665293e-01 4.859702779010603990e-01 4.496573007160668545e-01 4.084716961243002320e-01 3.636435327153971220e-01 3.182023956955237209e-01 2.751164965685893304e-01 2.366141526899445957e-01 2.039970762231791968e-01 1.775220915607860772e-01 1.566674807970412087e-01 1.405523669117451357e-01 1.282356645216350399e-01 1.188657937876207854e-01 1.117354661842910046e-01 1.062866427003973518e-01 1.020924799003023464e-01 9.883262853209771881e-02 9.626930193437147065e-02 9.422690553066787045e-02
5.089095363514206660e-01 4.714992177508403604e-01 4.359014806496992467e-01 4.022948783903120828e-01 3.708793313987552853e-01 3.416084222082099719e-01 3.142908485863881718e-01 2.886730178026482574e-01 2.642635928542585999e-01 2.404307004268048387e-01 2.170085025863954797e-01 1.947701659228187054e-01 1.749887545371893727e-01 1.585604054457508127e-01 1.456291246018372454e-01 1.357730221212841704e-01 1.283464015810750480e-01 1.227244961680844376e-01 1.184031354938633734e-01 1.150106234592385562e-01
4.566863336951382801e-01 4.215676146423129600e-01 3.792937137907483880e-01 3.319096782601991258e-01 2.839223772338300700e-01 2.403451260316069316e-01 2.042798644496360838e-01 1.762780339547316555e-01 1.552768420499341939e-01 1.397284825554379606e-01 1.282125132416695179e-01 1.196172751997073708e-01 1.131294668458940611e-01 1.081698471110712489e-01 1.043289971071544586e-01 1.013168463960289478e-01 9.892581176567943890e-02 9.700590757825715282e-02 9.544791913745058476e-02 9.417062545597787437e-02
4.237330506442913425e-01 3.990578644381321261e-01 3.708763720398371988e-01 3.384686874694307068e-01 3.037505185273159936e-01 2.707871562204309246e-01 2.423314702814318711e-01 2.186892266460654377e-01 1.990105687783443600e-01 1.825751363909148550e-01 1.689673382187174833e-01 1.578564153655315772e-01 1.488822190574137505e-01 1.416556744987610694e-01 1.358025167195592020e-01 1.309996050409972801e-01 1.269902396225370544e-01 1.235813561594113763e-01 1.206330776377581016e-01 1.180462015676312093e-01
4.611777427879639180e-01 4.375073371242933495e-01 4.136577698115433965e-01 3.898285647974989998e-01 3.657751164666842580e-01 3.408646934013813690e-01 3.157913027133327222e-01 2.925240051478613101e-01 2.727330475236283136e-01 2.568090820232259985e-01 2.441780783286594536e-01 2.339630064560878908e-01 2.253775552101433266e-01 2.178393094916827866e-01 2.109237086120993032e-01 2.042658040951937370e-01 1.974819265538826640e-01 1.901664942689239857e-01 1.820193177461624234e-01 1.730661364365368993e-01
6.831737285380472535e-01 6.242727940649195340e-01 5.770649414622402995e-01 5.376896397353994050e-01 5.023640346081583719e-01 4.672812104376498632e-01 4.288176599542566914e-01 3.854856323612330105e-01 3.400549974817431709e-01 2.975429446126315880e-01 2.611268747733265783e-01 2.311304471094627055e-01 2.065697997284587362e-01 1.864541076938621700e-01 1.701279187832551443e-01 1.571286990356020319e-01 1.470082153722250817e-01 1.392767966883002306e-01 1.334401872285525259e-01 1.290518356458051075e-01
4.966742749901834619e-01 4.687434090453102553e-01 4.390282772857705407e-01 4.031558289107852189e-01 3.612642523540866568e-01 3.187535915917215079e-01 2.805820345139363736e-01 2.484342740103602509e-01 2.223097417643293827e-01 2.016001356065225958e-01 1.854559614601748729e-01 1.730262101619155224e-01 1.635474329802673321e-01 1.563483077654382325e-01 1.508579781238222617e-01 1.466172600240679413e-01 1.432761442352784853e-01 1.405782466265372843e-01 1.383399107752484314e-01 1.364316797016363048e-01
4.603123835235601313e-01 4.394022833977942466e-01 4.120452521450351790e-01 3.796346278273267649e-01 3.443084802513476372e-01 3.075322013261029275e-01 2.714801855536643216e-01 2.388697721681092012e-01 2.113353110407479030e-01 1.889644246827811014e-01 1.710070436866953925e-01 1.565630624385084824e-01 1.448706671211402730e-01 1.353420901845674984e-01 1.275301381328608763e-01 1.210894782410468912e-01 1.157501560819218928e-01 1.113003766734618760e-01 1.075727354830451066e-01 1.044348975604771079e-01
4.769057622945527264e-01 4.558388434560629587e-01 4.320698261281881725e-01 4.037557579717895306e-01 3.699860953953612031e-01 3.318765513609105433e-01 2.920876915562465315e-01 2.538924829326424382e-01 2.203160981519977080e-01 1.930959777034877423e-01 1.723237661778694030e-01 1.570176974950590054e-01 1.458815519753443313e-01 1.377508906697039459e-01 1.317299130040919530e-01 1.271784194052452133e-01 1.236537132202647632e-01 1.208538861211854998e-01 1.185730888735270078e-01 1.166699324001092414e-01
4.828189458245594756e-01 4.632428972116122146e-01 4.429183209144730293e-01 4.175055845282622524e-01 3.797192511680856364e-01 3.273436766694067246e-01 2.696204657678026861e-01 2.184072910201939610e-01 1.792131434291150127e-01 1.515141355856576277e-01 1.325465273762750917e-01 1.195717727353894644e-01 1.105591940387239402e-01 1.041576993936951107e-01 9.950144308505429191e-02 9.603667132601458045e-02 9.340427766356697303e-02 9.136669042387439432e-02 8.976288979338278851e-02 8.848149703220770101e-02
5.165892423722543425e-01 4.943668822419567954e-01 4.664834595213324109e-01 4.170570136801143302e-01 3.453942967774082939e-01 2.722042297227422747e-01 2.159106746087502415e-01 1.784463982453698416e-01 1.540741275146865485e-01 1.376676554854202594e-01 1.261246402890537910e-01 1.177194244664860889e-01 1.114625816399347907e-01 1.067379658416029997e-01 1.031291288958163938e-01 1.003397149467491478e-01 9.815426485147327185e-02 9.641565584461204985e-02 9.500959750963375305e-02 9.385259564354782313e-02
5.018518011396645440e-01 4.813159120962200443e-01 4.612326632124313375e-01 4.347868379313735154e-01 3.985783590388382591e-01 3.530723968425627524e-01 3.009406340903387767e-01 2.458051327009934672e-01 1.965444976178086778e-01 1.607356280428289819e-01 1.378482974614598788e-01 1.237078903347719472e-01 1.147892562299966807e-01 1.089331478686653976e-01 1.049199795519234618e-01 1.020595974111347393e-01 9.994919266493525190e-02 9.834444291074760647e-02 9.709135247103403699e-02 9.608944135834462941e-02
5.207221265424323287e-01 4.854974385254907099e-01 4.478701272468970096e-01 4.063149910286301680e-01 3.651742014870103525e-01 3.280712777274322756e-01 2.957323266119419869e-01 2.672362205038371075e-01 2.413823941845976151e-01 2.175282168339276734e-01 1.957374183274077917e-01 1.763693259295587290e-01 1.596367978589751102e-01 1.454696995859376396e-01 1.336131912835162305e-01 1.237557387180575619e-01 1.155982857758721810e-01 1.088740404845157106e-01 1.033489905346823418e-01 9.881943186954743330e-02
4.998904906598278242e-01 4.853175130204749887e-01 4.664908453414725042e-01 4.426775047428668786e-01 4.149360275448270574e-01 3.845340296623180887e-01 3.524489495327361444e-01 3.196115023396255417e-01 2.874144974623959459e-01 2.575130677230845211e-01 2.307891512753030838e-01 2.073241067805361160e-01 1.872331806184229230e-01 1.707269406180421389e-01 1.576635776920011223e-01 1.475260822611744460e-01 1.396846870673471019e-01 1.335803081616904753e-01 1.287765670870407997e-01 1.249494089762083621e-01
5.602012508407505642e-01 5.218185466352990298e-01 4.870179116924475693e-01 4.516196238985992206e-01 4.127697889891669414e-01 3.714850892058894072e-01 3.308643122878857090e-01 2.932371251983568183e-01 2.598942097648977989e-01 2.315511549822986126e-01 2.083253492042422272e-01 1.897820174228400103e-01 1.751900877803564127e-01 1.637656059488654114e-01 1.548009767755866017e-01 1.477111626043915715e-01 1.420363066717982292e-01 1.374275298137217771e-01 1.336255011428147677e-01 1.304390020389109839e-01
5.389860424873768041e-01 4.967406539576006974e-01 4.595570319205580789e-01 4.263927203436824742e-01 3.971718550108198631e-01 3.717149607400642708e-01 3.496329111629165598e-01 3.301675402023829253e-01 3.122952530649490410e-01 2.950794259260874353e-01 2.779769666229549574e-01 2.609651188416426959e-01 2.444365727435209024e-01 2.289008404752530534e-01 2.146904013984749227e-01 2.018739909816928968e-01 1.903577639858303749e-01 1.800161946640507771e-01 1.707463663664020581e-01 1.624644848996240343e-01
4.176975205016847936e-01 3.926127470038773271e-01 3.700861241319216566e-01 3.491621103207580568e-01 3.296301547763869078e-01 3.114355817530304327e-01 2.943698153644800364e-01 2.781066343747079506e-01 2.624418643489480063e-01 2.474566149339079979e-01 2.334556944295763936e-01 2.207429086416959896e-01 2.094371122866869050e-01 1.994528661668300562e-01 1.906099861115217176e-01 1.827575242519378640e-01 1.758252265304326989e-01 1.697901911288499932e-01 1.646183776855468794e-01 1.602355843782424794e-01
4.193037455109515643e-01 3.855971746924842791e-01 3.520335400522526248e-01 3.198547384706989516e-01 2.882457556242297714e-01 2.544892046215682102e-01 2.164867644085097798e-01 1.792322940039048351e-01 1.504340666463077902e-01 1.312127140857183016e-01 1.186738525324460558e-01 1.102118910367039517e-01 1.042569127076978935e-01 9.991727746110129482e-02 9.666730109642827917e-02 9.417966907582311920e-02 9.223994844815251726e-02 9.070262337928397534e-02 8.946584133338547629e-02 8.845686590082550704e-02
4.678864688792964688e-01 4.404660452224197775e-01 4.084660277998773403e-01 3.735365248390007942e-01 3.368448842392535725e-01 3.001459566492121755e-01 2.658057856396772167e-01 2.359522217139601585e-01 2.115744577161967621e-01 1.924493637774139509e-01 1.777077868580818065e-01 1.663560148514807158e-01 1.575262176804244629e-01 1.505420666746795089e-01 1.449045461881905694e-01 1.402553785592317581e-01 1.363396759051829499e-01 1.329771437216550056e-01 1.300395113509148493e-01 1.274351213872432775e-01
5.035359376542737353e-01 4.939549031919159283e-01 4.839996312020229952e-01 4.705582357033563090e-01 4.515171955233745482e-01 4.260922691960220554e-01 3.953828258982116650e-01 3.626063550381877776e-01 3.315697659194847824e-01 3.040424642468769756e-01 2.797987744727879478e-01 2.578622049272235039e-01 2.373864799437433171e-01 2.184752058241428985e-01 2.021687127172481224e-01 1.892506027792114631e-01 1.795640903711318848e-01 1.723898122459650017e-01 1.669659847579896550e-01 1.627081873454153671e-01
5.008019188775995056e-01 4.821469933998787649e-01 4.630902348244246847e-01 4.414472708670615364e-01 4.150569549088294341e-01 3.833653851762937603e-01 3.481443699283409132e-01 3.128315953869605370e-01 2.806899848766624683e-01 2.532477537833620063e-01 2.303940036060521390e-01 2.113073520752368484e-01 1.950978277061949373e-01 1.810284715698799174e-01 1.685599705805907456e-01 1.573491209721760153e-01 1.472218985062500041e-01 1.381223425609641731e-01 1.300532667509105567e-01 1.230220771267750007e-01
4.900422408652582162e-01 4.670678552671961303e-01 4.398159304721286911e-01 4.096079356538848693e-01 3.797063181256998821e-01 3.517685395545231408e-01 3.256905467034812429e-01 3.012865035625872934e-01 2.782812048378400238e-01 2.558396190369967571e-01 2.330928128026425739e-01 2.103281018510460842e-01 1.892008959909435295e-01 1.712389828437881067e-01 1.567912311031932349e-01 1.454400057334896690e-01 1.366087141783646208e-01 1.297665610577678208e-01 1.244530873605981525e-01 1.202853423549095219e-01
4.028166402429350645e-01 3.715196776217635222e-01 3.398302580993549649e-01 3.082313997908932013e-01 2.770568217349500539e-01 2.467644331602787122e-01 2.182948364868934621e-01 1.928235211579885922e-01 1.712237794612883612e-01 1.537445085428771618e-01 1.400818647025152963e-01 1.296368676729616753e-01 1.217431306847720357e-01 1.157979798715677994e-01 1.113106728193815759e-01 1.079031945126189412e-01 1.052939014112053012e-01 1.032756797915499181e-01 1.016971933620516161e-01 1.004479523413465414e-01
