4.938109247072853258e-01 4.753919991416796775e-01 4.525099421201866923e-01 4.237295814839308061e-01 3.897955365787493243e-01 3.533007302583427989e-01 3.174039797477644087e-01 2.843208463685005238e-01 2.548647864592931134e-01 2.289592008493491482e-01 2.062850623981875575e-01 1.865787660536352699e-01 1.696436154329603596e-01 1.552819966143942909e-01 1.432531014701248773e-01 1.332757520278937680e-01 1.250532876466604604e-01 1.182994388353836301e-01 1.127559771968662944e-01 1.082004108959517957e-01
4.765803627334666559e-01 4.595556659121825538e-01 4.362545688004815236e-01 4.050846963364873043e-01 3.654362894111654603e-01 3.194518495449665263e-01 2.718287634586249446e-01 2.276248510553045834e-01 1.906427784393963654e-01 1.622358010317839216e-01 1.415301385383645472e-01 1.267670409065929094e-01 1.162617817709030998e-01 1.087192466214952496e-01 1.032272165725407892e-01 9.916427091074182798e-02 9.611058509437953035e-02 9.378061693441054614e-02 9.197763669801282960e-02 9.056440895772141508e-02
4.073165405196778055e-01 3.667135238385526574e-01 3.244631866114378038e-01 2.828245907568634476e-01 2.443393881969677661e-01 2.107699705579761940e-01 1.828795042885985878e-01 1.605561954760924004e-01 1.431401070428546529e-01 1.297534015798868234e-01 1.195299782864213956e-01 1.117251791218586698e-01 1.057455974696131368e-01 1.011379024606867405e-01 9.756260223657590991e-02 9.476767972169909682e-02 9.256644040608080770e-02 9.081990369362756554e-02 8.942431464027322807e-02 8.830151982938332089e-02
4.917251337983088999e-01 4.840352692080023278e-01 4.732532142591139857e-01 4.572225865374093812e-01 4.343155879538971864e-01 4.045957379233732221e-01 3.704017273835779611e-01 3.351680972192843666e-01 3.016405649390071497e-01 2.712456352298613371e-01 2.444388887571403712e-01 2.211735987535212167e-01 2.011848640814423439e-01 1.841242907533887641e-01 1.696286846068687792e-01 1.573541443375870708e-01 1.469879668788053040e-01 1.382509557972662062e-01 1.308956074132583969e-01 1.247051097173243750e-01
5.127426694600580870e-01 4.858347657103149753e-01 4.566333683875291038e-01 4.180603567111074725e-01 3.735806222454630121e-01 3.285722812822621242e-01 2.859159993458553206e-01 2.467260252019332356e-01 2.122720542229808438e-01 1.837801136276903113e-01 1.613795635410423257e-01 1.442464733716133096e-01 1.312512669020952649e-01 1.213623984070522910e-01 1.137696238896023782e-01 1.078749493749742716e-01 1.032470322194177503e-01 9.957514463113965875e-02 9.663331282032686098e-02 9.425582138531808651e-02
4.733771691018409666e-01 4.424968627503767515e-01 4.131159740099966116e-01 3.851050302079888077e-01 3.583274953081854730e-01 3.327817264662576435e-01 3.085570473573170380e-01 2.856665218873240542e-01 2.640876743252829062e-01 2.438829230170813378e-01 2.252577854010451019e-01 2.085051260447653432e-01 1.938751269170495561e-01 1.814632835637894348e-01 1.711782092924113430e-01 1.627871884088563093e-01 1.559905747403377008e-01 1.504838487409239089e-01 1.459945718411745363e-01 1.422962661979772780e-01
5.034005607265862325e-01 4.998872284351591477e-01 4.942045214266500008e-01 4.840575225740600951e-01 4.676124432575307077e-01 4.449400656571924628e-01 4.183796918541884402e-01 3.904328755821916408e-01 3.625198982453730623e-01 3.353945403735270059e-01 3.094487205687982967e-01 2.849719880736438227e-01 2.623895344878837688e-01 2.421859246760141027e-01 2.245799976447597213e-01 2.093572153139393877e-01 1.959400475246366180e-01 1.835697648487985001e-01 1.715323820989579084e-01 1.593949955236166616e-01
2.786955700442195205e-01 2.600219716131687009e-01 2.439889835193753131e-01 2.301905716210603803e-01 2.185907001793384596e-01 2.089994596689939421e-01 2.011594606935978025e-01 1.947961182147264492e-01 1.896477365493774436e-01 1.854808937758207210e-01 1.820965028554201171e-01 1.793300955742597458e-01 1.770483570545911822e-01 1.751443493366241499e-01 1.735332085937261459e-01 1.721480810642242454e-01 1.709364750981330894e-01 1.698572591692209255e-01 1.688787803053855840e-01 1.679766941815614700e-01
4.904244188059564413e-01 4.715812297476293380e-01 4.395270196315347322e-01 3.914395103394599507e-01 3.331441616644997272e-01 2.757777154267737063e-01 2.276109530665325897e-01 1.907617974189588506e-01 1.637111766813467151e-01 1.440768288602089220e-01 1.297828403211633563e-01 1.192849105708047169e-01 1.114902763399209101e-01 1.056337747736779409e-01 1.011793163126912948e-01 9.774994394205123449e-02 9.507850585793818643e-02 9.297354275087599262e-02 9.129726989825485972e-02 8.994878810251066836e-02
5.287102847925416738e-01 5.142823095512949472e-01 5.029554082090370581e-01 4.909490425168041572e-01 4.742841765611569560e-01 4.499339529385906755e-01 4.170876616641180368e-01 3.783867491205455957e-01 3.385740314333088308e-01 3.016912323192081913e-01 2.697600628744112328e-01 2.430815516703296320e-01 2.210318024542902993e-01 2.027027324473601733e-01 1.872691526704875209e-01 1.741311756605136984e-01 1.628995351264711511e-01 1.533156779963246730e-01 1.451780700834933713e-01 1.383008160488498062e-01
4.999916914805362378e-01 4.942726987224886903e-01 4.873808218693011507e-01 4.784838284493889704e-01 4.670560787600697705e-01 4.526613528735470293e-01 4.351159660541452645e-01 4.146323701972141618e-01 3.918553914036601582e-01 3.677554604504257307e-01 3.434250141866505013e-01 3.198736924678087234e-01 2.978882762789726302e-01 2.779728023707866424e-01 2.603562375903129555e-01 2.450441446527838740e-01 2.318899624422192662e-01 2.206629196554422412e-01 2.111004423350095749e-01 2.029428904503584041e-01
4.654726896351269461e-01 4.491434945437504100e-01 4.286794921844500617e-01 4.035539383807429381e-01 3.737484666921227494e-01 3.398949874324898590e-01 3.034463775236508898e-01 2.668258172965579655e-01 2.328795070633350450e-01 2.035981680186705611e-01 1.795576547984001070e-01 1.603480070451260564e-01 1.451785073207884080e-01 1.332355045506119495e-01 1.238156179166162441e-01 1.163535370609042746e-01 1.104089219354409540e-01 1.056435085635530347e-01 1.017988264103860258e-01 9.867731189648111523e-02
4.990486154522864037e-01 4.968642590807940129e-01 4.924386854455405915e-01 4.832227352566406120e-01 4.660644295331985432e-01 4.399020351830404407e-01 4.074848304766328644e-01 3.733342992168808827e-01 3.402612775284705737e-01 3.090258698792922587e-01 2.802361255915357674e-01 2.547586509909342545e-01 2.328687145463679553e-01 2.138034387425068461e-01 1.959964277822473511e-01 1.779362928595561444e-01 1.593939564695938393e-01 1.417563885883544039e-01 1.267355977496845421e-01 1.150679197845602131e-01
5.950825979532965437e-01 5.704105213339425440e-01 5.508329090401616890e-01 5.357644501226149769e-01 5.245602320771461935e-01 5.164047166798514388e-01 5.104236980132990098e-01 5.057388487242246988e-01 5.013732971477666833e-01 4.959233867261531037e-01 4.868409100946267665e-01 4.693720520291390086e-01 4.370293133044879097e-01 3.875824171056228562e-01 3.298152615386061304e-01 2.772930250409990638e-01 2.371133024618029550e-01 2.090036187134683143e-01 1.899170921370386955e-01 1.769018805678933826e-01
4.897145259753565294e-01 4.753910562730432887e-01 4.573877823725274738e-01 4.348878160729259257e-01 4.074364358499588112e-01 3.751933255832409220e-01 3.394570090058550704e-01 3.027960014820564316e-01 2.682351828476555733e-01 2.380572900277911630e-01 2.132332863326882877e-01 1.936226299227564729e-01 1.784837737491761778e-01 1.669084910276797118e-01 1.580587044032290556e-01 1.512516127689741419e-01 1.459637877952627560e-01 1.418062169464246736e-01 1.384938772333316470e-01 1.358187629090355231e-01
4.981232674007696759e-01 4.788267000144332819e-01 4.570430951129537678e-01 4.325532954034497224e-01 4.061681997938285105e-01 3.788438180884531881e-01 3.513722298441436243e-01 3.244059708714485124e-01 2.983478527153420323e-01 2.732908232453519215e-01 2.491835434850508957e-01 2.261941584970918462e-01 2.049335847432848801e-01 1.862203877288629850e-01 1.706019430995183994e-01 1.581179063420333486e-01 1.484084874107065855e-01 1.409448546001658420e-01 1.352013599058409510e-01 1.307355751781879571e-01
5.502246608922155557e-01 5.294751731033465747e-01 5.090578678031189019e-01 4.865699375627901002e-01 4.576934333660835907e-01 4.174058886359034437e-01 3.653187391557367047e-01 3.088162394931532884e-01 2.576654271033476107e-01 2.168819171904760867e-01 1.863609397523396105e-01 1.639334926706942364e-01 1.473671138497229527e-01 1.349485268895296020e-01 1.254753338972568466e-01 1.181230845853679101e-01 1.123250886525966052e-01 1.076866266514161924e-01 1.039282570906880226e-01 1.008484899472068680e-01
5.058200472798580760e-01 4.877884623586282720e-01 4.633483122379402630e-01 4.315638058554032153e-01 3.935573426257269469e-01 3.523094285086335598e-01 3.117667353706201627e-01 2.753195140150637710e-01 2.446439123422896877e-01 2.197669030586257566e-01 1.998518594668712567e-01 1.838583030400331997e-01 1.708583582972642012e-01 1.601263910252600786e-01 1.511284990143030860e-01 1.434804906463250651e-01 1.369071794132469266e-01 1.312072633684147061e-01 1.262304474695702117e-01 1.218612273444887317e-01
3.685193725553108646e-01 3.235849795566173026e-01 2.829336029568599864e-01 2.473970844647556122e-01 2.171958854539366157e-01 1.920101306781725747e-01 1.713170158441289503e-01 1.545153549912811342e-01 1.409869471069578051e-01 1.301481175059416295e-01 1.214822831677747628e-01 1.145525499804625758e-01 1.090006651422640999e-01 1.045390456618429248e-01 1.009393304318473433e-01 9.802176601009705836e-02 9.564565795923954394e-02 9.370069600311581315e-02 9.210043340068536921e-02 9.077705951255431172e-02
5.278454327517101419e-01 4.955037709488533393e-01 4.678449716977775008e-01 4.414073539199307450e-01 4.153494729101657734e-01 3.895209952257573383e-01 3.639375247899442889e-01 3.387152965273708127e-01 3.140981555916368961e-01 2.904514230415224940e-01 2.681986354663968286e-01 2.477256005443632669e-01 2.293000984378159024e-01 2.130337611213326543e-01 1.988946038112044401e-01 1.867456758394837324e-01 1.763882394880056381e-01 1.675998569652438208e-01 1.601597583480179332e-01 1.538635961152613196e-01
4.975462850622916489e-01 4.943559836115150596e-01 4.896141009023274870e-01 4.822197654972473213e-01 4.702799222921282829e-01 4.512039719500080537e-01 4.241709854872692809e-01 3.913547093422050649e-01 3.566214873069475377e-01 3.235014769527981837e-01 2.937995336976358951e-01 2.674632300775351967e-01 2.433508778663008298e-01 2.203097489483298033e-01 1.980464711756940166e-01 1.772506658545219826e-01 1.589149119104809049e-01 1.436155022879449794e-01 1.313381305623736450e-01 1.216974168326807743e-01
4.978511366012389749e-01 4.915419587380165378e-01 4.832329894871145171e-01 4.718794252369843956e-01 4.565281327675620449e-01 4.367073789036657883e-01 4.124938879031105898e-01 3.847023207525490096e-01 3.551145246566738689e-01 3.261736025707795972e-01 3.000180316931800872e-01 2.777343374525662600e-01 2.593572236894396976e-01 2.443327078962465870e-01 2.319541250163456303e-01 2.215890500094974402e-01 2.127490287867840335e-01 2.050854372663889202e-01 1.983604950446169746e-01 1.924115757399704196e-01
5.113322954781337470e-01 5.022821441941829335e-01 4.920119395358608649e-01 4.772046338855618908e-01 4.560037160258885724e-01 4.289682967647888701e-01 3.982006648649439873e-01 3.666075024729059106e-01 3.360923609785936850e-01 3.069049267907212331e-01 2.789758978895441888e-01 2.527340299098068677e-01 2.288242716710829072e-01 2.076303028765070779e-01 1.891535392422963591e-01 1.731651473733540891e-01 1.593848661915308051e-01 1.475644519738034399e-01 1.374942556502818936e-01 1.289821762743099398e-01
4.495656258114104076e-01 4.258025710344804926e-01 3.961495099059902936e-01 3.612805669756926630e-01 3.231842542505344862e-01 2.845272201234030351e-01 2.479407834311496139e-01 2.153731014732329641e-01 1.878052649855089795e-01 1.653452721145003967e-01 1.475301394139933164e-01 1.336373228406955715e-01 1.229019609473129965e-01 1.146342107669715976e-01 1.082610966848005785e-01 1.033290450947242783e-01 9.948978126471047512e-02 9.647959481269935411e-02 9.410058856330578980e-02 9.220462208175377039e-02
5.046318581337135845e-01 4.922953014817448847e-01 4.778478489314147981e-01 4.582954299249104024e-01 4.327433117298642440e-01 4.013867926312377765e-01 3.657222130369518487e-01 3.284017843871697706e-01 2.923761144639911436e-01 2.599411828168035621e-01 2.323001702002420732e-01 2.096707610461999161e-01 1.916378067523828443e-01 1.774991813936412643e-01 1.665004719716864645e-01 1.579562767305151272e-01 1.512946893936168713e-01 1.460621944487502377e-01 1.419095915393700225e-01 1.385729792993515841e-01
4.325647445442155070e-01 4.162777135055512057e-01 3.973626793082803421e-01 3.759911085478961357e-01 3.529585327208042411e-01 3.292456901259720459e-01 3.058522852323949381e-01 2.836272761784494056e-01 2.631726141273975639e-01 2.448311211168766044e-01 2.287227715179324106e-01 2.147871234640479077e-01 2.028215510398149457e-01 1.925206667929887649e-01 1.835176292061805603e-01 1.754222729988396123e-01 1.678553910925984494e-01 1.604839095473289401e-01 1.530617460981011368e-01 1.454734011460095677e-01
4.753205060966774753e-01 4.584763198531072725e-01 4.332311350573128661e-01 3.992817649103448940e-01 3.591327367929221803e-01 3.171445410679558652e-01 2.770850761312271815e-01 2.407574010229734662e-01 2.086372639162526743e-01 1.810896977676907105e-01 1.585488244484682119e-01 1.409590827950177039e-01 1.276677969604499974e-01 1.177654955661368713e-01 1.103899769777507284e-01 1.048509173596642030e-01 1.006379039756825494e-01 9.738692837258440538e-02 9.484114612210305106e-02 9.281985433087357185e-02
4.990179358062817871e-01 4.815267906929329711e-01 4.594387322934335161e-01 4.329692963614888979e-01 4.046003373822804616e-01 3.744922068442951835e-01 3.411148354223041412e-01 3.047708597801420116e-01 2.683216562760526447e-01 2.350477119882816712e-01 2.068854595128596097e-01 1.841489639583869520e-01 1.661837622004031789e-01 1.520492211699183693e-01 1.408739852460530462e-01 1.319592346896706625e-01 1.247744547866841414e-01 1.189241073159519185e-01 1.141137495349266867e-01 1.101226415351584387e-01
5.016244324790249953e-01 4.932969814118643992e-01 4.817173186420221631e-01 4.633920167632186171e-01 4.359493374796147847e-01 4.011494769402997873e-01 3.637682173994653545e-01 3.280022063831711243e-01 2.962727194785839124e-01 2.696073715994134479e-01 2.479703393328236416e-01 2.307268980937078606e-01 2.170308776071760704e-01 2.060350867256056651e-01 1.969923592533450452e-01 1.892903160175774258e-01 1.824525834282394454e-01 1.761248266708571597e-01 1.700560360518284242e-01 1.640779533248860333e-01
4.532320935593452393e-01 4.338942532058069901e-01 4.092490934790112278e-01 3.797559060932746977e-01 3.467837850684009071e-01 3.120074598458245640e-01 2.770433220525592155e-01 2.434825021727010652e-01 2.129342970548896152e-01 1.866175921342801414e-01 1.649685702839633339e-01 1.477160502284823318e-01 1.342144169731182002e-01 1.237316476354317213e-01 1.156027749385611925e-01 1.092811603703921774e-01 1.043396238911873247e-01 1.004519599609718788e-01 9.737221625912524658e-02 9.491512589927651733e-02
8.604090143204666807e-01 7.901493016148196658e-01 7.313123709006685846e-01 6.834307749873914650e-01 6.448499722259657396e-01 6.132932276211567890e-01 5.863186049356591267e-01 5.619723349600098672e-01 5.388863394818327324e-01 5.160456195365259457e-01 4.925709987490609065e-01 4.676088886831848423e-01 4.404739574831910698e-01 4.110596993798389942e-01 3.801676628499990329e-01 3.492997980448490081e-01 3.199812636578098779e-01 2.931480530404951268e-01 2.689750575760262996e-01 2.470690257521346300e-01
5.156345015129585319e-01 5.100860930521547987e-01 5.065063119752202248e-01 5.035252565795570456e-01 4.994579858144220230e-01 4.924426551139094999e-01 4.796971300565200935e-01 4.580713744959666878e-01 4.257891309522892631e-01 3.835583966726335281e-01 3.354268081264308310e-01 2.880430009974224714e-01 2.471404675460507905e-01 2.151756811250379597e-01 1.916154522579017749e-01 1.745954558165249138e-01 1.622302293168468301e-01 1.530768009963640042e-01 1.461380685904968835e-01 1.407458007648438036e-01
5.399877877286053396e-01 5.201690224252524253e-01 5.049965044598502262e-01 4.925104636199102992e-01 4.806771105653752096e-01 4.676502572670506175e-01 4.518155702212607316e-01 4.319363275384239254e-01 4.075369686831663563e-01 3.792835769842705096e-01 3.488261180519783844e-01 3.180103213077015156e-01 2.881122866437135777e-01 2.595507186334453098e-01 2.321797187536139839e-01 2.061632496070160414e-01 1.825318521194498056e-01 1.625059375356795455e-01 1.465317515949573213e-01 1.342058316987572719e-01
5.057092054673216763e-01 4.987401370286436153e-01 4.892069669312831826e-01 4.767711421856074550e-01 4.613350119744427658e-01 4.424871298205107495e-01 4.197917362768203153e-01 3.935734015749767223e-01 3.652703533601016073e-01 3.369565200433135010e-01 3.104748580441810124e-01 2.868602027045563108e-01 2.662201980839017934e-01 2.479098296456504480e-01 2.307619567704387031e-01 2.133341770630795553e-01 1.945402242010459415e-01 1.746171025396324739e-01 1.552532396931201319e-01 1.383644632436334954e-01
4.997018908146639848e-01 4.778891680494712357e-01 4.506466642626037467e-01 4.184116308025840891e-01 3.835928214276645987e-01 3.493102343054124703e-01 3.180623699446914476e-01 2.911381866902593152e-01 2.687626063605785265e-01 2.505115147195101644e-01 2.357194696934311606e-01 2.237247316409775588e-01 2.139624310061662982e-01 2.059792117969573289e-01 1.994159890563969306e-01 1.939902772955247323e-01 1.894795739757773878e-01 1.857092631402701977e-01 1.825418838892983453e-01 1.798686941635605774e-01
5.217423010931816485e-01 5.113679240628211664e-01 5.046618802901258194e-01 5.009833699171545307e-01 4.992054299198309675e-01 4.978524620519299004e-01 4.944461151818907996e-01 4.825792674158816409e-01 4.499763339251531269e-01 3.930388009204528466e-01 3.301359415636958006e-01 2.761154141000360940e-01 2.311932849913540533e-01 1.931374876639314619e-01 1.624740553668254928e-01 1.395648401722492937e-01 1.233056397159816714e-01 1.120046869453608512e-01 1.041483157257732661e-01 9.862224179986302242e-02
6.350669612130149799e-01 6.043280813354067194e-01 5.775792566558811680e-01 5.539719738229177404e-01 5.324211736930738459e-01 5.109571829861903058e-01 4.860986933027379719e-01 4.529703282066566139e-01 4.078348667570367292e-01 3.521659408811683711e-01 2.934197600581683330e-01 2.403097874118975685e-01 1.978226636637145930e-01 1.664514719391854691e-01 1.441938307532473207e-01 1.285587362986007065e-01 1.174909280455176536e-01 1.095291536203876620e-01 1.036911218059715645e-01 9.932729485043637063e-02
4.782089950474028295e-01 4.545307626558149905e-01 4.160709422466697949e-01 3.623154175407454214e-01 3.002891079235450733e-01 2.412770466237634526e-01 1.934514462914194155e-01 1.587395539660110544e-01 1.350003663624687600e-01 1.191170053523455813e-01 1.084848118928766758e-01 1.012830260240877994e-01 9.632193278115665225e-02 9.284047963677038995e-02 9.035171378794870645e-02 8.854053956738625053e-02 8.720039698168875753e-02 8.619329948061932312e-02 8.542553743452117876e-02 8.483237640200969043e-02
3.914496127237521161e-01 3.574309563826352787e-01 3.229194165140029105e-01 2.888929289823727320e-01 2.568747879899236364e-01 2.281463207925799042e-01 2.033182683602262897e-01 1.823916567022331459e-01 1.650136200415636134e-01 1.507033511377291746e-01 1.389736362575837436e-01 1.293814384009158436e-01 1.215435977840274989e-01 1.151376181571936302e-01 1.098958163334145810e-01 1.055986623594299123e-01 1.020676528151489015e-01 9.915824728662755994e-02 9.675365179511573321e-02 9.475967257807496602e-02
5.841776551829389597e-01 5.600805430437412191e-01 5.359751498879878895e-01 5.097022758322996561e-01 4.787082277832360178e-01 4.411969165206965915e-01 3.973486930503258852e-01 3.500596756209162774e-01 3.041269557045779837e-01 2.634977627302214631e-01 2.296748373866284998e-01 2.023542221702518962e-01 1.805405240431718905e-01 1.631673054783823185e-01 1.493048181587528223e-01 1.381978517761945080e-01 1.292513552942227695e-01 1.220034853201195785e-01 1.160966280504997922e-01 1.112537418572088627e-01
4.313779826748743162e-01 3.962974371602490664e-01 3.500706193513451470e-01 2.968108128900513454e-01 2.444299068859027146e-01 1.998391114598244700e-01 1.657726672853277738e-01 1.413974231494921630e-01 1.244774480530031757e-01 1.128184564913135568e-01 1.047396749760991924e-01 9.907374758421610972e-02 9.504060209170347995e-02 9.212488339377614133e-02 8.998488784690834852e-02 8.839169793790460639e-02 8.718992054502450184e-02 8.627259850904693550e-02 8.556483576445511607e-02 8.501343667039805430e-02
6.182706399854214219e-01 5.897727273587952679e-01 5.684571954659349835e-01 5.523099955558541385e-01 5.398917727382394061e-01 5.302000927400023489e-01 5.225836218909339914e-01 5.166245844915612340e-01 5.120303201859103259e-01 5.085402984740237109e-01 5.058605472657040636e-01 5.036199264303309331e-01 5.012826906981309172e-01 4.978506870478907054e-01 4.909983003729816997e-01 4.754304429285261535e-01 4.429302409846650468e-01 3.896773440200922978e-01 3.240453487216836681e-01 2.606966540268331189e-01
3.968905734894662141e-01 3.706038051689972690e-01 3.422686248828313293e-01 3.126743310445840307e-01 2.822180166398532974e-01 2.511599941409173309e-01 2.205058402273470941e-01 1.920553381491238443e-01 1.674500706980310838e-01 1.474456913080853526e-01 1.318998284729881731e-01 1.201484944491400531e-01 1.113813663319579983e-01 1.048584520387225855e-01 9.998597014978059805e-02 9.631805501952328541e-02 9.353004567850803364e-02 9.138867094067051888e-02 8.972677406167747782e-02 8.842399239545159495e-02
5.034953626660216841e-01 5.008300234577401921e-01 4.985631522653147796e-01 4.959547420770215598e-01 4.924754085782933610e-01 4.873614616645607911e-01 4.793934983263443694e-01 4.667105305318546282e-01 4.469397970915451879e-01 4.181461843377837773e-01 3.805944007086978220e-01 3.377662039901885294e-01 2.949403493913744789e-01 2.565365957419635246e-01 2.247354823153000225e-01 1.997510358503495898e-01 1.807166685353149560e-01 1.664264722808729835e-01 1.557363557985081692e-01 1.477092279822318222e-01
5.122985470600387448e-01 5.052386797307248933e-01 4.993710030975614944e-01 4.910538204047151245e-01 4.742357900379306490e-01 4.397598022939018803e-01 3.847478496742580689e-01 3.202786535866835038e-01 2.612058633328036006e-01 2.149358646464679667e-01 1.814642792067024946e-01 1.578782418955233802e-01 1.412130355024419359e-01 1.292560185569163744e-01 1.205054162704618653e-01 1.139661732890817764e-01 1.089780907638487339e-01 1.050982075381034497e-01 1.020252307859482177e-01 9.955053897880133951e-02
3.218842308216871007e-01 2.875667099191230314e-01 2.555515773884553532e-01 2.269821476511583447e-01 2.027873046506556420e-01 1.830507276293246721e-01 1.672530038997388224e-01 1.546535965319306427e-01 1.445421431610088847e-01 1.363353370191680292e-01 1.295869893242814763e-01 1.239657233544448900e-01 1.192271599677314914e-01 1.151906727239565970e-01 1.117211481746062385e-01 1.087162319143772093e-01 1.060970036740081918e-01 1.038017499916168151e-01 1.017813068148279848e-01 9.999591459786642822e-02
3.445693292003124686e-01 3.206979819014668665e-01 2.985748771950602620e-01 2.781059657596051671e-01 2.594609714485704988e-01 2.426645096298307158e-01 2.276851138984784528e-01 2.144522255053743776e-01 2.028565032570622817e-01 1.927566467737779066e-01 1.839928533742204442e-01 1.763999671337660446e-01 1.698176880209939510e-01 1.640972118506033306e-01 1.591040884861286142e-01 1.547207702017556197e-01 1.508461016271030464e-01 1.473951895995560257e-01 1.442976443700536016e-01 1.414959447180194618e-01
4.838122259788826818e-01 4.726767288556584234e-01 4.567871814916725226e-01 4.352492099289520522e-01 4.083259042926465354e-01 3.777034190465928809e-01 3.460977687360718980e-01 3.162057783519685583e-01 2.897919798947987124e-01 2.674514616705369052e-01 2.489242979220932794e-01 2.335479360233875812e-01 2.205904813000233722e-01 2.094091846782248356e-01 1.994822181988274712e-01 1.903841858505620488e-01 1.817562267075845672e-01 1.732996287100377342e-01 1.648014538715693866e-01 1.561836806845167402e-01
5.555552249612446536e-01 5.359432281801156384e-01 5.207772740685763235e-01 5.094184681631526157e-01 5.004312111085914561e-01 4.921135320159265580e-01 4.828311148959699151e-01 4.706699022857054882e-01 4.525216626101746242e-01 4.233139629850120600e-01 3.781902276879554603e-01 3.195510495155758912e-01 2.592726219406904509e-01 2.088451730835367837e-01 1.719564071308559428e-01 1.466608912890387806e-01 1.296098470187485030e-01 1.180157573780979824e-01 1.099740811966332110e-01 1.042663903891025284e-01
4.544425691161915748e-01 4.279703298871754824e-01 3.946024124793893750e-01 3.552758106572355135e-01 3.128150646698395487e-01 2.711701442000048479e-01 2.335217327684222244e-01 2.013570105569670032e-01 1.749444385768583743e-01 1.539107202787272366e-01 1.375491631566728712e-01 1.250253629560575119e-01 1.155257577710176453e-01 1.083414042293839030e-01 1.028978778026930774e-01 9.875042077092359427e-02 9.556454507156786349e-02 9.309268176964252683e-02 9.115348918257097643e-02 8.961416289915334621e-02
