4.704039143286127267e-01 4.256051950327878197e-01 3.825050898676022326e-01 3.419703816784885886e-01 3.027411266148419822e-01 2.646330358589966680e-01 2.305147265216874186e-01 2.024219363709198749e-01 1.805907544459478264e-01 1.642230669587297631e-01 1.521445589381204277e-01 1.432460501430068700e-01 1.366411042882100524e-01 1.316692864520155049e-01 1.278557120163168193e-01 1.248660903032578068e-01 1.224670764179609239e-01 1.204962085103034042e-01 1.188400112708040968e-01 1.174184161409357330e-01
4.985932542990159089e-01 4.441889415874334390e-01 4.014627681118281277e-01 3.650486358051875935e-01 3.307273508875004930e-01 2.979785907738187190e-01 2.685355847613755120e-01 2.440333330364046482e-01 2.247336264197565547e-01 2.097832048247535441e-01 1.979882233914486145e-01 1.883013972732078267e-01 1.799678843290166697e-01 1.724899725261639094e-01 1.655321036581335614e-01 1.588405627699376044e-01 1.522086029153410791e-01 1.454976978399707965e-01 1.386923531591341685e-01 1.319366321096373529e-01
4.457752159055053398e-01 4.010360704649701957e-01 3.546207669970499188e-01 3.137096385548284183e-01 2.818153545645327718e-01 2.572801759229332852e-01 2.373749111569486425e-01 2.201243187930958800e-01 2.043548658918734884e-01 1.893397217837781421e-01 1.746643974476319305e-01 1.602403466606847349e-01 1.462659766764045355e-01 1.331521446307124268e-01 1.215376392932603217e-01 1.121274128064214948e-01 1.052008441185898896e-01 1.004214271702221634e-01 9.717525965388632003e-02 9.491701560531509707e-02
5.670623929664472263e-01 4.990495505759958705e-01 4.408103447106986872e-01 3.910343361991908684e-01 3.492750624755899258e-01 3.147272475229692668e-01 2.858274124546733019e-01 2.609911911330709544e-01 2.388932913438475136e-01 2.184901748225092921e-01 1.992451539175817687e-01 1.813192789629010926e-01 1.653300664595371838e-01 1.518438972733565651e-01 1.410384113725740574e-01 1.326923884567804690e-01 1.263650417001918047e-01 1.215788854379206835e-01 1.179211532254703376e-01 1.150736449938267458e-01
3.845245065545895846e-01 3.420325119933113611e-01 3.075746113667264803e-01 2.779582052258774416e-01 2.514780382206663334e-01 2.278707555914297744e-01 2.073467927332967586e-01 1.901044192584231407e-01 1.760838016308844123e-01 1.649156125565059416e-01 1.560634129890240696e-01 1.489879752253182310e-01 1.432349798886571046e-01 1.384551483253017024e-01 1.343925186747219336e-01 1.308636676974128943e-01 1.277389082073932536e-01 1.249262131383875318e-01 1.223602990270592217e-01 1.199948444133042413e-01
5.064561243845204785e-01 4.643866371024432116e-01 4.211124011954081037e-01 3.795999250992463381e-01 3.418017629967653459e-01 3.078877725140773958e-01 2.768600744416471748e-01 2.481079097464680694e-01 2.222605937859043479e-01 2.004507007857319056e-01 1.830829505389556244e-01 1.696748917363584130e-01 1.593707352632190988e-01 1.513484940386843058e-01 1.449676821421599093e-01 1.397701295535080102e-01 1.354349236306734428e-01 1.317336579892435244e-01 1.285000276126811447e-01 1.256110932674346370e-01
5.407198228032393805e-01 4.981870018290646684e-01 4.560172487515956052e-01 4.124389677611179916e-01 3.707595337647944800e-01 3.349093510117381878e-01 3.051269942754879505e-01 2.797118113841861597e-01 2.576826547924429001e-01 2.388672776054590885e-01 2.230810713488608488e-01 2.099009184911847237e-01 1.988335799984634056e-01 1.894524108432233400e-01 1.814244036842137531e-01 1.744896914996206805e-01 1.684422706346958842e-01 1.631204663496464424e-01 1.584000397287309292e-01 1.541863325331360168e-01
4.591837552466313532e-01 4.170565862816875136e-01 3.721740664047773484e-01 3.260198757936814129e-01 2.818994968904454113e-01 2.423934322009972664e-01 2.089706900919554855e-01 1.823033514560666035e-01 1.620538812619634061e-01 1.471075245854444880e-01 1.361566411564126555e-01 1.280790263623930447e-01 1.220358121627941744e-01 1.174353424599394180e-01 1.138678833958692849e-01 1.110494487965479476e-01 1.087811024626716971e-01 1.069214837835170268e-01 1.053690251149237145e-01 1.040494786156341417e-01
4.737910248393609192e-01 4.263043242597256977e-01 3.822929953799462099e-01 3.427943733631764189e-01 3.088908596787359739e-01 2.809903334128179830e-01 2.585547630625842364e-01 2.404302691930934044e-01 2.253360988460554049e-01 2.121910054834393045e-01 2.002475442611102996e-01 1.890966706833569211e-01 1.785976062010740939e-01 1.687702910043299143e-01 1.596895989857148312e-01 1.514183909748680890e-01 1.439864590438082737e-01 1.373948431131429837e-01 1.316235123481601377e-01 1.266330189583823040e-01
4.568266159672930149e-01 4.237096301259953290e-01 3.901056833181246741e-01 3.577111512419833272e-01 3.277616009819939724e-01 3.006850189085162328e-01 2.757391645025620841e-01 2.519061268593031921e-01 2.284892541278918665e-01 2.051279029208853966e-01 1.821457306261800024e-01 1.609393957545035003e-01 1.431884235128518534e-01 1.295893825837993174e-01 1.197054104605922431e-01 1.126293478131992765e-01 1.075066323936334778e-01 1.037026849287212837e-01 1.007885077659739226e-01 9.848316192888888210e-02
4.058188058796804443e-01 3.660646698693744705e-01 3.322242951451335191e-01 3.028224025040981426e-01 2.760557307312410669e-01 2.507143958316464527e-01 2.261921682422871616e-01 2.026734899292296221e-01 1.811158048435345391e-01 1.626048173703111277e-01 1.476617309175344284e-01 1.361087131785461701e-01 1.273632763558998626e-01 1.207580905713257352e-01 1.157132914452813632e-01 1.117844456015154725e-01 1.086519147807848695e-01 1.060921853096806478e-01 1.039502703282050855e-01 1.021193059458164465e-01
5.509082112107143159e-01 5.030977867663295466e-01 4.540932066906953057e-01 4.064283359741051593e-01 3.638562304665670655e-01 3.287540206889241201e-01 3.009468551871918862e-01 2.787495737717654021e-01 2.602782255093484265e-01 2.441439354082831359e-01 2.294666920797317211e-01 2.156229066482046597e-01 2.021428090881090545e-01 1.887709380988963070e-01 1.755234136106446352e-01 1.626609275850933178e-01 1.505887159937992770e-01 1.397094003937672801e-01 1.302896286599570796e-01 1.224012687610229466e-01
4.496894564949980300e-01 4.137299287330460928e-01 3.811689677833055567e-01 3.504877351502364013e-01 3.205021959482109994e-01 2.915560736529732577e-01 2.654347460449935081e-01 2.433354177464207291e-01 2.249464707630977611e-01 2.092381464046047801e-01 1.952443373433538909e-01 1.822791394747764471e-01 1.699438972809002857e-01 1.581307399889919918e-01 1.470035210991045560e-01 1.369099696225020979e-01 1.282113896566443034e-01 1.210989551286911631e-01 1.155217715835897274e-01 1.112535437790211357e-01
5.705939611816210899e-01 5.328661322212792095e-01 4.974192346549364263e-01 4.626983862874692321e-01 4.258588305937883178e-01 3.864913029900344799e-01 3.487349502585857519e-01 3.162074859625863543e-01 2.893137338662370439e-01 2.667187117751632086e-01 2.468896433180907402e-01 2.287972081162297500e-01 2.119653324907994907e-01 1.962780531076714352e-01 1.818859619065187894e-01 1.690979612246155672e-01 1.581614957470446892e-01 1.491069845738820787e-01 1.417623313260264750e-01 1.358546892192680489e-01
5.231177132498748827e-01 4.857310407564736643e-01 4.505226388424080075e-01 4.134717371430383648e-01 3.735873001403524629e-01 3.322800856677349812e-01 2.922659195237792829e-01 2.564585203398019320e-01 2.263889972213655732e-01 2.020451508788392025e-01 1.827578261774033264e-01 1.676795951277017527e-01 1.559625978558324411e-01 1.468433800851926263e-01 1.396872209804132514e-01 1.339984026271849871e-01 1.294061364931985703e-01 1.256390182510949693e-01 1.224998631677590294e-01 1.198450695211067812e-01
4.849967816257481079e-01 4.506399830975897358e-01 4.156882578558520613e-01 3.793889177650089373e-01 3.436273073325978311e-01 3.112526882352631419e-01 2.834405598827944295e-01 2.600473247238551111e-01 2.404000188513600866e-01 2.237478211333654987e-01 2.095124375960040197e-01 1.973297171168269526e-01 1.869126495219061435e-01 1.779420187190669245e-01 1.700296241604496439e-01 1.627025644244313451e-01 1.554202563155013261e-01 1.477124721429936560e-01 1.394749985420253580e-01 1.311676386176259257e-01
4.911665240801085242e-01 4.426572071730515701e-01 3.982986324734520411e-01 3.596797153666557167e-01 3.281912317619753439e-01 3.039581132233630245e-01 2.856133490310821532e-01 2.712043566022157570e-01 2.590971451600634357e-01 2.481951443376965438e-01 2.378081320969183121e-01 2.274727888045526836e-01 2.168278192240177260e-01 2.055988234767573974e-01 1.937062491813998089e-01 1.813890352746762025e-01 1.691755329557781684e-01 1.576657613021416049e-01 1.473096394094682293e-01 1.383346430109668179e-01
4.702360179035167675e-01 4.316770714122321606e-01 3.930479042428487446e-01 3.563835225956790698e-01 3.242403182391353500e-01 2.971014470448426481e-01 2.743658894067630416e-01 2.550444052348029844e-01 2.382846420281566624e-01 2.235366075159981869e-01 2.104661494222818952e-01 1.988164958654670134e-01 1.883272264717379685e-01 1.787284470512531809e-01 1.697797042632009923e-01 1.613173755246680163e-01 1.532888569997157835e-01 1.457500287191942356e-01 1.388172559428494379e-01 1.325960620224941600e-01
4.149699220361276475e-01 3.596225615222647387e-01 3.150489942106651231e-01 2.781774872342066551e-01 2.471011356033704920e-01 2.212441686079182623e-01 1.999951541713744507e-01 1.825254219390899380e-01 1.680432607746888685e-01 1.559491957525187822e-01 1.458265491573911277e-01 1.373624109525553583e-01 1.302895263963728123e-01 1.243670171502162664e-01 1.193812672595959135e-01 1.151515791693236701e-01 1.115308669512160150e-01 1.084037189157606856e-01 1.056808142953559598e-01 1.032936827194794183e-01
4.608419078588167350e-01 4.198020257499592844e-01 3.827134372022373832e-01 3.493392151960870162e-01 3.197133857258085965e-01 2.933112519201404034e-01 2.693562485788720817e-01 2.472913067345450522e-01 2.268964193014471609e-01 2.081791410631558259e-01 1.912168229547751286e-01 1.760073369208202954e-01 1.624271217149930724e-01 1.503284486115603613e-01 1.396504824968985703e-01 1.304177187056461684e-01 1.226501772424489906e-01 1.162888164385003642e-01 1.111867870454443658e-01 1.071463390709686825e-01
5.668087176318403753e-01 5.167016846840497557e-01 4.742439439841473203e-01 4.370135489039330690e-01 4.022347542391071507e-01 3.687719059043229053e-01 3.371738984893646318e-01 3.085014169876740264e-01 2.833595653869269704e-01 2.615991728589142640e-01 2.425757024250924654e-01 2.255015399665717402e-01 2.096922099094808700e-01 1.946843030705349420e-01 1.802454664574179299e-01 1.663434734359907352e-01 1.531197137240087602e-01 1.408456051934626752e-01 1.298372300431947235e-01 1.203408636531094061e-01
3.920932082882609415e-01 3.561779582120112586e-01 3.206018958696449928e-01 2.880272987124044559e-01 2.609012094277750049e-01 2.392034559413150352e-01 2.219136312582122572e-01 2.077978216009796486e-01 1.957716968376189415e-01 1.852221568534150598e-01 1.759650490130297840e-01 1.678799979609902904e-01 1.606066402501892254e-01 1.535484941629692845e-01 1.462364633800461999e-01 1.387479225546121575e-01 1.315713544993195594e-01 1.251157571305520910e-01 1.195254708454012854e-01 1.147721584292594327e-01
5.163287501331701446e-01 4.826346491734057054e-01 4.488388701136864500e-01 4.116151703637296877e-01 3.695208162971903021e-01 3.272484730475116455e-01 2.908575823961291329e-01 2.612582127400673859e-01 2.363955796137452159e-01 2.145771080418489851e-01 1.951343842828646424e-01 1.779187100799754229e-01 1.628759307181462668e-01 1.499544379301369079e-01 1.391142151691019402e-01 1.302715723263099812e-01 1.232363837631419295e-01 1.177202365221455688e-01 1.133974148752167760e-01 1.099659607978537706e-01
3.455322174153679371e-01 2.940814026925363533e-01 2.458385103330874566e-01 2.049478653695405161e-01 1.732577835648317077e-01 1.498724189214192259e-01 1.330266803406993936e-01 1.210381204439545388e-01 1.125309372633637450e-01 1.064584774520335453e-01 1.020678746379417162e-01 9.883835785905831228e-02 9.641592657884758000e-02 9.456130962062161971e-02 9.311168447307864582e-02 9.195527309777390412e-02 9.101441223052461615e-02 9.023467659605557967e-02 8.957713176913330300e-02 8.901397576814573664e-02
4.619138896396373095e-01 4.250304929393314279e-01 3.891204270116577213e-01 3.546851441034823416e-01 3.223261430630945945e-01 2.914460160878388773e-01 2.620168074315551987e-01 2.352988540150909025e-01 2.127042925976638799e-01 1.946264198988720273e-01 1.805020816187243304e-01 1.694040395560659773e-01 1.604512846973011608e-01 1.529571834357920934e-01 1.464424328125278341e-01 1.405992899160264653e-01 1.352466583769057762e-01 1.302871183655366916e-01 1.256747716433277984e-01 1.213920516341659150e-01
4.498042116254509781e-01 4.039409781963331780e-01 3.623713403011697420e-01 3.245566085624704833e-01 2.901744902949508487e-01 2.592725282226456263e-01 2.321998813190293831e-01 2.093275598609568577e-01 1.907816165165422684e-01 1.762425441464438303e-01 1.650554165715584498e-01 1.564888807418537975e-01 1.499059398094595985e-01 1.448082723384845893e-01 1.408210565185324115e-01 1.376651350658289752e-01 1.351323362182574872e-01 1.330679489648264324e-01 1.313568735407443511e-01 1.299136140155951469e-01
4.262432959778288954e-01 3.936319327974433513e-01 3.625302416078033940e-01 3.330131203021528541e-01 3.063869528443319834e-01 2.832656573166605352e-01 2.633659029845148436e-01 2.460952050308696792e-01 2.309210667340085010e-01 2.174450808158144288e-01 2.053543225990142607e-01 1.943772901303600642e-01 1.843019233946688595e-01 1.750195424666162458e-01 1.665308303036726889e-01 1.588983668608125177e-01 1.521767817763611808e-01 1.463674928597174518e-01 1.414113758783787367e-01 1.372083497815765329e-01
5.077890014747663550e-01 4.657439651100321321e-01 4.232354192437742246e-01 3.816470646204283002e-01 3.446887116450932376e-01 3.142645482689658820e-01 2.884414019277636299e-01 2.631684831940219738e-01 2.352136109737330005e-01 2.050187330937478791e-01 1.759618013561703165e-01 1.511380603059660765e-01 1.318105296907015056e-01 1.177046979696024231e-01 1.077948278933763548e-01 1.009359495528042300e-01 9.617678210808662531e-02 9.282691014726879297e-02 9.041751635857508962e-02 8.863922983262455257e-02
5.166775825213122397e-01 4.762949827571674177e-01 4.378496288886635779e-01 4.033168561969068810e-01 3.723346537481483920e-01 3.436351516147078677e-01 3.161122621598769777e-01 2.892320785683114015e-01 2.630002375497133560e-01 2.382191653805784959e-01 2.161130007868632685e-01 1.974720982834696770e-01 1.824135368317365558e-01 1.706152121536433641e-01 1.615494426526129235e-01 1.546334319002926339e-01 1.493302544765174322e-01 1.451985470391810029e-01 1.419018648378551073e-01 1.391954474337399050e-01
5.529532244645816164e-01 5.072640411707106667e-01 4.571502258305906730e-01 4.053744989159076551e-01 3.589106976757466261e-01 3.222826032922421202e-01 2.944896875072799958e-01 2.722183339103048660e-01 2.530654816787504813e-01 2.360531558374441286e-01 2.209760046578594372e-01 2.077873928583079399e-01 1.963463004379082111e-01 1.864221192542754590e-01 1.777683300344506390e-01 1.701720156602095912e-01 1.634684209065744576e-01 1.575336027325829613e-01 1.522701393166789874e-01 1.475942882720846783e-01
4.959122863252378166e-01 4.506829136779594847e-01 4.046172563568689040e-01 3.586488740635104255e-01 3.160291845223400786e-01 2.786124636391832388e-01 2.475944520423354334e-01 2.233530598611651041e-01 2.051122474641306204e-01 1.915433771704556365e-01 1.813533851841566402e-01 1.735193540758700748e-01 1.673064406031517237e-01 1.622071609180056884e-01 1.578722283085153277e-01 1.540570673491220011e-01 1.505856071377275063e-01 1.473273866886970762e-01 1.441842674031340588e-01 1.410826655750861414e-01
5.422031813049366100e-01 4.953180753056917740e-01 4.436131245467185846e-01 3.901904600631678210e-01 3.401694264152320124e-01 2.966285181115381198e-01 2.614721091480168846e-01 2.343148149329499497e-01 2.134548957793958868e-01 1.972024455545761112e-01 1.842962624011124650e-01 1.738395227966248180e-01 1.651813055428647259e-01 1.578474914448088351e-01 1.515012386219413421e-01 1.459099182474392353e-01 1.409150740289805970e-01 1.364090499624944774e-01 1.323185017067407820e-01 1.285933896102142149e-01
4.038847829328369721e-01 3.656598892302387882e-01 3.359200914139608973e-01 3.115719766983965910e-01 2.907134908537091222e-01 2.724858427720027731e-01 2.564926504204049773e-01 2.425199593720026303e-01 2.303998091816902294e-01 2.199698880547657498e-01 2.110801157774403747e-01 2.035757344309240546e-01 1.972763907536864147e-01 1.919807740394026130e-01 1.874857024662196503e-01 1.836000258289277598e-01 1.801464306190609932e-01 1.769521993864327791e-01 1.738313489593565353e-01 1.705586314853280716e-01
5.531399818202692442e-01 5.052675715808436774e-01 4.608615032525995026e-01 4.202217079400725197e-01 3.814445642258044722e-01 3.437764923386748550e-01 3.093891350549506369e-01 2.800788993154492146e-01 2.560096595225695437e-01 2.366054715297650490e-01 2.208428911985947651e-01 2.075028039936751278e-01 1.956383862275652141e-01 1.847728193399234553e-01 1.747992445006093520e-01 1.657946891747997253e-01 1.578567171830218274e-01 1.510122606289951430e-01 1.452003011130363896e-01 1.403006456061393625e-01
4.562233653528892097e-01 4.055458611092944698e-01 3.588875426667164081e-01 3.145470243153340451e-01 2.728833768114054537e-01 2.361736185774498120e-01 2.060313855089066226e-01 1.824523628831957456e-01 1.645037563281948612e-01 1.509991370514035258e-01 1.408422872546361837e-01 1.331454504991415877e-01 1.272359030786901768e-01 1.226218892494216617e-01 1.189512898167595228e-01 1.159739200666081160e-01 1.135118754417635545e-01 1.114381326525472060e-01 1.096611716109327922e-01 1.081143219105433623e-01
4.894312513912245644e-01 4.444603547047586423e-01 4.000808775907171433e-01 3.610407303838587545e-01 3.295533900768282121e-01 3.049514310731035738e-01 2.854754472482670669e-01 2.693439506352660606e-01 2.548445783850594726e-01 2.400012312142859316e-01 2.226908056653252310e-01 2.020725629604703533e-01 1.799717196864185076e-01 1.592974843502633908e-01 1.418464826882186725e-01 1.282205075618730872e-01 1.182218236797012850e-01 1.111630507266636453e-01 1.062469521433740682e-01 1.028053954096253553e-01
4.802876471477024456e-01 4.365120845077042344e-01 3.981928034745702560e-01 3.633918132124677181e-01 3.306392189700181894e-01 2.991753004208521638e-01 2.693512636233754143e-01 2.419345932114447262e-01 2.168617569796697231e-01 1.934767184102611226e-01 1.717311540031857819e-01 1.525032320697687349e-01 1.366924780897625091e-01 1.244253484605997023e-01 1.151830080659610178e-01 1.082715949400471778e-01 1.030876225669817292e-01 9.917254002040863659e-02 9.619038108790846364e-02 9.389586084675101418e-02
4.193960844067624039e-01 3.835351172857917601e-01 3.445379308145493091e-01 3.057429601997136981e-01 2.711508310353383244e-01 2.431537220533937227e-01 2.217245619930326983e-01 2.055437677167356036e-01 1.931930170021951276e-01 1.835580418817698845e-01 1.758322514407336667e-01 1.694403224065899882e-01 1.639772120676934730e-01 1.591649782285094183e-01 1.548212548717856352e-01 1.508330083452165127e-01 1.471349479258060589e-01 1.436914137005805836e-01 1.404824175685644161e-01 1.374936759565025535e-01
4.998298518099909549e-01 4.636007342318589353e-01 4.337027469541078761e-01 4.057087093575318937e-01 3.770939391336378121e-01 3.477298469424495164e-01 3.194154318380024171e-01 2.943189799019819697e-01 2.738405823828452545e-01 2.578546182361739492e-01 2.451647896834492635e-01 2.344427923124021707e-01 2.246802991373448299e-01 2.152019381440635482e-01 2.055594168330532046e-01 1.954705337925270181e-01 1.848530731494719137e-01 1.739183618514380247e-01 1.631617118783560694e-01 1.531365126932723864e-01
5.355071296113965706e-01 4.842577157920959774e-01 4.379138143252339632e-01 3.963086366590323206e-01 3.605104130457039147e-01 3.308226922329777220e-01 3.058520418720809264e-01 2.837558073043328633e-01 2.633902531548665271e-01 2.443588941828602479e-01 2.267398260638839314e-01 2.107586880371837834e-01 1.965582906201302771e-01 1.841106252639201635e-01 1.732453905192414823e-01 1.637325430673021720e-01 1.553548594676934236e-01 1.479442690592472909e-01 1.413846860935956962e-01 1.355974507622096092e-01
4.387349359143090100e-01 4.029372398473787809e-01 3.635600384634745108e-01 3.225060414926702035e-01 2.820409319184182251e-01 2.428481977756450638e-01 2.071972866398300583e-01 1.785489966483146396e-01 1.576930001753862609e-01 1.430651920372194852e-01 1.327278984067561396e-01 1.252163638935598899e-01 1.195734797052864506e-01 1.151951392822229553e-01 1.116981481723996750e-01 1.088339663124133910e-01 1.064373115870694136e-01 1.043955660173924160e-01 1.026300450511098417e-01 1.010844195911886345e-01
5.387941126996520502e-01 4.839739893654405045e-01 4.374524284019321585e-01 3.984282194272964484e-01 3.644945114536676800e-01 3.337052839691750927e-01 3.055455215286929094e-01 2.803110279515385606e-01 2.578242749487981156e-01 2.374711143469903640e-01 2.186882388463709526e-01 2.012651162012480122e-01 1.853997342730872300e-01 1.714422504848334972e-01 1.596039902698248580e-01 1.498505772423232019e-01 1.419542398647172243e-01 1.355973943811841220e-01 1.304583973699482147e-01 1.262572191865183324e-01
5.119794717887361513e-01 4.685966835923329743e-01 4.264078745078768162e-01 3.880604436166686377e-01 3.545975940505741164e-01 3.253152555497217935e-01 2.993701693231560212e-01 2.761648718983269468e-01 2.551816700683184336e-01 2.357814624935417602e-01 2.170286345223303159e-01 1.979175194742856525e-01 1.783203516795765498e-01 1.597282760159578208e-01 1.441868101630825461e-01 1.325640098506118969e-01 1.243885976390447512e-01 1.187111599254421918e-01 1.146933749783784207e-01 1.117504855489823978e-01
4.693686390483458037e-01 4.209088161095928537e-01 3.781026999153613288e-01 3.404714172838447239e-01 3.091451875663097093e-01 2.844254789239130110e-01 2.651734416406907324e-01 2.499952740550361319e-01 2.377424091106513648e-01 2.274266185762826298e-01 2.181426123133860528e-01 2.090584667795337692e-01 1.993933909124462056e-01 1.884246930970402967e-01 1.757378920765677310e-01 1.617895853181835208e-01 1.480062195920891222e-01 1.358406205964274582e-01 1.259487029052979712e-01 1.182707090576877867e-01
4.438493295900684532e-01 4.022108843690148094e-01 3.642425153794534021e-01 3.309644416066191974e-01 3.014675289145543613e-01 2.737491175610921590e-01 2.464316486496318237e-01 2.176936244197202053e-01 1.877289325848687518e-01 1.602428346250894808e-01 1.384102859777703864e-01 1.226575436482744419e-01 1.117952775637604673e-01 1.043653342918150900e-01 9.920933466884890306e-02 9.554023583108574302e-02 9.285328155091292224e-02 9.082848230932284717e-02 8.926083368177215038e-02 8.801633460054808511e-02
4.858176509490237938e-01 4.359117588066874216e-01 3.942067083284200857e-01 3.575200156906794269e-01 3.238595987150620359e-01 2.927591398722143023e-01 2.645014600857393816e-01 2.393371168989688047e-01 2.172196910066122588e-01 1.978905193267564699e-01 1.811204350632033278e-01 1.668007922367542029e-01 1.548285277129616555e-01 1.450085740996291950e-01 1.370663121744291890e-01 1.307017751195235222e-01 1.256251301273005050e-01 1.215740735252620608e-01 1.183226922200992653e-01 1.156851665166323123e-01
5.222325937364604709e-01 4.797442414492252283e-01 4.406390434251011290e-01 4.046679633139501631e-01 3.718755509433686046e-01 3.406763380134361641e-01 3.100290923475307880e-01 2.799942348920012591e-01 2.512262448103865786e-01 2.246302722796099383e-01 2.011280651538981945e-01 1.812195754642016154e-01 1.648114331148099188e-01 1.514465693675447200e-01 1.405727811937685923e-01 1.316934300801949620e-01 1.244109569952706745e-01 1.184157707050326330e-01 1.134619506749731943e-01 1.093495734111638723e-01
5.019541171405207391e-01 4.619470651103428915e-01 4.248577681888355273e-01 3.900695487085295010e-01 3.596512975552104696e-01 3.339023423585967820e-01 3.116914052751962871e-01 2.919817663181675238e-01 2.739015968960551439e-01 2.564742867427594053e-01 2.389397287640940837e-01 2.211746107388171401e-01 2.037783745455089834e-01 1.876579295471310638e-01 1.734444342262577154e-01 1.612706837349105748e-01 1.509400331322103828e-01 1.421643323951866378e-01 1.346885115792974819e-01 1.283111555100185930e-01
5.039839338349993980e-01 4.747621182266084094e-01 4.471798047597985715e-01 4.191767074557719575e-01 3.878808429662604085e-01 3.480558781011495739e-01 2.997082304791547358e-01 2.520209105010144390e-01 2.138891313038766284e-01 1.871723327040672180e-01 1.691684390371665236e-01 1.567763077933341243e-01 1.478683042386546853e-01 1.411681632418185506e-01 1.359262907784432040e-01 1.316925878031179331e-01 1.281861476460471883e-01 1.252243428677320414e-01 1.226827405299991403e-01 1.204731222707778188e-01
4.828428180783521650e-01 4.479844355554814528e-01 4.141918456320723974e-01 3.791505014770609749e-01 3.448749075843443035e-01 3.136236814202857381e-01 2.858225919991673192e-01 2.605807027263290498e-01 2.374952663204879799e-01 2.164533271550478921e-01 1.970362137726988372e-01 1.787917480781106849e-01 1.616733175988701865e-01 1.460672573067131330e-01 1.324752815491228863e-01 1.211857494358992010e-01 1.121615613829635566e-01 1.051255605827463996e-01 9.970328328141477015e-02 9.552853917411993634e-02
