3.308133637905120716e-01 3.195268402993678980e-01 3.097925442457198919e-01 3.008636976778507055e-01 2.927963954210281439e-01 2.855620205402374379e-01 2.790769067406654314e-01 2.732289645075798301e-01 2.679079490900039828e-01 2.630208280682563848e-01 2.584940212965011752e-01 2.542689642310142495e-01 2.502988821268081754e-01 2.465472197532653786e-01 2.429871150851249662e-01 2.395993813872337452e-01 2.363716825842857305e-01 2.332965800166130199e-01 2.303692248463630743e-01 2.275856256484985463e-01
3.451898014545440874e-01 3.271824021637439461e-01 3.108448618650436202e-01 2.961299151182174572e-01 2.832876384258270486e-01 2.722630608081817449e-01 2.628411257266998202e-01 2.547617435455322155e-01 2.477830243110656638e-01 2.417024701833724865e-01 2.363577616214752319e-01 2.316203996539115961e-01 2.273893287777900563e-01 2.235846269130706832e-01 2.201426833868026789e-01 2.170124435424804765e-01 2.141519391536712558e-01 2.115265114605426877e-01 2.091075408458709650e-01 2.068704688549041770e-01
2.860005226731300310e-01 2.805206233263015658e-01 2.757873943448066467e-01 2.709100210666656738e-01 2.659110997617244454e-01 2.608442209661007150e-01 2.557787805795669334e-01 2.507907755672931782e-01 2.459537798166274991e-01 2.413324218988418535e-01 2.369773249328136489e-01 2.329222483932971988e-01 2.291835966706275984e-01 2.257626450061798185e-01 2.226479092240333524e-01 2.198191234469413780e-01 2.172501072287559565e-01 2.149117058515548628e-01 2.127744203805923551e-01 2.108097648620605447e-01
2.268189917504787323e-01 2.203540709614753845e-01 2.152957725524902444e-01 2.107404777780175209e-01 2.066216481104493075e-01 2.028857496753334877e-01 1.994851093739271053e-01 1.963771778345108077e-01 1.935238390043377832e-01 1.908909845165908392e-01 1.884493501670658488e-01 1.861740969493985154e-01 1.840455994568765130e-01 1.820495602861046669e-01 1.801763865165412482e-01 1.784205644205212604e-01 1.767786583583801918e-01 1.752483299374580361e-01 1.738273156248033025e-01 1.725128480419516608e-01
2.740415647625923379e-01 2.671812701225280695e-01 2.615546415746212161e-01 2.561390691995620861e-01 2.509382830560207278e-01 2.459622040390968267e-01 2.412177301943302099e-01 2.367068363726139157e-01 2.324276836216449815e-01 2.283747386932372947e-01 2.245401085913181216e-01 2.209132920205593154e-01 2.174832803010940674e-01 2.142375813424587383e-01 2.111638677120208640e-01 2.082497157156467382e-01 2.054832369089126531e-01 2.028531923890113942e-01 2.003490592539310389e-01 1.979611672461032978e-01
2.111050413548946347e-01 2.032451158761978127e-01 1.972612825036048900e-01 1.922050180286168919e-01 1.879993931949138775e-01 1.845365729928016563e-01 1.816947119683027245e-01 1.793555556237697579e-01 1.774158813804388168e-01 1.757918873429298312e-01 1.744176934659480982e-01 1.732422252744436342e-01 1.722263361513614588e-01 1.713397273421287670e-01 1.705590448528528091e-01 1.698660603165626504e-01 1.692461874336004257e-01 1.686880772560834796e-01 1.681823895871639163e-01 1.677218596637249093e-01
2.654621544480323947e-01 2.612426327168941298e-01 2.578073211014270671e-01 2.545628826320171512e-01 2.514462420344352744e-01 2.484179459512233790e-01 2.454564531147480078e-01 2.425519859790802035e-01 2.397019004821777377e-01 2.369074755907058794e-01 2.341719314455986134e-01 2.315010647475719552e-01 2.289023229479789645e-01 2.263845980167388805e-01 2.239572054147720426e-01 2.216279657185077634e-01 2.194018012285232633e-01 2.172803466022014685e-01 2.152612146735191356e-01 2.133391907811164889e-01
2.361058391630649622e-01 2.282533512264490194e-01 2.223149205744266443e-01 2.172148457914590824e-01 2.126393935084343045e-01 2.084373769909143581e-01 2.045320537686347862e-01 2.008826875686645641e-01 1.974690134823322285e-01 1.942840746790170658e-01 1.913279911130666699e-01 1.886029080301523109e-01 1.861088271439075570e-01 1.838421306014060841e-01 1.817947306483984060e-01 1.799553120881318968e-01 1.783101917803287528e-01 1.768446052074432451e-01 1.755435600876808222e-01 1.743923302739858738e-01
2.053684265911579210e-01 2.015182463824748971e-01 1.988637214899063033e-01 1.964170047640800554e-01 1.941507914662361223e-01 1.920486278831958771e-01 1.900964161753654347e-01 1.882828441262245078e-01 1.865976987779140450e-01 1.850318525731563524e-01 1.835776183009147633e-01 1.822275187075138025e-01 1.809751854836940677e-01 1.798143593966960996e-01 1.787396392226219266e-01 1.777454243600368466e-01 1.768265828490257208e-01 1.759778542816639035e-01 1.751944579184055439e-01 1.744714435935020569e-01
3.112791362404823126e-01 2.976437866687774436e-01 2.854645730555057659e-01 2.743069870769977436e-01 2.644686435163021154e-01 2.560582125186920410e-01 2.490295238792896160e-01 2.432299014925956848e-01 2.384483511745929818e-01 2.344597932696342590e-01 2.310539370775222812e-01 2.280523577332496665e-01 2.253121584653854370e-01 2.227247226238250610e-01 2.202102634310722229e-01 2.177150774002075129e-01 2.152070698142051763e-01 2.126733484864234969e-01 2.101168411970138483e-01 2.075533089041709800e-01
2.606486734747886502e-01 2.567751125991344363e-01 2.535282726585865176e-01 2.502628158032894068e-01 2.469846820831298750e-01 2.437107206881046206e-01 2.404633122682571511e-01 2.372683770954608917e-01 2.341532745957374539e-01 2.311446666717529297e-01 2.282669509947299891e-01 2.255403462052345265e-01 2.229799644649028689e-01 2.205945998430252075e-01 2.183877135813236114e-01 2.163567286729812522e-01 2.144945459067821580e-01 2.127905496954917985e-01 2.112315505743026789e-01 2.098027861118316739e-01
2.554554158449173218e-01 2.465123406052589505e-01 2.395763193070888641e-01 2.339803393185138636e-01 2.294348949193954490e-01 2.256834916770458221e-01 2.225181347131729159e-01 2.197814452648162720e-01 2.173576024174690147e-01 2.151596577465534343e-01 2.131195025146007671e-01 2.111803239583969205e-01 2.092923396825790427e-01 2.074110174179077115e-01 2.054978848993778140e-01 2.035236251354217429e-01 2.014732326567172938e-01 1.993513837456703242e-01 1.971848623454570681e-01 1.950201284885406394e-01
2.622078269720077293e-01 2.554262003302574247e-01 2.504898253083229220e-01 2.460100337862968500e-01 2.418529054522514377e-01 2.379222980141639798e-01 2.341544947028160184e-01 2.305099487304687611e-01 2.269662332534790050e-01 2.235115066170692555e-01 2.201416426897049028e-01 2.168581795692443859e-01 2.136651757359504800e-01 2.105695289373397949e-01 2.075791844725608792e-01 2.047032243013381936e-01 2.019504308700561523e-01 1.993295630812644825e-01 1.968477636575698964e-01 1.945107933878898743e-01
2.921426025032997087e-01 2.757024286687373982e-01 2.621543982625007541e-01 2.506552101671695731e-01 2.410005094110965751e-01 2.329066380858421381e-01 2.260900932550430342e-01 2.203036823868751437e-01 2.153459390997886636e-01 2.110570353269577148e-01 2.073116493225097556e-01 2.040113645792007435e-01 2.010787671804428189e-01 1.984530439972877480e-01 1.960864806175232067e-01 1.939412653446197510e-01 1.919874757528305109e-01 1.902015595138072945e-01 1.885639198124408611e-01 1.870587161183357161e-01
2.390427568554878146e-01 2.339684092998504661e-01 2.298696562647819519e-01 2.259176671504974365e-01 2.221244972944259599e-01 2.185103425383567721e-01 2.150926525890827223e-01 2.118837746977806080e-01 2.088899649679660797e-01 2.061103841662406955e-01 2.035386765003204257e-01 2.011639019846916121e-01 1.989717984199523837e-01 1.969467616081237715e-01 1.950723470747470767e-01 1.933327974379062675e-01 1.917130397260189134e-01 1.901994943618774414e-01 1.887803424894809734e-01 1.874451430141925723e-01
2.586233475804328719e-01 2.474115678668022122e-01 2.396200791001319996e-01 2.334657633304595969e-01 2.284240612387657132e-01 2.241314539313316312e-01 2.203506687283516008e-01 2.169322490692138783e-01 2.137859481573104736e-01 2.108601105213165350e-01 2.081277140974998607e-01 2.055768500268459198e-01 2.032032556831836756e-01 2.010066343843937009e-01 1.989870853722095490e-01 1.971433621644973766e-01 1.954719039797782887e-01 1.939668516814708754e-01 1.926198975741863217e-01 1.914211189746856667e-01
2.329216290265321843e-01 2.286275765299796980e-01 2.249446313083171833e-01 2.213387992233037949e-01 2.177843135595321777e-01 2.142737253010272847e-01 2.108103545010089896e-01 2.074060602486133553e-01 2.040791821479797374e-01 2.008523467183113143e-01 1.977501477301120691e-01 1.947961829602718464e-01 1.920109000802040222e-01 1.894096557796001445e-01 1.870011210441589466e-01 1.847876985371112724e-01 1.827656671404838673e-01 1.809267073869705311e-01 1.792589093744754725e-01 1.777485242485999928e-01
2.762329721450805797e-01 2.713172528147697604e-01 2.669317379593849071e-01 2.624730861186981290e-01 2.578726476430893144e-01 2.530866661667823814e-01 2.480940210819244374e-01 2.428986483812332065e-01 2.375292786955833513e-01 2.320366817712783691e-01 2.264871445298194952e-01 2.209563905000686557e-01 2.155236661434173639e-01 2.102693051099777111e-01 2.052731943130493286e-01 2.006117820739746205e-01 1.963507816195488032e-01 1.925360299646854401e-01 1.891861499845981509e-01 1.862916091084480252e-01
3.316867539286613709e-01 3.257332724332809293e-01 3.209204879403114163e-01 3.163615104556083413e-01 3.119334676861763023e-01 3.075387105345726013e-01 3.031169134378433050e-01 2.986366218328476152e-01 2.940865990519523354e-01 2.894689223170280323e-01 2.847945529222488670e-01 2.800809162855148471e-01 2.753501906991004944e-01 2.706272694468498385e-01 2.659388011693954446e-01 2.613112324476242199e-01 2.567699870467186063e-01 2.523381599783897644e-01 2.480353423953056413e-01 2.438768550753593334e-01
2.086286604404449518e-01 1.980596764385700315e-01 1.904910492897033680e-01 1.848428232222795453e-01 1.806929054856300232e-01 1.776443159580230746e-01 1.753811062127351716e-01 1.736708053946495189e-01 1.723490812629461244e-01 1.713017292320728191e-01 1.704499797523021665e-01 1.697395756840705816e-01 1.691328662633895807e-01 1.686035418510437034e-01 1.681330637633800529e-01 1.677082534879446030e-01 1.673198064416646924e-01 1.669604758918285248e-01 1.666254916787147655e-01 1.663106851279735621e-01
2.761426626890897684e-01 2.668652866035700066e-01 2.573495943099260441e-01 2.477199556678533476e-01 2.384523274004459459e-01 2.299366988241672571e-01 2.223886477947235041e-01 2.158559727668762085e-01 2.102742303907871313e-01 2.055242411792278234e-01 2.014728583395481165e-01 1.979953446984291099e-01 1.949851007759570987e-01 1.923548507690429621e-01 1.900353978574275959e-01 1.879726089537143707e-01 1.861241012811660767e-01 1.844566965103149325e-01 1.829441866278648243e-01 1.815655998885631617e-01
2.874341189861297496e-01 2.785508200526237710e-01 2.710230135917663374e-01 2.638592243194580189e-01 2.570143011212349116e-01 2.504661676287651129e-01 2.442059934139251820e-01 2.382342505455017079e-01 2.325559404492378301e-01 2.271786884963512554e-01 2.221087995171547036e-01 2.173505476117134072e-01 2.129040960967540641e-01 2.087661229074001257e-01 2.049292911589145616e-01 2.013829384744167394e-01 1.981138986349105791e-01 1.951067947596311636e-01 1.923454212397336938e-01 1.898121901601552974e-01
3.472880984842777186e-01 3.295351591706275896e-01 3.139110855758190377e-01 3.000627414882183208e-01 2.880840541422367007e-01 2.778663709759712219e-01 2.691850778460502802e-01 2.617702135443687461e-01 2.553589794039726191e-01 2.497257733345031872e-01 2.446937853097915783e-01 2.401334807276725714e-01 2.359538865089416404e-01 2.320919874310493347e-01 2.285030725598335144e-01 2.251540935039520186e-01 2.220182970166206249e-01 2.190724673867225636e-01 2.162951859831810097e-01 2.136663642525672979e-01
2.272051359713077590e-01 2.208747923374176081e-01 2.163440088927745808e-01 2.124952687323093392e-01 2.092188104987144359e-01 2.064219270646572013e-01 2.040267834067344688e-01 2.019680924713611603e-01 2.001911886036396027e-01 1.986498941481113500e-01 1.973052960634231467e-01 1.961246813833713576e-01 1.950804732739925273e-01 1.941496856510639135e-01 1.933128023147583086e-01 1.925538308918476049e-01 1.918594062328338734e-01 1.912181492149829798e-01 1.906208553910255510e-01 1.900597353279590562e-01
2.967425470054149694e-01 2.815554857254028431e-01 2.698105561733246116e-01 2.602254706621169866e-01 2.522781351208686629e-01 2.455271102488040813e-01 2.396274282038211856e-01 2.343188810348510731e-01 2.294120030105114005e-01 2.247769686579704218e-01 2.203338265419006459e-01 2.160425721108913399e-01 2.118926195800304446e-01 2.078927925229072660e-01 2.040623016655445099e-01 2.004236863553524040e-01 1.969972425699234031e-01 1.937982331216335230e-01 1.908350168168544692e-01 1.881096428632736128e-01
2.583999194949865297e-01 2.537597552686929880e-01 2.492886484414339188e-01 2.444744339585304127e-01 2.394334433972835630e-01 2.342519256472587463e-01 2.289754585921764396e-01 2.236656075716018655e-01 2.184278543293476094e-01 2.134009803831577179e-01 2.087195821106433979e-01 2.044793908298015717e-01 2.007251934707164898e-01 1.974567562341690008e-01 1.946431106328964100e-01 1.922369624674320210e-01 1.901853117346763711e-01 1.884362715482711670e-01 1.869423730671405659e-01 1.856618797779083230e-01
2.368078452348709173e-01 2.336416232585906971e-01 2.313215006887912872e-01 2.291528958082199030e-01 2.271212640404701166e-01 2.252176690101623524e-01 2.234335188567638519e-01 2.217599792778491841e-01 2.201882714033126798e-01 2.187097787857055775e-01 2.173160317540168696e-01 2.159990842640399922e-01 2.147515678405761685e-01 2.135666431486606676e-01 2.124381609261035975e-01 2.113604617118835516e-01 2.103289152681827590e-01 2.093391706049442247e-01 2.083876818418502752e-01 2.074713769555091847e-01
3.073891425132751487e-01 3.020734113454818792e-01 2.976302924752235457e-01 2.933434641361236661e-01 2.892143958806991377e-01 2.852356159687042259e-01 2.813952329754829673e-01 2.776798436045646579e-01 2.740774047374725519e-01 2.705794778466224515e-01 2.671823170781135737e-01 2.638867181539535367e-01 2.606976589560508484e-01 2.576222279667854109e-01 2.546684452891349593e-01 2.518429094552993575e-01 2.491505849361419778e-01 2.465935271978378363e-01 2.441711166501045194e-01 2.418800136446952742e-01
2.562008936144411497e-01 2.462868808303028401e-01 2.359996732324361746e-01 2.256647575646638926e-01 2.160218195244670014e-01 2.077144742384552933e-01 2.010503457859158516e-01 1.959892362356185913e-01 1.922816198319196590e-01 1.896166647225618340e-01 1.877111000567674715e-01 1.863405072689056363e-01 1.853395384550094727e-01 1.845916131138801708e-01 1.840161032974720057e-01 1.835572679340839453e-01 1.831770911812782288e-01 1.828495685756206524e-01 1.825570175051689226e-01 1.822869800031185206e-01
2.680801495909690968e-01 2.586803248524665588e-01 2.524875122308731235e-01 2.475175103545188826e-01 2.433677437901496932e-01 2.397569718956947260e-01 2.364961966872215215e-01 2.334592375159263711e-01 2.305627849698066723e-01 2.277528518438339256e-01 2.249960538744926464e-01 2.222729369997978321e-01 2.195747271180152893e-01 2.168995171785354503e-01 2.142505979537963900e-01 2.116340720653533958e-01 2.090577977895736739e-01 2.065301010012626781e-01 2.040588204562664154e-01 2.016513699293136508e-01
2.341991981118917432e-01 2.268018645048141546e-01 2.206870805472135599e-01 2.152966445684433017e-01 2.105280709266662553e-01 2.063025487959384840e-01 2.025534506142139535e-01 1.992213107645511572e-01 1.962531568109989188e-01 1.936012397706508570e-01 1.912234540283679896e-01 1.890820987522602026e-01 1.871448951959610030e-01 1.853849478065967560e-01 1.837789696455001953e-01 1.823081465065479190e-01 1.809566274285316356e-01 1.797113421559333735e-01 1.785613912343978760e-01 1.774971875548362610e-01
2.911673215031623796e-01 2.866187781095504983e-01 2.823263570666313393e-01 2.774919678270816870e-01 2.721276216208934895e-01 2.663104990124702254e-01 2.601676918566226959e-01 2.538582873344421564e-01 2.475503474473953192e-01 2.413987286388873943e-01 2.355276462435722251e-01 2.300238703191280487e-01 2.249363005161285345e-01 2.202822117507457766e-01 2.160549797117710114e-01 2.122324892878532376e-01 2.087841619551181749e-01 2.056755450367927507e-01 2.028716945648193493e-01 2.003397265076637401e-01
2.544080212712288014e-01 2.487895351648330700e-01 2.443284341692924522e-01 2.402014398574829068e-01 2.363698664307594399e-01 2.328066942095756431e-01 2.294847401976585488e-01 2.263767516613006681e-01 2.234555321931838978e-01 2.206950211524963401e-01 2.180711773037910528e-01 2.155626508593559143e-01 2.131509211659431413e-01 2.108213129639625594e-01 2.085624720156192824e-01 2.063662533462047588e-01 2.042278859019279469e-01 2.021450565755367190e-01 2.001175713539123657e-01 1.981470185518264815e-01
3.154473384469747566e-01 2.976917657256126226e-01 2.819747187197208516e-01 2.680269086360931308e-01 2.559492580592632183e-01 2.456140878796577443e-01 2.368035162985324960e-01 2.292903171479702129e-01 2.228743368387222368e-01 2.173908732831478230e-01 2.127055092155933358e-01 2.087064085900783572e-01 2.052962942421436288e-01 2.023895922303199646e-01 1.999098931252956401e-01 1.977899907529354073e-01 1.959709224104881353e-01 1.944021292030811421e-01 1.930402581393718675e-01 1.918491148948669456e-01
2.888631922006607011e-01 2.734826864302158378e-01 2.612898880243301192e-01 2.508231034874915943e-01 2.417031753063201838e-01 2.337790688872337375e-01 2.269897571206092868e-01 2.212360367178916876e-01 2.163604179024696261e-01 2.121834135055541970e-01 2.085399252176284857e-01 2.052960169315338201e-01 2.023524260520934981e-01 1.996394163370132369e-01 1.971106448769569530e-01 1.947368653118610460e-01 1.925000825524330050e-01 1.903891921043396052e-01 1.883980773389339336e-01 1.865227806568145741e-01
2.767387114465236775e-01 2.713375210762024037e-01 2.665144561231136411e-01 2.616130785644054657e-01 2.566237878799438321e-01 2.515618528425693778e-01 2.464586351811885734e-01 2.413556699454784404e-01 2.363005055487155948e-01 2.313402622938156017e-01 2.265177324414253124e-01 2.218679989874362823e-01 2.174158585071563621e-01 2.131763902306556824e-01 2.091566415131091983e-01 2.053574348986148823e-01 2.017749455571174744e-01 1.984040047228336212e-01 1.952385525405407052e-01 1.922727897763252258e-01
2.608653087913990198e-01 2.502842855453490944e-01 2.422095884382724773e-01 2.355590830743312936e-01 2.301389490067958787e-01 2.257289271056651947e-01 2.221255972981452942e-01 2.191565716266632158e-01 2.166826695203781239e-01 2.145946240425109786e-01 2.128082218766212397e-01 2.112590694427490257e-01 2.098981261253357045e-01 2.086878019571304366e-01 2.075994202494621244e-01 2.066109740734100308e-01 2.057052496075630066e-01 2.048688156902790103e-01 2.040909343957900968e-01 2.033629819750785717e-01
2.786073241289704905e-01 2.668721790425479523e-01 2.546494373679161205e-01 2.437150429934263340e-01 2.351972515136003528e-01 2.291223497688770205e-01 2.249182581901550404e-01 2.219370847940445035e-01 2.196808727085590440e-01 2.178291709721088543e-01 2.161940549314022020e-01 2.146729454398155212e-01 2.132131589949131101e-01 2.117905683815479168e-01 2.103953535854816426e-01 2.090253698825836060e-01 2.076812706887722071e-01 2.063649925589561562e-01 2.050776520371437039e-01 2.038208279013633828e-01
2.091413483023643605e-01 2.031855146586895033e-01 1.986904765665531147e-01 1.947061647474765678e-01 1.911868452280759689e-01 1.880866926163435038e-01 1.853596533462405216e-01 1.829628405719995465e-01 1.808578344807028893e-01 1.790102406591176920e-01 1.773894814029335909e-01 1.759680561348795913e-01 1.747215942665934496e-01 1.736277126893401024e-01 1.726664682850241606e-01 1.718203104287386040e-01 1.710735368728637795e-01 1.704125898703932884e-01 1.698257451876998003e-01 1.693026541545987196e-01
2.187201592326164235e-01 2.143049600720405568e-01 2.108555454015731689e-01 2.077655285596847479e-01 2.049848541617393383e-01 2.024682170152664051e-01 2.001731179654598347e-01 1.980614021420478710e-01 1.961008518934249933e-01 1.942656151950359344e-01 1.925352104008197784e-01 1.908945420384406955e-01 1.893326246738433749e-01 1.878417789936065729e-01 1.864167805016040680e-01 1.850540599226951632e-01 1.837512050569057587e-01 1.825066809356212516e-01 1.813191524147987344e-01 1.801874080300331082e-01
2.798792126029729932e-01 2.695191247761249409e-01 2.605484848469495907e-01 2.526317203789949506e-01 2.457316860556602589e-01 2.397660627961158697e-01 2.346173797547817241e-01 2.301531812548637257e-01 2.262433665990829512e-01 2.227704234421253315e-01 2.196339811384677987e-01 2.167525683343410614e-01 2.140618550777435292e-01 2.115131445229053442e-01 2.090705610811710302e-01 2.067089161276817189e-01 2.044114963710308153e-01 2.021679803729057312e-01 1.999734310805797444e-01 1.978261549770831962e-01
2.535154443979263372e-01 2.488823992013931286e-01 2.444339150190353305e-01 2.395235913991927978e-01 2.342027610540390048e-01 2.285833826661110013e-01 2.228199952840805020e-01 2.170858857035636857e-01 2.115478408336639304e-01 2.063448205590248108e-01 2.015746651589870320e-01 1.972902701795101188e-01 1.935031934082508120e-01 1.901930040121078413e-01 1.873178017139434937e-01 1.848244350403547287e-01 1.826565809547901209e-01 1.807602860033512004e-01 1.790869797021150678e-01 1.775953476876020454e-01
2.338194447755813643e-01 2.268788930773734946e-01 2.212803182005882163e-01 2.160826587677001920e-01 2.112528795003890958e-01 2.067655056715011486e-01 2.026014283299445995e-01 1.987454947829246643e-01 1.951838195323944147e-01 1.919030341506004211e-01 1.888895763456821530e-01 1.861286215484142248e-01 1.836055241525173243e-01 1.813047504425048806e-01 1.792108432948589236e-01 1.773083443939685866e-01 1.755822724103927590e-01 1.740179994702339139e-01 1.726013678312301736e-01 1.713187953829765353e-01
2.464291331171989397e-01 2.422223433852195851e-01 2.387654405832290716e-01 2.352860420942306519e-01 2.317805984616279624e-01 2.282602983713150069e-01 2.247434857487678461e-01 2.212533468008041349e-01 2.178167045116424505e-01 2.144625428318977234e-01 2.112197539210319552e-01 2.081151157617568970e-01 2.051713696122169361e-01 2.024059209227561940e-01 1.998301294445991583e-01 1.974488888680935028e-01 1.952614583075046595e-01 1.932618880271911588e-01 1.914405006170272761e-01 1.897852385044097867e-01
2.565715427696704798e-01 2.499516142904758542e-01 2.446411931514740068e-01 2.398759931325912531e-01 2.355890469253063280e-01 2.317268942296505096e-01 2.282405985891818867e-01 2.250850528478622326e-01 2.222190092504024439e-01 2.196054410934448198e-01 2.172107365727424522e-01 2.150054168701171775e-01 2.129635235667228788e-01 2.110621353983879178e-01 2.092816928029060386e-01 2.076048916578292769e-01 2.060170891880989119e-01 2.045057305693626371e-01 2.030597600340843245e-01 2.016697224974632330e-01
2.725551782548427671e-01 2.589858126640319780e-01 2.494787569344043832e-01 2.426339134573936573e-01 2.375076936185359922e-01 2.333840912580490146e-01 2.298404867947101693e-01 2.266485570371150893e-01 2.236851169168949105e-01 2.208839994668960471e-01 2.182113039493560891e-01 2.156527036428451671e-01 2.132058057188987721e-01 2.108753484487533580e-01 2.086694580316543479e-01 2.065966518223285586e-01 2.046629406511783489e-01 2.028708432614803325e-01 2.012185668945312422e-01 1.996998760104179427e-01
2.456111846864223458e-01 2.379221192002296537e-01 2.321822586655616638e-01 2.273427236080169667e-01 2.231885115802288155e-01 2.195496758818626382e-01 2.162968713045120284e-01 2.133331897854804926e-01 2.105872279405593961e-01 2.080084231495857305e-01 2.055628196895122606e-01 2.032294872403144770e-01 2.009981653094291554e-01 1.988649943470954806e-01 1.968308813869953100e-01 1.948988310992717798e-01 1.930719798803329501e-01 1.913524380326271090e-01 1.897409795224666573e-01 1.882358936965465579e-01
2.245097656920552187e-01 2.160859058424830503e-01 2.091450417786836491e-01 2.034280029684305269e-01 1.988639875501394261e-01 1.952776844054460448e-01 1.924584510922431879e-01 1.902116301655769337e-01 1.883800637722015392e-01 1.868475410342216592e-01 1.855312696099281344e-01 1.843746626377105735e-01 1.833393400907516457e-01 1.823996017873287245e-01 1.815379053354263250e-01 1.807418604195117906e-01 1.800027410686016183e-01 1.793140611052513045e-01 1.786706556379795141e-01 1.780685028433799666e-01
2.622938081622123718e-01 2.576080808043479942e-01 2.535457652807235895e-01 2.491848421096801713e-01 2.445226761698722773e-01 2.395794707536697266e-01 2.343972614407539290e-01 2.290408024191856462e-01 2.235937060415744693e-01 2.181534406542778026e-01 2.128209471702575684e-01 2.076912446320056949e-01 2.028448580205440555e-01 1.983415259420871768e-01 1.942182429879903693e-01 1.904902981966734021e-01 1.871544123440981033e-01 1.841933099180459998e-01 1.815803901851177349e-01 1.792836208641529205e-01
3.122917552292346910e-01 3.010165950655936951e-01 2.910423094034195191e-01 2.816635829210281106e-01 2.729494503140449391e-01 2.649123856425285584e-01 2.575222820043563954e-01 2.507253623008727783e-01 2.444613230228424028e-01 2.386757367849350053e-01 2.333252781629562289e-01 2.283770582079887312e-01 2.238066807389259283e-01 2.195952779054641812e-01 2.157259058952331610e-01 2.121824243664741649e-01 2.089471772313117870e-01 2.060015130043029719e-01 2.033247178792953469e-01 2.008954843878746066e-01
