2.628044861555099421e-01 2.405454915761947587e-01 2.248703554272651617e-01 2.134964773058891374e-01 2.052704581618308988e-01 1.992422181367874134e-01 1.947321778535842929e-01 1.912743738293647688e-01 1.885524979233741683e-01 1.863519221544265858e-01 1.845270408689975716e-01 1.829783186316490118e-01 1.816376574337482397e-01 1.804575452208518893e-01 1.794038738310337056e-01 1.784525018930435136e-01 1.775851891934871751e-01 1.767880117893219083e-01 1.760504619777202573e-01 1.753637357056140877e-01
2.614709229022264547e-01 2.406845220923423678e-01 2.278938069939613342e-01 2.195907887816429260e-01 2.141361339390277785e-01 2.104116861522197790e-01 2.077261307835578941e-01 2.056686329841613814e-01 2.039982254803180683e-01 2.025728678703307972e-01 2.013086004555225406e-01 2.001543636620044808e-01 1.990790744125842948e-01 1.980628885328769573e-01 1.970931783318519703e-01 1.961612270772457034e-01 1.952612243592738994e-01 1.943891091644763813e-01 1.935417795181274547e-01 1.927172741293907143e-01
2.340119154751300889e-01 2.260477182269096386e-01 2.196638309955596946e-01 2.139207901060581341e-01 2.087535743415355749e-01 2.041100932657718692e-01 1.999410367012023904e-01 1.962005859613418501e-01 1.928460377454757624e-01 1.898386172950267681e-01 1.871433439850807290e-01 1.847287692129611913e-01 1.825668351352214835e-01 1.806322301924228602e-01 1.789020922780036882e-01 1.773552815616130929e-01 1.759726980328559787e-01 1.747369694709777765e-01 1.736320334672927790e-01 1.726433198153972670e-01
3.039687776565551669e-01 2.889427495002746538e-01 2.769136464595794433e-01 2.666051241755485468e-01 2.578532323241233826e-01 2.504393735527992160e-01 2.441232800483703613e-01 2.386695736646652355e-01 2.338722354173660145e-01 2.295682412385940674e-01 2.256386640667915333e-01 2.220018512010574208e-01 2.186045360565185558e-01 2.154124635457992654e-01 2.124032387137413103e-01 2.095618644356727622e-01 2.068769992887973808e-01 2.043401220440864696e-01 2.019436967372894298e-01 1.996816322207450867e-01
2.579111403226852506e-01 2.518889084458351135e-01 2.470867633819580078e-01 2.423030510544776917e-01 2.375655803084373574e-01 2.329176568984985263e-01 2.284051388502121027e-01 2.240718173980712769e-01 2.199557754397392373e-01 2.160860660672187794e-01 2.124828019738197460e-01 2.091557589173317078e-01 2.061053881049156322e-01 2.033241617679595881e-01 2.007988758385181316e-01 1.985115599632263084e-01 1.964419682323932659e-01 1.945692719519138414e-01 1.928722180426120647e-01 1.913309167325496774e-01
2.287246134877204962e-01 2.253209337592124994e-01 2.229811762273311571e-01 2.206805275380611386e-01 2.183637455105781611e-01 2.159893473982811007e-01 2.135262124240398518e-01 2.109571292996406666e-01 2.082813775539398282e-01 2.055183276534080505e-01 2.027085927128791931e-01 1.999118712544441234e-01 1.971984922885894886e-01 1.946341371536254861e-01 1.922667582333087988e-01 1.901202744245529264e-01 1.881959886848926511e-01 1.864787556231021770e-01 1.849444095790386267e-01 1.835662120580673351e-01
2.797980929911136894e-01 2.653469200432300723e-01 2.546809527277946739e-01 2.461160710453987044e-01 2.391525256633758589e-01 2.333971749246120386e-01 2.285543721914291282e-01 2.243979947268962827e-01 2.207564902305602927e-01 2.175037761032581340e-01 2.145484796166420016e-01 2.118291953206062339e-01 2.093058853596448943e-01 2.069538895785808519e-01 2.047568845003843174e-01 2.027019643783569414e-01 2.007773017883300870e-01 1.989699020981788580e-01 1.972668322920799189e-01 1.956547566503286373e-01
2.557495141029357821e-01 2.475826165080070584e-01 2.413039395213127103e-01 2.354906103014945962e-01 2.301161301136016857e-01 2.251552644371986323e-01 2.205824902653694131e-01 2.163735798001289456e-01 2.125056269764900307e-01 2.089561262726783719e-01 2.057038974761963013e-01 2.027278238534927501e-01 2.000071761012077454e-01 1.975214792788028695e-01 1.952503105998039112e-01 1.931738851964473758e-01 1.912727676331996973e-01 1.895282700657844599e-01 1.879227100312709786e-01 1.864397971332073245e-01
2.497558371722698178e-01 2.430299030244350567e-01 2.376156744360923834e-01 2.325251424312591575e-01 2.277333314716815937e-01 2.232274369895458355e-01 2.189932014048099618e-01 2.150134362280368694e-01 2.112685389816761072e-01 2.077391231060028154e-01 2.044071766734123219e-01 2.012573511898517742e-01 1.982774627208709617e-01 1.954587975144386203e-01 1.927957646548748016e-01 1.902849245071411011e-01 1.879248045384883936e-01 1.857146634161472298e-01 1.836539718508720387e-01 1.817415465414524145e-01
2.053930924832820804e-01 2.020773899555206310e-01 1.999812309443950720e-01 1.981083092093467724e-01 1.964187984168529466e-01 1.948850612342357680e-01 1.934847785532474440e-01 1.921978323161601943e-01 1.910054829716682501e-01 1.898894046247005529e-01 1.888323812186717965e-01 1.878182278573513053e-01 1.868331019580364294e-01 1.858654648065566906e-01 1.849069079756736622e-01 1.839515151083469524e-01 1.829960379004478555e-01 1.820390096306800931e-01 1.810807368159293995e-01 1.801228657364845331e-01
2.686408315598964869e-01 2.619531068205833702e-01 2.567551830410957359e-01 2.515204679965972745e-01 2.461835077404975758e-01 2.407272158563137088e-01 2.351769651472568612e-01 2.295964625477790733e-01 2.240782098472118289e-01 2.187281402200460523e-01 2.136482666432857613e-01 2.089237652719020955e-01 2.046125361323356540e-01 2.007432674616575208e-01 1.973165349662303891e-01 1.943101373314857494e-01 1.916864924877882126e-01 1.893999323248863331e-01 1.874022001028060880e-01 1.856467941403389110e-01
3.049786393344402491e-01 2.753055579960346222e-01 2.520879061520099884e-01 2.342522229254245802e-01 2.210929277539253335e-01 2.115656217932700978e-01 2.046910978853702656e-01 1.996878513693809420e-01 1.959784874320030235e-01 1.931543461978435516e-01 1.909361620247364000e-01 1.891358000040054277e-01 1.876282250881194935e-01 1.863311173021793277e-01 1.851890242099761830e-01 1.841658218204975106e-01 1.832359184324741375e-01 1.823820057511329751e-01 1.815914298593998000e-01 1.808549469709396229e-01
2.333939206600189331e-01 2.277999667823314700e-01 2.237227746844291654e-01 2.200601202249526933e-01 2.167870125174522489e-01 2.138834539055824158e-01 2.113243106007575978e-01 2.090799178183078699e-01 2.071172645688056924e-01 2.054021227359771606e-01 2.039008580148219951e-01 2.025812858343124523e-01 2.014135125279426508e-01 2.003708685934543487e-01 1.994296239316463437e-01 1.985690712928772084e-01 1.977715837955474898e-01 1.970219966769218567e-01 1.963076759874820831e-01 1.956180110573768616e-01
2.758587244153022922e-01 2.656038644909858859e-01 2.575525992363691397e-01 2.504411786794662476e-01 2.441665206849575054e-01 2.386049365997314486e-01 2.336442492902278956e-01 2.291916812956333038e-01 2.251734448969364144e-01 2.215307751297950767e-01 2.182156918942928236e-01 2.151877065002918143e-01 2.124120214581489696e-01 2.098585358262061995e-01 2.075011420249938954e-01 2.053173515200615029e-01 2.032878004014491979e-01 2.013963778316974762e-01 1.996293921768665380e-01 1.979753383994102556e-01
2.955285014957189649e-01 2.675533927232027209e-01 2.449116913974285215e-01 2.273616500198841206e-01 2.143388813734054543e-01 2.047954386472702060e-01 1.977383662760257843e-01 1.924053333699703161e-01 1.882644546031951860e-01 1.849589850008487579e-01 1.822531349956989233e-01 1.799898216128349437e-01 1.780628526210784879e-01 1.763986007869243755e-01 1.749451242387294880e-01 1.736639067530632019e-01 1.725262883305549722e-01 1.715098570287227620e-01 1.705969281494617573e-01 1.697732508927583817e-01
2.884138783812522644e-01 2.649712073802947820e-01 2.471506291627884044e-01 2.336755892634391762e-01 2.237274762988090415e-01 2.164166831970214810e-01 2.110016107559204157e-01 2.069196784496307451e-01 2.037656512856483582e-01 2.012572079896926824e-01 1.992024478316307134e-01 1.974715930223464866e-01 1.959771743416786061e-01 1.946601021289825484e-01 1.934800034761428866e-01 1.924084706604480832e-01 1.914252452552318573e-01 1.905155812203884191e-01 1.896679338812828075e-01 1.888738365471362979e-01
3.006226557493210105e-01 2.861846324801444741e-01 2.747587156295776545e-01 2.646680438518524414e-01 2.556711909174919084e-01 2.475513201951980713e-01 2.401304087042808455e-01 2.332775357365608204e-01 2.269073116779327381e-01 2.209707841277122609e-01 2.154446512460708729e-01 2.103207622468471483e-01 2.055974529683589902e-01 2.012725682556629203e-01 1.973399347066879250e-01 1.937868316471576813e-01 1.905938936769962233e-01 1.877365840971469968e-01 1.851857134699821383e-01 1.829100185632705766e-01
2.596787020564079174e-01 2.501153782010078208e-01 2.425568810105323825e-01 2.358736398816108637e-01 2.300730454921722512e-01 2.251054948568343983e-01 2.208754348754882746e-01 2.172684735059738081e-01 2.141711148619651894e-01 2.114832606911659363e-01 2.091225418448448281e-01 2.070239278674125549e-01 2.051372003555297918e-01 2.034236872196197587e-01 2.018536418676376287e-01 2.004036228358745675e-01 1.990554074943065577e-01 1.977941022813320127e-01 1.966079691052436962e-01 1.954871511459350675e-01
2.355843026936054185e-01 2.295079305768013000e-01 2.247475536167621579e-01 2.200596295297145844e-01 2.154773829877376645e-01 2.110491715371608790e-01 2.068235507607459889e-01 2.028407241404056593e-01 1.991271288692951225e-01 1.956951154768467038e-01 1.925447824597358581e-01 1.896686980128288180e-01 1.870540218800306187e-01 1.846857605874538399e-01 1.825470912456512440e-01 1.806210251897573393e-01 1.788901080936193544e-01 1.773373310267925274e-01 1.759463866800069776e-01 1.747012084722519010e-01
2.512120115756988348e-01 2.426919373869896035e-01 2.363044139742851157e-01 2.310037021338939567e-01 2.265192459523677759e-01 2.226362840831279666e-01 2.191958715021610216e-01 2.160883989930152960e-01 2.132417775690555461e-01 2.106096677482128254e-01 2.081615538895130180e-01 2.058775126934051514e-01 2.037429331243038044e-01 2.017475651204586051e-01 1.998824258148670097e-01 1.981398640573024672e-01 1.965128500759601715e-01 1.949949157238006492e-01 1.935794633626937988e-01 1.922600354254245802e-01
3.004929754137992681e-01 2.796354617178440360e-01 2.625316800177097121e-01 2.477523815631866577e-01 2.349819511175155751e-01 2.240290731191635076e-01 2.147877439856529236e-01 2.071218357980251223e-01 2.008289480209350664e-01 1.956756019592285067e-01 1.914392665028571971e-01 1.879315897822380066e-01 1.850025331974029519e-01 1.825363403558731001e-01 1.804436904191970836e-01 1.786561742424964960e-01 1.771200976520776738e-01 1.757932270318269818e-01 1.746416975557804063e-01 1.736380027979612384e-01
3.352595077455043926e-01 2.978658960759639762e-01 2.673341208696365379e-01 2.435136021673679485e-01 2.257287365198135387e-01 2.128300610184669373e-01 2.035569304227828891e-01 1.968023075163364277e-01 1.917508070170879375e-01 1.878517967462539628e-01 1.847450219094753376e-01 1.821972167491912875e-01 1.800566381216049117e-01 1.782225781679153409e-01 1.766264849901199308e-01 1.752207830548286327e-01 1.739707778394222193e-01 1.728508599102497045e-01 1.718409927189350206e-01 1.709257619082927837e-01
2.531031518056988672e-01 2.409271384030580443e-01 2.305550735443830379e-01 2.218791939318180140e-01 2.149430420249700546e-01 2.095492114126682182e-01 2.053786361217498913e-01 2.021136246621608734e-01 1.994969330728054158e-01 1.973397828638553675e-01 1.955079086124897059e-01 1.939069044589996349e-01 1.924707086384296328e-01 1.911543521285057057e-01 1.899278338253498066e-01 1.887713949382305023e-01 1.876723040640354279e-01 1.866220876574516407e-01 1.856150937080383312e-01 1.846475315093994152e-01
2.596519518643617408e-01 2.371764861792325929e-01 2.204608383029699192e-01 2.077790089696645859e-01 1.983778148889541737e-01 1.914821135252714190e-01 1.864167155325412717e-01 1.826511003822088308e-01 1.797956519573926937e-01 1.775755722820758775e-01 1.758010775595903463e-01 1.743424274772405747e-01 1.731110844016075234e-01 1.720464144647121385e-01 1.711067676544189564e-01 1.702628902345895701e-01 1.694941447675228086e-01 1.687860672920942218e-01 1.681276959180831865e-01 1.675111086666584148e-01
2.530720530450343841e-01 2.486237300932407357e-01 2.457507668435573445e-01 2.430191382765770070e-01 2.403882844746112746e-01 2.378360903263092019e-01 2.353487181663513061e-01 2.329167896509170554e-01 2.305333754420280379e-01 2.281931084394454856e-01 2.258913213014602794e-01 2.236239224672317560e-01 2.213874779641628321e-01 2.191791820526123036e-01 2.169966772198677063e-01 2.148388686776161183e-01 2.127056318521499678e-01 2.105971415340900377e-01 2.085160164535045657e-01 2.064643432199954887e-01
3.283285436034202309e-01 3.073074446618557221e-01 2.895151419192552589e-01 2.742264062166214211e-01 2.613228663802146801e-01 2.504775927960872783e-01 2.413352259993553073e-01 2.335932919383049144e-01 2.270209665596485127e-01 2.214458170533180337e-01 2.167298421263694763e-01 2.127518019080162082e-01 2.093973258137702964e-01 2.065603038668632485e-01 2.041442760825157299e-01 2.020667560398578533e-01 2.002592453360557689e-01 1.986672049760818404e-01 1.972483670711517312e-01 1.959699481725692694e-01
2.586945705860853040e-01 2.450785567611455940e-01 2.342756511270999986e-01 2.253277319669723389e-01 2.178014016151428311e-01 2.113386841118335691e-01 2.056883345544338326e-01 2.006896281242370739e-01 1.962401071190834068e-01 1.922713054716587155e-01 1.887315776944160362e-01 1.855777503550052610e-01 1.827712391316890783e-01 1.802759031951427504e-01 1.780579343438148388e-01 1.760861049592495065e-01 1.743315366655588117e-01 1.727682646363973562e-01 1.713730760663747799e-01 1.701253602653741703e-01
2.069812220335006669e-01 2.021927049756050143e-01 1.991583494842052438e-01 1.966564598679542419e-01 1.945302432775497525e-01 1.926772943139076211e-01 1.910278439521789495e-01 1.895339381694793601e-01 1.881621967256069117e-01 1.868884402513504017e-01 1.856950263679027491e-01 1.845688022673130091e-01 1.834998761117458410e-01 1.824803860485553764e-01 1.815047132968902466e-01 1.805681364238262143e-01 1.796669247746467690e-01 1.787985937297344174e-01 1.779609218239784352e-01 1.771522432565689198e-01
2.597896263003349193e-01 2.509887041151523390e-01 2.446189378201961417e-01 2.388487662374973175e-01 2.336174033582210652e-01 2.288752134144306227e-01 2.245755146443843830e-01 2.206740626692771934e-01 2.171293149888515461e-01 2.139051632583141294e-01 2.109695816040039196e-01 2.082961675524711564e-01 2.058631654083728779e-01 2.036523388326167971e-01 2.016485401988029613e-01 1.998381102085113603e-01 1.982089537382125954e-01 1.967487843334674857e-01 1.954450359940528847e-01 1.942846512794494662e-01
2.383617939054966106e-01 2.303313253819942452e-01 2.240486578643322013e-01 2.183536837995052327e-01 2.132193829119205519e-01 2.086216683685779560e-01 2.045305132865905817e-01 2.009094730019569397e-01 1.977184069156646684e-01 1.949151262640952953e-01 1.924570871889591250e-01 1.903027807176113084e-01 1.884131693840026822e-01 1.867518083751201763e-01 1.852859883010387343e-01 1.839863590896129719e-01 1.828269152343273141e-01 1.817854003608226909e-01 1.808422347903251570e-01 1.799806764721870456e-01
2.571922859549522489e-01 2.491556699573993783e-01 2.427807398140430506e-01 2.367012068629264776e-01 2.309316952526569433e-01 2.254911196231842163e-01 2.203914368152618541e-01 2.156367065012455009e-01 2.112244011461734683e-01 2.071457590162754103e-01 2.033884452283382382e-01 1.999373117089271457e-01 1.967749133706092890e-01 1.938834880292415741e-01 1.912442412972450156e-01 1.888389456272125122e-01 1.866492708027362724e-01 1.846577075123786993e-01 1.828474211692810159e-01 1.812026776373386328e-01
2.759640982747078031e-01 2.676822704076766701e-01 2.617941677570342907e-01 2.564673072099685758e-01 2.515467190742492476e-01 2.469388601183891419e-01 2.425944930315017678e-01 2.384949865937232849e-01 2.346398666501045283e-01 2.310379526019096241e-01 2.276972943544387784e-01 2.246201172471046503e-01 2.217989733815193265e-01 2.192177692055702343e-01 2.168534833192825306e-01 2.146800723671913047e-01 2.126715400815010204e-01 2.108042120933532604e-01 2.090577313303947360e-01 2.074153313040733304e-01
2.713133391737937994e-01 2.623566755652427807e-01 2.546499055624008023e-01 2.470835298299789429e-01 2.397804993391036976e-01 2.328642222285270680e-01 2.264305448532104581e-01 2.205386281013488881e-01 2.152136516571044877e-01 2.104544889926910356e-01 2.062405605614185400e-01 2.025361023843288422e-01 1.992952951788902194e-01 1.964676639437675509e-01 1.940012104809284155e-01 1.918456603586673748e-01 1.899540875852107902e-01 1.882846133410930600e-01 1.868002644181251393e-01 1.854691897332668427e-01
2.550391490757465407e-01 2.423202712088823318e-01 2.331793361902236850e-01 2.261681526899337880e-01 2.207398973405361176e-01 2.164778213202953328e-01 2.130701190233230680e-01 2.102879674732685000e-01 2.079644347727298836e-01 2.059784667193889640e-01 2.042421826720237643e-01 2.026901812851429063e-01 2.012762399017810899e-01 1.999650911986827762e-01 1.987317533791065349e-01 1.975574070215225242e-01 1.964292523264885015e-01 1.953376415371894936e-01 1.942757323384284862e-01 1.932386131584644395e-01
2.775810131430626049e-01 2.705671206116676553e-01 2.642516884207725680e-01 2.573219987750053339e-01 2.498164287209510837e-01 2.418929146230220928e-01 2.338093864917755171e-01 2.258775168657302934e-01 2.183984541893005393e-01 2.116027329862117667e-01 2.056195627152919703e-01 2.004784271121025085e-01 1.961339239776134502e-01 1.924949701130390101e-01 1.894527561962604523e-01 1.868986953794956329e-01 1.847351856529712566e-01 1.828802661597728751e-01 1.812677189707755931e-01 1.798465800285339311e-01
3.037683707475662409e-01 2.916273728013038524e-01 2.820741176605224831e-01 2.736239516735076704e-01 2.660667917132377713e-01 2.591958418488502502e-01 2.528307157754898227e-01 2.468283355236053356e-01 2.410869665443897136e-01 2.355430234968662329e-01 2.301643261313438549e-01 2.249437052011489802e-01 2.198904798924923021e-01 2.150237639248371024e-01 2.103660118579864513e-01 2.059383496642112621e-01 2.017572392523288849e-01 1.978328050673008043e-01 1.941692864894866977e-01 1.907654029130935736e-01
2.989023999869823700e-01 2.776165968179702959e-01 2.615279588103294195e-01 2.491902622580528248e-01 2.399449247121810957e-01 2.330123242735862854e-01 2.277213224768638578e-01 2.235669678449630771e-01 2.201933288574218772e-01 2.173594620823860180e-01 2.149041101336479076e-01 2.127205792069435109e-01 2.107384908199310403e-01 2.089104065299034196e-01 2.072045767307281461e-01 2.055991417169570901e-01 2.040788507461547829e-01 2.026327277719974507e-01 2.012530162930488697e-01 1.999333424866199527e-01
3.253274841606617063e-01 3.040983679890632563e-01 2.858825854957103840e-01 2.700190570950508073e-01 2.566421848535537786e-01 2.455390930175781194e-01 2.363459730148315396e-01 2.286798289418220387e-01 2.222051239013671797e-01 2.166546571254730214e-01 2.118273523449897833e-01 2.075760869681835263e-01 2.037938478589057800e-01 2.004022544622421353e-01 1.973428820073604706e-01 1.945706382393836975e-01 1.920498310029506717e-01 1.897512471675872892e-01 1.876502889394760232e-01 1.857260915637016230e-01
2.525125870108604342e-01 2.449039274454116732e-01 2.388691160082817011e-01 2.332116262614727098e-01 2.279054792225360948e-01 2.229399581253528606e-01 2.183062975108623627e-01 2.139953921735286702e-01 2.099965782463550645e-01 2.062970256805419789e-01 2.028818847239017564e-01 1.997349908947944619e-01 1.968392750620842069e-01 1.941769753396511144e-01 1.917309381067752727e-01 1.894842495024204321e-01 1.874210290610790197e-01 1.855260531604289997e-01 1.837853071093559221e-01 1.821851763129234414e-01
2.746834799647331349e-01 2.583317431807518050e-01 2.462287881970405545e-01 2.368069422245025757e-01 2.295027706027031045e-01 2.237622973322868358e-01 2.191444221138954263e-01 2.153283239901065960e-01 2.120905190706253163e-01 2.092781937122344948e-01 2.067874385416507699e-01 2.045473411679267772e-01 2.025087875127792314e-01 2.006370942294597726e-01 1.989071975648403212e-01 1.973003236949443795e-01 1.958017352223396235e-01 1.944000187516212452e-01 1.930855748057365429e-01 1.918500787019729592e-01
2.422107627987861722e-01 2.319055276364088147e-01 2.240716198086738498e-01 2.175263999402523019e-01 2.118910320103168377e-01 2.069409514963626850e-01 2.025427900254726521e-01 1.986136654019355907e-01 1.950981019437313113e-01 1.919547539949417181e-01 1.891488754749298118e-01 1.866501286625862066e-01 1.844300356507301286e-01 1.824616555869579271e-01 1.807191880047321342e-01 1.791783231496811013e-01 1.778154471516609214e-01 1.766090469062328305e-01 1.755387441813945903e-01 1.745861728489399023e-01
2.777828264236450462e-01 2.636759930849075229e-01 2.532739701867103843e-01 2.442754068970680315e-01 2.364097902178764476e-01 2.294841605424881026e-01 2.233597910404205300e-01 2.179281532764434925e-01 2.130987638235092296e-01 2.087924054265022367e-01 2.049412940442562059e-01 2.014871238172054324e-01 1.983817212283611187e-01 1.955852313339710158e-01 1.930645675957202989e-01 1.907915794849395774e-01 1.887415918707847640e-01 1.868923607468604975e-01 1.852233126759529058e-01 1.837154792249202639e-01
2.448759339377284128e-01 2.335762120410800058e-01 2.244118921458721216e-01 2.168035948276519909e-01 2.105296710878610533e-01 2.053621166944503695e-01 2.010873614251613706e-01 1.975217449665069569e-01 1.945154355466365836e-01 1.919520217180251953e-01 1.897422121465206224e-01 1.878188346326351288e-01 1.861306478083133709e-01 1.846393196284770999e-01 1.833143411576747817e-01 1.821322084963321597e-01 1.810736581683158875e-01 1.801228341460227866e-01 1.792664179205894492e-01 1.784930798411369368e-01
2.897670076787471904e-01 2.567821604013442727e-01 2.341689309477806014e-01 2.194275273382663705e-01 2.100342392921447643e-01 2.038754069805145397e-01 1.996009673178195942e-01 1.964317309856414839e-01 1.939307914674281985e-01 1.918531365692615620e-01 1.900588271021843023e-01 1.884654264152050007e-01 1.870229838788509402e-01 1.856996873021125871e-01 1.844746938347816556e-01 1.833332072198390894e-01 1.822650167346000771e-01 1.812619276344776265e-01 1.803178575634956371e-01 1.794276553392410156e-01
3.389528012275696001e-01 3.128688026964664415e-01 2.913118085265159474e-01 2.732203504443168618e-01 2.582939088344574086e-01 2.459612318873405368e-01 2.356563223898410775e-01 2.269218592345714491e-01 2.194198510050773543e-01 2.129091721773147539e-01 2.072174270451069000e-01 2.022182618081569683e-01 1.978152911365032296e-01 1.939318658411502971e-01 1.905042867362499170e-01 1.874778847396373627e-01 1.848051194846630219e-01 1.824437078833580084e-01 1.803559617698192730e-01 1.785076361894607500e-01
3.073028045892715610e-01 2.837895086407661305e-01 2.622885049879550845e-01 2.423651473224163189e-01 2.247756446897983540e-01 2.102958314120769445e-01 1.991555081307888053e-01 1.910087259113788516e-01 1.852142705023288594e-01 1.811118929088115781e-01 1.781651790440082483e-01 1.759893095493316739e-01 1.743263103067874964e-01 1.730086514353752214e-01 1.719288031756877888e-01 1.710175204277038508e-01 1.702296434342861209e-01 1.695350528508424715e-01 1.689133297652006260e-01 1.683502425253391166e-01
2.530124634504318237e-01 2.408489665389060841e-01 2.323730954527855053e-01 2.257607370615005438e-01 2.204690724611282349e-01 2.161382704973220936e-01 2.125291725993156411e-01 2.094780597090721008e-01 2.068689677119255055e-01 2.046168839931488126e-01 2.026570507884025707e-01 2.009387090802192688e-01 1.994206002354621809e-01 1.980689084529876631e-01 1.968550889194011777e-01 1.957548208534717615e-01 1.947478361427784077e-01 1.938166597485542209e-01 1.929467484354972784e-01 1.921254754066467341e-01
2.953329153358936199e-01 2.740272840112447650e-01 2.556832422316074327e-01 2.405283963680267256e-01 2.288881966471671969e-01 2.202674543857574552e-01 2.139042532444000166e-01 2.091165976226329881e-01 2.054037675261497498e-01 2.024296461045742013e-01 1.999750849604606528e-01 1.978975854814052637e-01 1.961034691333770619e-01 1.945286066830158311e-01 1.931276257336139723e-01 1.918676519393920921e-01 1.907235102355480105e-01 1.896759828925132785e-01 1.887096902728080672e-01 1.878119827806949693e-01
2.593465630710125036e-01 2.405701914429664579e-01 2.284582597017288108e-01 2.196358716487884499e-01 2.128916078805923595e-01 2.075128707289695673e-01 2.030922213196754422e-01 1.993906110525131281e-01 1.962568043172359389e-01 1.935839098691940208e-01 1.912885165214538441e-01 1.893028321862220698e-01 1.875704488158226046e-01 1.860458204150199912e-01 1.846918059885501728e-01 1.834793558716774076e-01 1.823857587575912487e-01 1.813927927613258329e-01 1.804860733449459020e-01 1.796543909609317757e-01
3.595647963881492548e-01 3.462882104516029624e-01 3.339045342803001470e-01 3.208779248595237665e-01 3.073402059078216286e-01 2.936014977097511358e-01 2.800789114832877846e-01 2.671985909342765586e-01 2.553059300780296526e-01 2.446144303679466114e-01 2.351992985606193576e-01 2.270232135057449474e-01 2.199748036265373186e-01 2.139063629508018427e-01 2.086608988046646240e-01 2.040900696814060278e-01 2.000640150904655357e-01 1.964743478596210347e-01 1.932353520393371715e-01 1.902818006277084417e-01
