2.653577201068401115e-01 2.624051702022552335e-01 2.600595599412918180e-01 2.578301726281642670e-01 2.557122543454170005e-01 2.536998923122882887e-01 2.517875625193118916e-01 2.499702899158000868e-01 2.482441829144954593e-01 2.466063371300697415e-01 2.450546810030937162e-01 2.435880319774150760e-01 2.422052961587905784e-01 2.409052582085132732e-01 2.396860378980636697e-01 2.385450573265552598e-01 2.374787235260009677e-01 2.364829133450984944e-01 2.355528195202350739e-01 2.346833340823650249e-01
2.491058672964572840e-01 2.472879405319690638e-01 2.456948293745517820e-01 2.439846946299076003e-01 2.421911790966987665e-01 2.403615196049213310e-01 2.385439427196979489e-01 2.367798513174056985e-01 2.350993046164512601e-01 2.335210157930850960e-01 2.320541983842849820e-01 2.307009220123291127e-01 2.294586510956287406e-01 2.283219605684280451e-01 2.272838142514228832e-01 2.263365781307220548e-01 2.254724571108818187e-01 2.246838401257991724e-01 2.239636313915252808e-01 2.233051480352878648e-01
2.905114153027534285e-01 2.824420873075723648e-01 2.749180891364813029e-01 2.676380723714828491e-01 2.607880107313394480e-01 2.544902619719505155e-01 2.488064068555831954e-01 2.437470415979623717e-01 2.392862632870674244e-01 2.353762258589267853e-01 2.319587750732898801e-01 2.289734402298927440e-01 2.263627044856548198e-01 2.240742187201976710e-01 2.220620337128639266e-01 2.202866937220096522e-01 2.187145979702472820e-01 2.173175434768200021e-01 2.160714724659919816e-01 2.149565987288951929e-01
2.562735581398010165e-01 2.553514549136161604e-01 2.548209898173808829e-01 2.543203715980053015e-01 2.538428524136543407e-01 2.533858087658882319e-01 2.529474434256553383e-01 2.525262802839279286e-01 2.521209985017776600e-01 2.517303955554962003e-01 2.513533897697925457e-01 2.509890216588974154e-01 2.506362894177436851e-01 2.502943800389766937e-01 2.499624891579151076e-01 2.496398879587650166e-01 2.493259119987487893e-01 2.490200327336788144e-01 2.487216310203075320e-01 2.484301452338695537e-01
2.729698705673218040e-01 2.646253474056720623e-01 2.571253992617130169e-01 2.502058550715446361e-01 2.439667615294456582e-01 2.384347313642501964e-01 2.335871557891368855e-01 2.293713672459125608e-01 2.257204709947109311e-01 2.225647194683551822e-01 2.198376438021659718e-01 2.174795098602771704e-01 2.154377222061157338e-01 2.136672459542751368e-01 2.121295963227748937e-01 2.107919526100158758e-01 2.096266935765743189e-01 2.086100164055824380e-01 2.077217933535575878e-01 2.069449077546596516e-01
2.790735722146928111e-01 2.757331467419862903e-01 2.728129684180021219e-01 2.701028571277857004e-01 2.675933693721890272e-01 2.652687745168805233e-01 2.631068773195147648e-01 2.610812542960047611e-01 2.591639268398284734e-01 2.573276857286691532e-01 2.555470057576894605e-01 2.537997281551361284e-01 2.520676907896995389e-01 2.503378451615572153e-01 2.486021780222654465e-01 2.468586879223585162e-01 2.451112286001443930e-01 2.433692937344312801e-01 2.416463328897953122e-01 2.399587626755237679e-01
2.213900983333587646e-01 2.192921209335327026e-01 2.178748071193695179e-01 2.165994298458099321e-01 2.154505658149719338e-01 2.144151213765144448e-01 2.134804272651672497e-01 2.126348397135734425e-01 2.118680010735988495e-01 2.111705762147903509e-01 2.105343292653560627e-01 2.099522420763969555e-01 2.094182635843753748e-01 2.089271445572376262e-01 2.084744629263877991e-01 2.080562865734100209e-01 2.076693525910377480e-01 2.073108218610286713e-01 2.069782409071922180e-01 2.066694764792919026e-01
2.336055702716112181e-01 2.308153937757015106e-01 2.286409345269203308e-01 2.267573850601911634e-01 2.251281484961509816e-01 2.237201243638992365e-01 2.225027838349342424e-01 2.214485843479633287e-01 2.205332823097705952e-01 2.197357746958732705e-01 2.190376703441143103e-01 2.184238186478614785e-01 2.178809507191181161e-01 2.173982650041580145e-01 2.169664525985717796e-01 2.165777796506881681e-01 2.162260238826274883e-01 2.159056231379508917e-01 2.156120660901069686e-01 2.153415931761264723e-01
2.302037160843610764e-01 2.280952063202857927e-01 2.265221645683050122e-01 2.251546037197112993e-01 2.239658105373382446e-01 2.229318471252918210e-01 2.220316004753112860e-01 2.212460930645465951e-01 2.205588616430759485e-01 2.199556304514408145e-01 2.194244809448719080e-01 2.189549097418785062e-01 2.185382102429866691e-01 2.181667551398277227e-01 2.178343693912029311e-01 2.175355367362499237e-01 2.172658126056194183e-01 2.170211021602153900e-01 2.167982316017150746e-01 2.165941755473613783e-01
2.546083205938339256e-01 2.529210889339447155e-01 2.515934446454048401e-01 2.502620601654052535e-01 2.489230293035507302e-01 2.475784705579280875e-01 2.462323027849197266e-01 2.448888956010341622e-01 2.435531158745288804e-01 2.422296313941478818e-01 2.409230720996856645e-01 2.396376666426658641e-01 2.383776448667049297e-01 2.371464623510837477e-01 2.359474453330039911e-01 2.347829754650592737e-01 2.336555057764053422e-01 2.325665107369422890e-01 2.315173129737377045e-01 2.305085763335227855e-01
2.276444578170776500e-01 2.263001844286918751e-01 2.254490339756012041e-01 2.246599894762039140e-01 2.239252138137817483e-01 2.232410156726837291e-01 2.226045247912406821e-01 2.220129427313804749e-01 2.214638867974281222e-01 2.209549063444137540e-01 2.204838031530380327e-01 2.200484359264373857e-01 2.196464970707893427e-01 2.192761388421058666e-01 2.189352999627590113e-01 2.186220504343509563e-01 2.183346407115459575e-01 2.180712199211120583e-01 2.178302787244320027e-01 2.176101230084896143e-01
2.625582459568977511e-01 2.601629820466041521e-01 2.581700468063354292e-01 2.561714053153991699e-01 2.541745817661285600e-01 2.521886447072029247e-01 2.502225089073181197e-01 2.482850337028503496e-01 2.463844388723373524e-01 2.445282322168350342e-01 2.427231582999229420e-01 2.409748703241348378e-01 2.392882540822029169e-01 2.376670598983764704e-01 2.361136087775230485e-01 2.346294823288917475e-01 2.332152968645095914e-01 2.318708327412605241e-01 2.305952057242393605e-01 2.293869248032569808e-01
3.334938584268092865e-01 3.237744534760713666e-01 3.149426530301571159e-01 3.066300449520349414e-01 2.989127837121486886e-01 2.918174131214618661e-01 2.853454078733921317e-01 2.794827134907245658e-01 2.742033550143241905e-01 2.694737198948859991e-01 2.652545915544032851e-01 2.615036728978157310e-01 2.581778408586978824e-01 2.552341488003730952e-01 2.526309803128242715e-01 2.503290247917175360e-01 2.482919749617576721e-01 2.464863917231559787e-01 2.448822292685508828e-01 2.434525740146636918e-01
2.712882114388048826e-01 2.663580539077520237e-01 2.617614687606692470e-01 2.573938723281025687e-01 2.532950099185108939e-01 2.494944941997528087e-01 2.460073313862085331e-01 2.428357915580272586e-01 2.399719037115573828e-01 2.373999876528978259e-01 2.350994902104139306e-01 2.330473319441080104e-01 2.312192201614379772e-01 2.295910798013210408e-01 2.281399679183959972e-01 2.268444317579269287e-01 2.256849741935730014e-01 2.246439537405967579e-01 2.237056410312652510e-01 2.228564162552356676e-01
2.684917324781417869e-01 2.668848577141761935e-01 2.656882664561271423e-01 2.644693553447723389e-01 2.632315263152122387e-01 2.619801804423332325e-01 2.607207897305488520e-01 2.594598382711410522e-01 2.582034584879875361e-01 2.569572067260741943e-01 2.557264548540115201e-01 2.545152363181114041e-01 2.533275422453880044e-01 2.521661093831062406e-01 2.510327455401420438e-01 2.499288842082023621e-01 2.488551592826843128e-01 2.478119149804115240e-01 2.467986318469047591e-01 2.458148926496505626e-01
4.626362300105392733e-01 4.499465168267488546e-01 4.352664560265839255e-01 4.188950369507074556e-01 4.018976581841707252e-01 3.853237745165825068e-01 3.699034497141838185e-01 3.560018929839134372e-01 3.437181304395198755e-01 3.330060119926929740e-01 3.237562005221843453e-01 3.158274622261524334e-01 3.090636537969112529e-01 3.033060877025127167e-01 2.984054231643676891e-01 2.942269840836524986e-01 2.906529504060745284e-01 2.875834542512893943e-01 2.849344816803932035e-01 2.826363024115562395e-01
2.841220068931579745e-01 2.826327601075172558e-01 2.815925559401512013e-01 2.805990055203437805e-01 2.796248894929885820e-01 2.786446166038513139e-01 2.776336690783500760e-01 2.765679284930229187e-01 2.754243212938308760e-01 2.741812008619308738e-01 2.728189259767532238e-01 2.713212564587593190e-01 2.696753287315368786e-01 2.678734800219536027e-01 2.659133151173591614e-01 2.637991321086883278e-01 2.615427634119987244e-01 2.591633611917495972e-01 2.566877120733261353e-01 2.541484788060188182e-01
2.345112061500549405e-01 2.327421158552169800e-01 2.314965970814228113e-01 2.303063324093818642e-01 2.291638709604740254e-01 2.280673244595527727e-01 2.270156002044677601e-01 2.260079608857631650e-01 2.250434084236621890e-01 2.241209918260574363e-01 2.232394225895404927e-01 2.223974524438381284e-01 2.215936030447483163e-01 2.208264207839965854e-01 2.200943464040756303e-01 2.193959042429924067e-01 2.187295043468475420e-01 2.180936029553413313e-01 2.174868041276931674e-01 2.169076132774352961e-01
2.808061957359314076e-01 2.762768980860710322e-01 2.722168624401092307e-01 2.682740962505340554e-01 2.644607248902320906e-01 2.607856798171996893e-01 2.572598832845687800e-01 2.538957843184471153e-01 2.507057800889015420e-01 2.477009442448616094e-01 2.448894095420837413e-01 2.422750359773635787e-01 2.398582205176353344e-01 2.376356768608093306e-01 2.356006473302841298e-01 2.337437063455581610e-01 2.320536535978317272e-01 2.305179581046104542e-01 2.291236287355422896e-01 2.278575205802917392e-01
4.221239453507587558e-01 4.047225666325539595e-01 3.871325938496738561e-01 3.697898548282683162e-01 3.532397955283522739e-01 3.378488051146268933e-01 3.238366939127444999e-01 3.113000376150011905e-01 3.002399985119700299e-01 2.905901937931776313e-01 2.822425432503223308e-01 2.750681060552597201e-01 2.689313066750764758e-01 2.636998113244771735e-01 2.592506314069032425e-01 2.554724734276533349e-01 2.522668297588825381e-01 2.495477778464555707e-01 2.472411470115184751e-01 2.452832132577896229e-01
2.547323581576347307e-01 2.506794655323028587e-01 2.475077742338180620e-01 2.446505862474441517e-01 2.420700532197952171e-01 2.397299993038177479e-01 2.375984540581703164e-01 2.356485310196876626e-01 2.338582357764243946e-01 2.322100299596786543e-01 2.306899055838584900e-01 2.292869332432746765e-01 2.279922315478324912e-01 2.267983901500701949e-01 2.256991401314735468e-01 2.246886014938354603e-01 2.237614271044731096e-01 2.229121232032775790e-01 2.221355551481246915e-01 2.214263695478439209e-01
2.407327210903167647e-01 2.391944436728954404e-01 2.381853730976581651e-01 2.372321747243404388e-01 2.363281977176666382e-01 2.354711294174194336e-01 2.346590228378772625e-01 2.338899563252925806e-01 2.331624077260494310e-01 2.324746932089328810e-01 2.318250502645969324e-01 2.312118382751941759e-01 2.306332415342330910e-01 2.300876858830452065e-01 2.295732513070106451e-01 2.290884387493133667e-01 2.286315102875232652e-01 2.282008470594882876e-01 2.277948792278766676e-01 2.274120506644249085e-01
2.858541338890790984e-01 2.770993760973214926e-01 2.697309949994087241e-01 2.633909104764461384e-01 2.580090826749801836e-01 2.534708389639854231e-01 2.496531090140342579e-01 2.464374840259551946e-01 2.437160313129425049e-01 2.413938546180725009e-01 2.393895724415779080e-01 2.376349955797195379e-01 2.360744412243366286e-01 2.346632766723632801e-01 2.333669513463973999e-01 2.321594592928886425e-01 2.310220450162887573e-01 2.299416607618331998e-01 2.289101311564445407e-01 2.279224762320518627e-01
2.724658884108066559e-01 2.661136335134506314e-01 2.603369697928428761e-01 2.549077796936035090e-01 2.498778234422206757e-01 2.452711419761181011e-01 2.410932791233062755e-01 2.373366826772689842e-01 2.339837171137332805e-01 2.310090184211731068e-01 2.283827966451644764e-01 2.260730710625648565e-01 2.240468627214431685e-01 2.222720989584922868e-01 2.207185214757919345e-01 2.193582493066787709e-01 2.181658813357353344e-01 2.171189975738525291e-01 2.161978274583816473e-01 2.153854244947433494e-01
2.226168031990528040e-01 2.208585597574710957e-01 2.197369204461574466e-01 2.188232657313346763e-01 2.180638547241687819e-01 2.174195736646652166e-01 2.168620602786540952e-01 2.163709408044814930e-01 2.159313882887363423e-01 2.155327381193637981e-01 2.151671838760375877e-01 2.148289760947227345e-01 2.145139586925506603e-01 2.142189215123653512e-01 2.139414854347705952e-01 2.136798977851867565e-01 2.134326550364494257e-01 2.131985630095004913e-01 2.129767394065856800e-01 2.127664412558078755e-01
4.594524179119616747e-01 4.496200826484709756e-01 4.390161941014230074e-01 4.275860476121306486e-01 4.155438076145946957e-01 4.031115541979670702e-01 3.905216426774859584e-01 3.780032327398658021e-01 3.657660312578082107e-01 3.539879023283720172e-01 3.428081959486007912e-01 3.323244325071573191e-01 3.225952681899070806e-01 3.136445087939500609e-01 3.054681356251239821e-01 2.980403348803520314e-01 2.913198441267013661e-01 2.852560970187187350e-01 2.797928276658058211e-01 2.748718135058879630e-01
2.475383846461772785e-01 2.430376376211643152e-01 2.394827479124069236e-01 2.362921191751956862e-01 2.334463487565517359e-01 2.309159718453884236e-01 2.286676341295242332e-01 2.266679880023002580e-01 2.248860615491866943e-01 2.232936999201774464e-01 2.218660271167754994e-01 2.205815151333808954e-01 2.194214338064193748e-01 2.183697739243507518e-01 2.174127337336540233e-01 2.165385708212852478e-01 2.157372385263442993e-01 2.150000935792922840e-01 2.143194913864135687e-01 2.136890929937362571e-01
2.713313487172126504e-01 2.674134185910224670e-01 2.641622799634933405e-01 2.611569139361381575e-01 2.583831810951233154e-01 2.558229148387908825e-01 2.534557726979255743e-01 2.512609860301017739e-01 2.492185094952583391e-01 2.473094430565833945e-01 2.455167442560196034e-01 2.438251721858978316e-01 2.422219958901405401e-01 2.406965875625610429e-01 2.392404720187187306e-01 2.378474202752113298e-01 2.365129226446151811e-01 2.352338847517967124e-01 2.340087884664535656e-01 2.328368684649467502e-01
2.728383822739124387e-01 2.634992443025112041e-01 2.552604492753743903e-01 2.479120503365993544e-01 2.415415340662002697e-01 2.361312970519065801e-01 2.315965700149536233e-01 2.278180332481861137e-01 2.246672797203063954e-01 2.220237629115581479e-01 2.197847148776054249e-01 2.178679591417312655e-01 2.162095198035240140e-01 2.147612585127353646e-01 2.134870344400405795e-01 2.123592297732830037e-01 2.113569264113903112e-01 2.104635079205036119e-01 2.096654456853866699e-01 2.089518529176712103e-01
2.335317289829254017e-01 2.304787957668304466e-01 2.277503938972950115e-01 2.250920058786869127e-01 2.225305622816085849e-01 2.200954675674438588e-01 2.178157265484333138e-01 2.157153946161270153e-01 2.138102053105831180e-01 2.121069869399070662e-01 2.106038856506347590e-01 2.092922648787498563e-01 2.081584054231643555e-01 2.071857972443103824e-01 2.063567708432674508e-01 2.056534717977046844e-01 2.050591570138931286e-01 2.045578700304031272e-01 2.041358450055122398e-01 2.037806996703147855e-01
2.695139339566230974e-01 2.687020233273506031e-01 2.684514972567558222e-01 2.682055321335792275e-01 2.679589374363422483e-01 2.677098573744297050e-01 2.674569663405418352e-01 2.671987518668174633e-01 2.669340978562831923e-01 2.666619825363159002e-01 2.663812980055809132e-01 2.660910794138908186e-01 2.657905811071396007e-01 2.654785655438899883e-01 2.651545806229114732e-01 2.648178975284099512e-01 2.644677734374999978e-01 2.641037292778491974e-01 2.637252040207386239e-01 2.633316576480865256e-01
4.903970017109531843e-01 4.807886988087557434e-01 4.683755185804329702e-01 4.526978300092741603e-01 4.342305200686678024e-01 4.139568100683391205e-01 3.930484360363334373e-01 3.725728511996567183e-01 3.533309034071862587e-01 3.358138748630881132e-01 3.202421348914504251e-01 3.066373486816882932e-01 2.948930823430419013e-01 2.848351502418517978e-01 2.762616922706365719e-01 2.689705790579319244e-01 2.627731468528509140e-01 2.575013149529695733e-01 2.530087631940841630e-01 2.491710431128740244e-01
5.013800686670584206e-01 4.904458946076920012e-01 4.761216698121279456e-01 4.584414213220588952e-01 4.382247757446020575e-01 4.165804231539368407e-01 3.946495344210416145e-01 3.734021672233939215e-01 3.535330573096871487e-01 3.354507220163941428e-01 3.193249877914786095e-01 3.051548879221081534e-01 2.928350147604942277e-01 2.822051690518855849e-01 2.730831970274448239e-01 2.652841927856207094e-01 2.586324692517518731e-01 2.529675683379173368e-01 2.481475971639156286e-01 2.440486542880535015e-01
2.325990258157253354e-01 2.307017336785793238e-01 2.291824217140674691e-01 2.277032344043254941e-01 2.262837414443492901e-01 2.249400945007801189e-01 2.236824890971183810e-01 2.225156427919864621e-01 2.214402720332145635e-01 2.204540526866912709e-01 2.195527468621730760e-01 2.187311008572578319e-01 2.179831665754318193e-01 2.173028284311294689e-01 2.166842058300972040e-01 2.161216010153293732e-01 2.156096346676349695e-01 2.151434530317783422e-01 2.147183911502361375e-01 2.143303339183330603e-01
4.356238305428996593e-01 4.188819005340337909e-01 4.011340679600834958e-01 3.827336672693490982e-01 3.643254947662353249e-01 3.465044359676540120e-01 3.297577040642499790e-01 3.144213908165693350e-01 3.006761586293578148e-01 2.885682484507560708e-01 2.780455550551414468e-01 2.689928051829337807e-01 2.612628580629825503e-01 2.546974254399538284e-01 2.491417701542377461e-01 2.444520010054111459e-01 2.404997856914997123e-01 2.371721747517585854e-01 2.343718902766704637e-01 2.320158755779266335e-01
2.735798209533095160e-01 2.703244150429964243e-01 2.673107497766614160e-01 2.644514132663607353e-01 2.617564116790890849e-01 2.592319563776254721e-01 2.568795066326856613e-01 2.546958351880311833e-01 2.526746123284101531e-01 2.508070210367441266e-01 2.490827008336782555e-01 2.474902613461017475e-01 2.460183912515640225e-01 2.446556054055690765e-01 2.433910045027732894e-01 2.422141847014427085e-01 2.411154089868068617e-01 2.400860323011875241e-01 2.391179853677749545e-01 2.382041566073894445e-01
3.514411263912916028e-01 3.404445740580558932e-01 3.306518186628818468e-01 3.218081323802471361e-01 3.139556708931923179e-01 3.070518928766250433e-01 3.010174706578254700e-01 2.957571141421794780e-01 2.911722430586815014e-01 2.871679297089576588e-01 2.836569580435752691e-01 2.805608189105987527e-01 2.778106313943862760e-01 2.753461393713951266e-01 2.731151786446571195e-01 2.710725763440132163e-01 2.691792991757392950e-01 2.674015542864799366e-01 2.657102182507514732e-01 2.640802550315857200e-01
2.737142506241798667e-01 2.676197539269924430e-01 2.623565293848514335e-01 2.575810833275318235e-01 2.533032366633415355e-01 2.495021265745162864e-01 2.461420175433158830e-01 2.431802222132682934e-01 2.405720743536949036e-01 2.382749676704406794e-01 2.362504562735557589e-01 2.344657480716705322e-01 2.328921404480934210e-01 2.315053567290306091e-01 2.302833610773086515e-01 2.292068141698837269e-01 2.282580578327179088e-01 2.274212729930877586e-01 2.266821655631065247e-01 2.260281646251678378e-01
3.084488113224506112e-01 2.968813228607177779e-01 2.863334649801254073e-01 2.766378699243068895e-01 2.678945541381835826e-01 2.601178732514381475e-01 2.532773724198341125e-01 2.473151892423629816e-01 2.421575805544853299e-01 2.377229556441307068e-01 2.339286136627197199e-01 2.306938564777374356e-01 2.279432281851768438e-01 2.256084814667701777e-01 2.236282184720039257e-01 2.219486248493194591e-01 2.205230215191841259e-01 2.193109890818595864e-01 2.182784828543662958e-01 2.173962840437889121e-01
3.845840530097484611e-01 3.705785091221332483e-01 3.576720076054334396e-01 3.457971790432929904e-01 3.351391144096851349e-01 3.257295463979243966e-01 3.175138126313686304e-01 3.103904907405376501e-01 3.042376214265823386e-01 2.989304229617119057e-01 2.943506297469138944e-01 2.903914514183998374e-01 2.869583779573440796e-01 2.839702579379081993e-01 2.813579171895980724e-01 2.790621823072433338e-01 2.770331132411956720e-01 2.752285134792327725e-01 2.736123991012573420e-01 2.721541890501976146e-01
2.630919173359870800e-01 2.605995953083038441e-01 2.585016068816184953e-01 2.562241777777671814e-01 2.537638175487518244e-01 2.511425060033798395e-01 2.484106680750846896e-01 2.456413805484771729e-01 2.429112136363983099e-01 2.402833729982375988e-01 2.377998627722263392e-01 2.354822543263435375e-01 2.333366340398788374e-01 2.313601374626159668e-01 2.295442514121532329e-01 2.278778018057346366e-01 2.263492853939533256e-01 2.249464893341064364e-01 2.236579398810863428e-01 2.224728967249393341e-01
2.983580917119980080e-01 2.937468346953391873e-01 2.897830849885940641e-01 2.860335868597030373e-01 2.824722340703010315e-01 2.790642029047012418e-01 2.757777553796768033e-01 2.725883603096008190e-01 2.694790643453597867e-01 2.664413300156593389e-01 2.634741052985191123e-01 2.605828538537025563e-01 2.577780073881149048e-01 2.550729152560233803e-01 2.524812641739845320e-01 2.500160914659499967e-01 2.476876357197761447e-01 2.455024224519729570e-01 2.434628897905349865e-01 2.415674701333045959e-01
2.472343517839908633e-01 2.458068177103996388e-01 2.447653864324092765e-01 2.437266753613948900e-01 2.426870363950729415e-01 2.416476987302303425e-01 2.406106700003147192e-01 2.395785151422023807e-01 2.385538874566555112e-01 2.375392933189869049e-01 2.365373809635639146e-01 2.355503588914871216e-01 2.345801752805709850e-01 2.336289227008819525e-01 2.326979178190231312e-01 2.317883349955081884e-01 2.309011238813400146e-01 2.300368508696556125e-01 2.291959714889526267e-01 2.283785389363765794e-01
2.259353882074356112e-01 2.230361112952232439e-01 2.209387534856796231e-01 2.191063237190246649e-01 2.175077953934669572e-01 2.161134767532348622e-01 2.148956656455993652e-01 2.138295659422874417e-01 2.128936392068862815e-01 2.120694217085838384e-01 2.113411563634872425e-01 2.106954914331436168e-01 2.101211845874786377e-01 2.096086734533310070e-01 2.091498291492462080e-01 2.087377503514289967e-01 2.083665046095848072e-01 2.080310466885566811e-01 2.077270376682281428e-01 2.074507316946983260e-01
2.405639033019542627e-01 2.393832831084728163e-01 2.384448851644992706e-01 2.374948216974735182e-01 2.365277303755283222e-01 2.355429559946060070e-01 2.345420329272747129e-01 2.335281199216842629e-01 2.325052480399608656e-01 2.314785520732402790e-01 2.304530142247676883e-01 2.294336134195327781e-01 2.284251928329467662e-01 2.274321338534355252e-01 2.264582517743110590e-01 2.255066964030265908e-01 2.245802775025367848e-01 2.236810147762298695e-01 2.228104481101036149e-01 2.219699081778526428e-01
2.767363862693310028e-01 2.719020773749798447e-01 2.669640346337109893e-01 2.619020264036953649e-01 2.568239540234207863e-01 2.518467698618769846e-01 2.470790102332830473e-01 2.426093263551592771e-01 2.385001029446721099e-01 2.347861243784427621e-01 2.314777956157922645e-01 2.285651445388793834e-01 2.260244514793157689e-01 2.238232862204313223e-01 2.219252316653728407e-01 2.202935218065976974e-01 2.188928292691707522e-01 2.176906254887580883e-01 2.166579125821590512e-01 2.157689522206783228e-01
2.926310496113728732e-01 2.882518762210384278e-01 2.835650876071303950e-01 2.784927287185564593e-01 2.731180567201226816e-01 2.675590875651687184e-01 2.619531361013651138e-01 2.564406031556427656e-01 2.511498464643955320e-01 2.461857084929943151e-01 2.416219809278845887e-01 2.375003857538104113e-01 2.338329372555017494e-01 2.306086643785238144e-01 2.277995692938566130e-01 2.253684461861848731e-01 2.232732897996902444e-01 2.214716991782188504e-01 2.199230737239122324e-01 2.185906034708023082e-01
2.653451520949602349e-01 2.607974945753812612e-01 2.572038443386554518e-01 2.540955115854739987e-01 2.514131878316402391e-01 2.490945331752300318e-01 2.470836929976940044e-01 2.453327721357345670e-01 2.438011200726032390e-01 2.424551035463810011e-01 2.412663136422634191e-01 2.402110734581947293e-01 2.392696715891361181e-01 2.384255871176719777e-01 2.376647211611270794e-01 2.369753763079643361e-01 2.363477393984794728e-01 2.357733604311943176e-01 2.352450081706047025e-01 2.347565805912017745e-01
2.659904137253761292e-01 2.627880799770355158e-01 2.598993086814880282e-01 2.569873282313346885e-01 2.540609240531921387e-01 2.511317023634910828e-01 2.482175293564796437e-01 2.453417882323264965e-01 2.425305801630020242e-01 2.398094063997268655e-01 2.372014862298965354e-01 2.347252294421195984e-01 2.323929935693740956e-01 2.302111333608627408e-01 2.281804415583610635e-01 2.262969908118248052e-01 2.245536801218986633e-01 2.229409727454185475e-01 2.214487755298614469e-01 2.200668469071388189e-01
2.557140967249870167e-01 2.544009140133857705e-01 2.533882935345173060e-01 2.523556894063949674e-01 2.513018929958343306e-01 2.502300412952899733e-01 2.491439439356327168e-01 2.480474559962749515e-01 2.469440053403377522e-01 2.458365872502326910e-01 2.447276465594768469e-01 2.436190398037433591e-01 2.425124923884868500e-01 2.414092610776424341e-01 2.403107881546020508e-01 2.392185015976429074e-01 2.381338346004485962e-01 2.370585402846336343e-01 2.359944510459899836e-01 2.349437351524829853e-01
