4.381541645541437990e-01 3.353716010227799638e-01 2.626020138338208132e-01 2.150606385990977421e-01 1.849112996459007230e-01 1.654350226372480470e-01 1.522920084744691926e-01 1.429598586447536901e-01 1.360104176215827521e-01 1.306256490945816029e-01 1.263213292602449744e-01 1.227983165043406155e-01 1.198631932539865330e-01 1.173843869214761110e-01 1.152689870744779965e-01 1.134484905269346200e-01 1.118705686868634031e-01 1.104944171552779131e-01 1.092875420476139003e-01 1.082235993570066085e-01
6.607362873468082265e-01 5.719763042594422364e-01 4.866869280983723844e-01 4.059959191457892524e-01 3.357577126915566867e-01 2.802903309464454540e-01 2.393712773546576578e-01 2.100709885358810480e-01 1.891597479209303767e-01 1.740868828818201985e-01 1.630584093090146902e-01 1.548561524972319470e-01 1.486544862389564403e-01 1.438878709869459149e-01 1.401637664926238258e-01 1.372061102131920118e-01 1.348182247033400949e-01 1.328585429955273789e-01 1.312242593697737769e-01 1.298397458693943962e-01
2.406589680745673809e-01 1.917421324280439987e-01 1.627923760091652960e-01 1.460037204809486733e-01 1.360754709877073643e-01 1.299322639567253579e-01 1.259236147666342731e-01 1.231646738814015374e-01 1.211673695687204566e-01 1.196537189849186666e-01 1.184590898954775151e-01 1.174829345592297569e-01 1.166615361860021960e-01 1.159535802481695965e-01 1.153310438408516325e-01 1.147745878738351127e-01 1.142711884644813797e-01 1.138105133513454409e-01 1.133855132485041411e-01 1.129905753821367348e-01
4.674749266716389795e-01 3.986747512634610802e-01 3.365504576882812904e-01 2.820586563716642736e-01 2.359775182208977695e-01 1.989903698238776886e-01 1.712544832610183310e-01 1.517863846407271899e-01 1.387380234390730160e-01 1.301736023099510919e-01 1.245486239925230609e-01 1.207909198488050645e-01 1.182058961782604389e-01 1.163575361296534522e-01 1.149756947555579251e-01 1.138933255907613740e-01 1.130071989004500232e-01 1.122527614564751280e-01 1.115901205973932470e-01 1.109934066676942221e-01
5.480750543430622512e-01 4.263870807597413548e-01 3.338983343871196885e-01 2.677184957398276444e-01 2.218887279357295572e-01 1.905142644176430755e-01 1.689925122319254902e-01 1.540730415853613644e-01 1.435670240297963474e-01 1.360262212484667499e-01 1.304977429438076708e-01 1.263519459057397265e-01 1.231689958128310974e-01 1.206672394779343405e-01 1.186540301100285494e-01 1.169971130411431720e-01 1.156042759293813976e-01 1.144101220762513554e-01 1.133679605599422768e-01 1.124442005339345851e-01
2.387686386704444830e-01 2.209500733017921437e-01 2.086223890632390998e-01 1.986189428344369012e-01 1.900227078795433122e-01 1.822945600748062112e-01 1.751544215902686163e-01 1.684802335966378573e-01 1.622382588265463832e-01 1.564372052997350659e-01 1.510971818436519232e-01 1.462352363848185566e-01 1.418535176175646506e-01 1.379386315075680491e-01 1.344629961554892339e-01 1.313893371360609352e-01 1.286754554140861762e-01 1.262789489899296402e-01 1.241590102718350824e-01 1.222782103396593822e-01
4.343889638542896003e-01 3.702925616392167552e-01 3.094357188792942748e-01 2.602364929963540408e-01 2.253147078218171451e-01 2.020569174655429401e-01 1.867027553550724417e-01 1.762728193384827946e-01 1.688240046193823229e-01 1.631821585982106693e-01 1.586562667488397027e-01 1.548404658346953511e-01 1.514953558986599225e-01 1.484785189485410273e-01 1.457045433309394900e-01 1.431217293953523095e-01 1.406988654797896865e-01 1.384163786470890001e-01 1.362620289344340652e-01 1.342276474717073176e-01
8.494126133993268324e-01 6.798831796972081287e-01 5.383068845124308055e-01 4.259574734745547042e-01 3.408092194981873213e-01 2.787645610229810833e-01 2.349555668296307021e-01 2.045981243606314615e-01 1.836754818920598997e-01 1.691782006100402136e-01 1.590017031203024012e-01 1.517290539020905160e-01 1.464208151119237300e-01 1.424572984786937058e-01 1.394273156789131440e-01 1.370559684268664591e-01 1.351570862135849926e-01 1.336030275246594123e-01 1.323046024132054355e-01 1.311989720433484885e-01
3.665864442288875313e-01 3.337328016757964977e-01 3.089407871663570337e-01 2.880153532326221733e-01 2.693331606686115154e-01 2.520928907394409113e-01 2.359946689009666532e-01 2.209973418712616045e-01 2.071596409380435933e-01 1.945515657961368605e-01 1.832075712084770269e-01 1.731134910136461202e-01 1.642104344815015771e-01 1.564119325391948312e-01 1.496160068549215738e-01 1.437188360746949889e-01 1.386207939428277247e-01 1.342292712897960871e-01 1.304595103557221469e-01 1.272335098613984750e-01
4.700205861541008057e-01 4.056861171902619301e-01 3.541704278267570616e-01 3.126534345053733066e-01 2.797795192070771098e-01 2.541935751482378714e-01 2.344575276272371500e-01 2.192247709934599664e-01 2.073803147266153335e-01 1.980642711749533158e-01 1.906395189554314085e-01 1.846376093197682200e-01 1.797158696243600917e-01 1.756230508191219952e-01 1.721718043946020849e-01 1.692221768520539571e-01 1.666686356492573517e-01 1.644302853883709836e-01 1.624446124595124163e-01 1.606632996187545293e-01
2.283656474668532554e-01 2.008118709223344900e-01 1.814352362435238397e-01 1.676749582736738464e-01 1.579408549808431483e-01 1.510232746356632572e-01 1.460594199557090078e-01 1.424508799195609854e-01 1.397867432389079956e-01 1.377845873518890596e-01 1.362498213267827052e-01 1.350474628346273742e-01 1.340828338646679052e-01 1.332897181971929856e-01 1.326208714459790050e-01 1.320428615783202919e-01 1.315313449520544853e-01 1.310689686230034623e-01 1.306430108667700485e-01 1.302442012980463970e-01
3.566167693650640902e-01 2.839487016387283735e-01 2.356106133799767133e-01 2.042429671211721254e-01 1.839036952520882451e-01 1.704441421477531637e-01 1.612117292786524603e-01 1.545849207170249540e-01 1.495931850936904062e-01 1.456586003386655670e-01 1.424332941642171557e-01 1.397034569432435147e-01 1.373334212120244091e-01 1.352347828698111654e-01 1.333467017865041238e-01 1.316269844898488306e-01 1.300445311400107995e-01 1.285758309997618309e-01 1.272029759082943245e-01 1.259119692491367515e-01
3.919233617498093514e-01 3.197711480926955230e-01 2.711887427696638153e-01 2.379866352281533315e-01 2.148799969232641216e-01 1.984495222868360997e-01 1.864856031113595325e-01 1.775299959781113934e-01 1.706172800087369934e-01 1.651088473672280010e-01 1.605824959545861796e-01 1.567580149337300111e-01 1.534492551870061949e-01 1.505297601573692967e-01 1.479140611515322168e-01 1.455422532558895976e-01 1.433714005960791960e-01 1.413707441334554338e-01 1.395164395341998986e-01 1.377901459104032278e-01
3.779486130177974745e-01 3.358804092556237908e-01 3.035655283927917725e-01 2.788627017289400101e-01 2.602512437850236782e-01 2.461506564915180162e-01 2.352500741928815753e-01 2.265593816339969702e-01 2.193576457351446019e-01 2.131210079789161715e-01 2.074609894677996724e-01 2.020861444994807299e-01 1.967795015126466707e-01 1.913910460099577937e-01 1.858357095345854748e-01 1.800941388867795534e-01 1.742080704122781765e-01 1.682680448610335555e-01 1.623931080661714099e-01 1.567070837086066704e-01
4.921766699253930510e-01 3.973751267325132952e-01 3.306064834860444335e-01 2.831570284999906928e-01 2.488533922620064232e-01 2.233461085295401494e-01 2.036934100258440683e-01 1.880081174368387897e-01 1.751031842434895291e-01 1.642420957770809875e-01 1.549825953854267191e-01 1.470707484824379241e-01 1.403572019509738422e-01 1.347327161060550837e-01 1.300876529521337865e-01 1.262977504274749585e-01 1.232286454562563499e-01 1.207473391674284413e-01 1.187333025981934104e-01 1.170840586145823203e-01
4.984016291244188213e-01 4.377133543509990066e-01 3.842225806787610276e-01 3.373921613022685118e-01 2.984253693744540192e-01 2.677355637028813184e-01 2.445301885157823429e-01 2.273054397106170632e-01 2.144822296500205894e-01 2.047443669289350510e-01 1.971121854335069756e-01 1.908983639627695184e-01 1.856327933073043945e-01 1.809993475675582830e-01 1.767866401374340035e-01 1.728548847883939754e-01 1.691133517026901234e-01 1.655050728470087162e-01 1.619964727759361234e-01 1.585706087946891774e-01
5.130387332834652758e-01 4.175099076330661685e-01 3.458107442408799859e-01 2.948890823125839278e-01 2.594957274198532171e-01 2.344850555062293895e-01 2.161052009463310108e-01 2.019657780230045274e-01 1.906467270851135154e-01 1.813313377648592128e-01 1.735447008162736837e-01 1.669904441386461380e-01 1.614581894502043757e-01 1.567765574716031562e-01 1.527960649318993169e-01 1.493855452351272040e-01 1.464325919700786571e-01 1.438461972819641277e-01 1.415542845823802021e-01 1.395019523934570294e-01
3.132932452764362052e-01 2.498309184797108118e-01 2.047185250744223695e-01 1.736973123811185460e-01 1.531044391728937637e-01 1.395092796511016864e-01 1.303232785529689908e-01 1.238745361378778415e-01 1.191537526691536231e-01 1.155615240376209885e-01 1.127360806986689584e-01 1.104532267816830393e-01 1.085688123349973500e-01 1.069867316339434687e-01 1.056405888757490225e-01 1.044826474673754974e-01 1.034777116094483113e-01 1.025988582958234502e-01 1.018253109479701352e-01 1.011401784037138929e-01
4.304226597864180826e-01 3.602061238512396790e-01 3.069371578656137078e-01 2.667491251230240112e-01 2.365774276852607716e-01 2.137426188960671325e-01 1.962033281475305535e-01 1.824888868816196830e-01 1.715663367882371004e-01 1.627184043731540464e-01 1.554461905919015396e-01 1.493992982059717256e-01 1.443264856096357074e-01 1.400422178022563413e-01 1.364052286674268533e-01 1.333045000160927862e-01 1.306500538553063973e-01 1.283682194224820827e-01 1.263979978940915350e-01 1.246886061527766321e-01
6.398619469301775053e-01 4.989147770238923640e-01 3.834176250091695937e-01 2.984585830871946954e-01 2.405411637759880261e-01 2.025527182570658613e-01 1.777411444238896354e-01 1.612104110395739531e-01 1.498413325722504075e-01 1.417451079934835545e-01 1.357850585342385008e-01 1.312652406227425572e-01 1.277483304636553019e-01 1.249490809596318225e-01 1.226762837429123398e-01 1.207975787626492103e-01 1.192186206490441630e-01 1.178717850076100165e-01 1.167067117587339414e-01 1.156858515225735601e-01
7.510701217316091416e-01 5.334673709443450429e-01 3.736357374248473473e-01 2.702409188678484564e-01 2.077885231921391129e-01 1.709403020507670456e-01 1.490901536481032963e-01 1.358502404142200304e-01 1.275685636413982083e-01 1.221820253955956948e-01 1.185187262312865641e-01 1.159039294613160159e-01 1.139421485630379011e-01 1.123989034012652100e-01 1.111321641872087401e-01 1.100545334951811977e-01 1.091118441881917533e-01 1.082692092374782089e-01 1.075038743513869188e-01 1.068009628393338101e-01
4.470311125006173891e-01 4.069648064295324774e-01 3.727503668601366282e-01 3.414103333645834848e-01 3.120627162687014677e-01 2.844241981836967414e-01 2.582413049763999657e-01 2.334965395985636738e-01 2.106811565690440979e-01 1.905726057926221961e-01 1.737037397351946233e-01 1.600960415417648497e-01 1.493772529279522032e-01 1.410202853004739187e-01 1.345099975425546324e-01 1.294130016538838357e-01 1.253900990865076948e-01 1.221845655385732227e-01 1.196049842552514564e-01 1.175088803988637715e-01
1.529200211260467734e-01 1.485622963774949346e-01 1.457314248755574304e-01 1.430454149842262379e-01 1.404833616944961283e-01 1.380417271272744995e-01 1.357228792621754110e-01 1.335308158606494655e-01 1.314687533298274369e-01 1.295384838457539489e-01 1.277392525297909864e-01 1.260685236414428867e-01 1.245216737140435737e-01 1.230926475138403448e-01 1.217742886242922373e-01 1.205591285211266989e-01 1.194392558248364433e-01 1.184065779005322866e-01 1.174538277707699724e-01 1.165736867461964754e-01
2.108969375817105196e-01 1.842954095476306842e-01 1.659797841170438937e-01 1.534681773206102717e-01 1.451244740502443120e-01 1.396030817543214564e-01 1.359322739804065261e-01 1.334542519829119422e-01 1.317389198311138820e-01 1.305096043611410905e-01 1.295894161595060601e-01 1.288655301796490793e-01 1.282662140250249716e-01 1.277457951409269321e-01 1.272754522586288795e-01 1.268375475029097366e-01 1.264215013658395170e-01 1.260212821546883855e-01 1.256340306090714953e-01 1.252584314435080115e-01
1.982792927930131510e-01 1.770837034317082614e-01 1.611634653405053519e-01 1.490998352217866307e-01 1.400473538917140215e-01 1.332738359054019273e-01 1.281864864789531433e-01 1.243279764428370932e-01 1.213579450538963961e-01 1.190300384233705655e-01 1.171685143257491235e-01 1.156489710486494071e-01 1.143838385515846268e-01 1.133105565328151043e-01 1.123847844684496555e-01 1.115743131819181139e-01 1.108555837161838975e-01 1.102109967847354766e-01 1.096274583111517126e-01 1.090946235577575918e-01
5.271984582047298806e-01 4.903811027645133547e-01 4.502117978967726253e-01 4.077782282978296147e-01 3.676013250276446431e-01 3.331539418920874684e-01 3.056026463955640593e-01 2.843944491446018241e-01 2.682710880041122570e-01 2.559309713542461395e-01 2.462898324429988739e-01 2.385204410552978493e-01 2.320120230317115895e-01 2.263144126534462064e-01 2.210905909538269098e-01 2.160801407694816489e-01 2.110776613652706191e-01 2.059210537374019656e-01 2.004896767437457927e-01 1.947119116783141979e-01
9.625015030452049869e-01 8.308139974057485722e-01 6.863818753795203342e-01 5.444245064311690196e-01 4.249147769820410536e-01 3.376406385051086700e-01 2.803080195002257691e-01 2.445022739470004980e-01 2.221350453794002644e-01 2.077032376080751308e-01 1.979201040416956048e-01 1.908985061198472943e-01 1.855550436675548476e-01 1.812586931884288821e-01 1.776334525644779339e-01 1.744507789611816351e-01 1.715675041079521290e-01 1.688929372280836005e-01 1.663673043996095613e-01 1.639516265690326713e-01
1.101207770258188168e+00 9.731844750046729775e-01 8.298845689371228129e-01 6.819207471702247725e-01 5.440391827916755130e-01 4.268463894700107453e-01 3.357253918591595609e-01 2.699194835772504852e-01 2.243030548582828354e-01 1.929806228396046264e-01 1.712853419175371650e-01 1.560316884521516234e-01 1.451421834599022909e-01 1.372572903265245337e-01 1.314693842449914107e-01 1.271596407427569020e-01 1.239014384610345604e-01 1.213962770823854981e-01 1.194354376243427357e-01 1.178711339354049370e-01
4.560228313182142501e-01 3.920286796380241801e-01 3.357431357528548599e-01 2.887348431328609633e-01 2.506422833981923892e-01 2.200351197645068202e-01 1.954956827592104762e-01 1.759817932965233866e-01 1.607197965146042462e-01 1.490171204810030736e-01 1.401895552873611561e-01 1.335900976316770628e-01 1.286581527171074546e-01 1.249458210787270235e-01 1.221158815255330432e-01 1.199236005596276272e-01 1.181946615830020142e-01 1.168059822233635664e-01 1.156708049389999354e-01 1.147276374904322438e-01
9.393675450076340860e-01 8.004800770618021311e-01 6.673104309319751737e-01 5.498486740217777280e-01 4.545255929431368802e-01 3.812602315645199358e-01 3.264754864294082126e-01 2.858934799209237321e-01 2.557224962487816833e-01 2.329753934592008469e-01 2.154750892892479952e-01 2.017177266441285699e-01 1.906830333545803946e-01 1.816769365407526482e-01 1.742152781412005524e-01 1.679521495848894097e-01 1.626320228446274940e-01 1.580615232698619477e-01 1.540914824279025208e-01 1.506066992017440487e-01
3.634897447680123239e-01 3.132330204546451835e-01 2.734137148410081819e-01 2.419376091472804635e-01 2.174167381413280864e-01 1.984294746071100235e-01 1.837272237055003754e-01 1.722684491625113834e-01 1.632146785836084690e-01 1.559249628661200371e-01 1.499303701263852429e-01 1.448980163630767537e-01 1.405943149658560321e-01 1.368543171265628189e-01 1.335605797846801668e-01 1.306280576018616635e-01 1.279935635952278994e-01 1.256094448920339335e-01 1.234384735254570875e-01 1.214521198347210951e-01
3.382624313980340802e-01 2.924838512018322900e-01 2.603999362327158451e-01 2.373893232084810789e-01 2.206370339356362731e-01 2.081228055327665194e-01 1.985026666197154677e-01 1.908956422389019303e-01 1.847223136480897754e-01 1.795968110486864944e-01 1.752588323596865061e-01 1.715309094637632314e-01 1.682893099519424118e-01 1.654458442493341730e-01 1.629354067984968291e-01 1.607080596678861217e-01 1.587239227007012365e-01 1.569498642849794234e-01 1.553575660615751919e-01 1.539227521705686386e-01
4.758554902812102139e-01 4.175235689565306441e-01 3.590883596853018389e-01 2.994505288987420744e-01 2.468874768889509075e-01 2.069564063753932814e-01 1.793405522149987552e-01 1.610279969451949011e-01 1.489601697656325885e-01 1.408951496717054386e-01 1.353737085597822576e-01 1.314852821957981643e-01 1.286646173879125721e-01 1.265570756013039422e-01 1.249363182001980016e-01 1.236552966330782544e-01 1.226158697737209091e-01 1.217519999094292815e-01 1.210176349140238000e-01 1.203807923552813047e-01
3.837776358425617484e-01 3.385473405569791594e-01 3.040607437491417153e-01 2.764256000518798828e-01 2.536144530773162820e-01 2.341852153837680750e-01 2.172440439462661743e-01 2.022935664653777998e-01 1.890754674375057232e-01 1.774511677026748557e-01 1.673196236044168506e-01 1.585762350261211429e-01 1.510996081680059389e-01 1.447529473900794894e-01 1.393924516066908925e-01 1.348777879774570587e-01 1.310782990045845642e-01 1.278774686716497022e-01 1.251741525158286128e-01 1.228824863536283341e-01
1.198090759339174860e-01 1.168406723777297845e-01 1.148011605049396172e-01 1.132691508285506576e-01 1.121490519719372941e-01 1.113387498787778845e-01 1.107469220896018652e-01 1.103022711377707327e-01 1.099536246136267464e-01 1.096664679695095457e-01 1.094191881905862834e-01 1.091980446603702110e-01 1.089947593477700177e-01 1.088044159785204051e-01 1.086237070945935551e-01 1.084506934593355287e-01 1.082841141545486663e-01 1.081228283827272152e-01 1.079661120733613477e-01 1.078135041033544961e-01
7.288733561958360418e-01 6.460436928522176325e-01 5.723018705553840624e-01 5.018927770336449878e-01 4.325741156042295366e-01 3.682735882322268339e-01 3.142556426801456637e-01 2.724595837455490166e-01 2.413895641450653773e-01 2.182090003842313275e-01 2.002986400913141507e-01 1.857721832927199945e-01 1.734503649727457686e-01 1.626877429679007003e-01 1.531938777212053515e-01 1.448769202452967753e-01 1.377215565461665514e-01 1.317029022541828520e-01 1.267492615373339571e-01 1.227423622843343831e-01
9.333105204539606792e-01 7.546483169932617363e-01 6.056406130176037461e-01 4.924515645205974623e-01 4.109641944000577696e-01 3.529651513742282920e-01 3.110244021690124483e-01 2.798393751638286742e-01 2.559577753290068203e-01 2.371828226698562414e-01 2.221008709352463584e-01 2.097767638787627342e-01 1.995705181919038285e-01 1.910294530726969198e-01 1.838222973793744996e-01 1.777002565935253964e-01 1.724704233929514885e-01 1.679793682321906179e-01 1.641041586175560896e-01 1.607437520148232712e-01
6.070854175828026555e-01 5.523580476444658327e-01 4.972111566294916130e-01 4.416672519966959864e-01 3.900864859670400420e-01 3.457841270416974755e-01 3.098342555016279087e-01 2.815292362868785925e-01 2.593623825907707126e-01 2.417585507035255321e-01 2.274103999137878362e-01 2.153484597802162170e-01 2.049028119444847029e-01 1.956335327029228299e-01 1.872632020711898770e-01 1.796254208683967513e-01 1.726255854964256209e-01 1.662118051946163133e-01 1.603547564893960942e-01 1.550350697338581107e-01
4.648132302555495476e-01 3.885394945319057824e-01 3.318237023435358646e-01 2.887558826895110786e-01 2.554381863633125027e-01 2.293617109852493785e-01 2.088585480402253003e-01 1.927246741486305925e-01 1.800234511710004925e-01 1.700056848895110384e-01 1.620769322197338491e-01 1.557722450704022710e-01 1.507303702166245818e-01 1.466714709250823145e-01 1.433779198681986722e-01 1.406803640269936317e-01 1.384470166679238889e-01 1.365752983564743894e-01 1.349860638519748968e-01 1.336178682936588202e-01
2.683571627365017864e-01 2.236423008274004975e-01 1.932539126602205171e-01 1.723086223757127333e-01 1.577671999814629078e-01 1.475065760694269645e-01 1.401115133483108455e-01 1.346504879531005283e-01 1.305115217177248710e-01 1.272917709306511935e-01 1.247243121769861379e-01 1.226305118551363205e-01 1.208889238745905481e-01 1.194156243835459430e-01 1.181511057470925191e-01 1.170521939406171386e-01 1.160870707989670320e-01 1.152312938845716367e-01 1.144663149490952464e-01 1.137772588338702984e-01
3.918261719365546125e-01 3.335472538162502776e-01 2.893871756724547550e-01 2.532706985529512012e-01 2.235419556032866295e-01 1.998714120499789637e-01 1.816484338045120106e-01 1.678523050621151813e-01 1.574029769934713885e-01 1.493889028951525810e-01 1.431264209840446833e-01 1.381306912656873331e-01 1.340669739153236284e-01 1.307050064578652304e-01 1.278846381139010224e-01 1.254921905696392004e-01 1.234445582667831331e-01 1.216792002339207035e-01 1.201479985577191267e-01 1.188122945677969194e-01
1.938608967512845949e-01 1.787759043648838864e-01 1.680850237421691318e-01 1.597269078344106807e-01 1.531422223243862346e-01 1.479326687837550502e-01 1.437918118957895730e-01 1.404775206558406264e-01 1.377992083780554822e-01 1.356088916328735683e-01 1.337943911016918619e-01 1.322706245491281074e-01 1.309739262796938419e-01 1.298557405592873637e-01 1.288793958723545019e-01 1.280164804926607891e-01 1.272451035294216160e-01 1.265477605315390996e-01 1.259107459706138021e-01 1.253229000204010013e-01
3.959334822744131066e-01 3.554900614917278490e-01 3.240412375330924966e-01 2.983340443670749464e-01 2.772334364056587286e-01 2.596051472425460749e-01 2.444935074448585377e-01 2.312424638867378313e-01 2.194566150009632233e-01 2.089097654819488392e-01 1.994660930335521720e-01 1.910299381613731473e-01 1.835183767601847593e-01 1.768506490811705689e-01 1.709447080548852638e-01 1.657196301082149159e-01 1.610967755038291149e-01 1.570025163043220484e-01 1.533689713699277479e-01 1.501352883692743390e-01
1.560768389254808319e+00 1.294408911466598422e+00 1.007577158645726723e+00 7.510706723969633458e-01 5.544254265543604454e-01 4.187578804441727809e-01 3.305222670239163496e-01 2.742810960020869993e-01 2.381345784105360630e-01 2.142656129412353061e-01 1.978814237937331078e-01 1.861144373286515441e-01 1.772573803737759468e-01 1.702873931732028778e-01 1.645868574641644877e-01 1.597776379785500467e-01 1.556230936129577580e-01 1.519714006024878439e-01 1.487200588861469497e-01 1.457976182905258711e-01
5.580373188277008012e-01 5.014283392477227874e-01 4.481773085391614342e-01 3.944490481074899302e-01 3.407542025588918277e-01 2.906213617813773187e-01 2.484543652634602084e-01 2.163232003251323587e-01 1.933837402384961102e-01 1.774385423935018469e-01 1.663129845166986254e-01 1.583680086323511205e-01 1.525059555694588120e-01 1.480273130073328502e-01 1.444914738020725009e-01 1.416196652288135849e-01 1.392310979260946713e-01 1.372060548485024012e-01 1.354622915084473800e-01 1.339415727043524462e-01
3.815789164230227737e-01 3.448456910438835732e-01 3.100308286026119964e-01 2.772671226598322214e-01 2.471289408393204101e-01 2.199659417942166351e-01 1.961617810465395573e-01 1.760777683928608783e-01 1.598108187317848206e-01 1.470976052852347449e-01 1.374198896477173415e-01 1.301717859182463244e-01 1.247831878569559128e-01 1.207783521991223075e-01 1.177861738274805226e-01 1.155300295492634188e-01 1.138078455242794024e-01 1.124740571784786924e-01 1.114241302188020144e-01 1.105835590639617227e-01
4.972034037439152510e-01 4.164037546923646249e-01 3.578013647955279319e-01 3.145463979730993564e-01 2.821048278893084627e-01 2.573121180528687435e-01 2.380543817773286830e-01 2.228903880412690386e-01 2.108003320917487267e-01 2.010370785347186107e-01 1.930413456720998511e-01 1.863910931564168871e-01 1.807667664595646873e-01 1.759272210195194919e-01 1.716914540517609500e-01 1.679247024143114553e-01 1.645268985451548427e-01 1.614252397118980387e-01 1.585673008387675498e-01 1.559159703687777176e-01
8.974787082895636647e-01 7.861538489907979876e-01 7.001777147501706544e-01 6.282613573712296784e-01 5.549097025008018491e-01 4.740434862254187531e-01 3.908980716956284573e-01 3.153091991372639069e-01 2.547086155461147361e-01 2.107252663736289833e-01 1.807214541200664881e-01 1.608294633473269508e-01 1.477082028868608177e-01 1.389709620515714172e-01 1.330467184734880071e-01 1.289344654724118300e-01 1.260010935590231418e-01 1.238443467861407021e-01 1.222063895213068435e-01 1.209198145178379535e-01
1.351279093464836378e-01 1.332711046980693814e-01 1.322460621036589123e-01 1.313023441703990157e-01 1.304158851271495223e-01 1.295743198890704773e-01 1.287694190221372881e-01 1.279955070442519993e-01 1.272483897767960892e-01 1.265250842703972145e-01 1.258232170285191465e-01 1.251409431378124326e-01 1.244770268769934823e-01 1.238304518535733173e-01 1.232002385711530174e-01 1.225857245264342088e-01 1.219865381508134367e-01 1.214022455073427431e-01 1.208323924546129968e-01 1.202767932298593190e-01
7.136175752175040188e-01 6.469868104211491389e-01 5.910325178623315745e-01 5.396995099348714797e-01 4.892889774784589529e-01 4.351738426979864238e-01 3.715203402628958207e-01 2.999088722127101203e-01 2.339639149011782104e-01 1.853113541651691676e-01 1.543088278799768787e-01 1.357738972280640166e-01 1.248125037036879742e-01 1.182318530759221137e-01 1.141788552540310836e-01 1.116080969612085055e-01 1.099265994851884864e-01 1.087915587783209043e-01 1.080002876617072588e-01 1.074293868694803644e-01
