2.960002056136727400e-01 2.480500960350036643e-01 2.176492048799991696e-01 1.970466747134923813e-01 1.824665294587612119e-01 1.716218726336956046e-01 1.631921966373920396e-01 1.564127102866768870e-01 1.508246003463864227e-01 1.461367706480086737e-01 1.421522627480345524e-01 1.387297538015991316e-01 1.357638713950291287e-01 1.331728572677820799e-01 1.308921773475594796e-01 1.288702104159165085e-01 1.270652937612612721e-01 1.254435136160100273e-01 1.239769241826797902e-01 1.226427260378841338e-01
8.822627558140083703e-01 6.405980753918992798e-01 4.543205506540470839e-01 3.322482852010580356e-01 2.594961194179086217e-01 2.167359045601915668e-01 1.905594824207946791e-01 1.734830697043798775e-01 1.615854948188643891e-01 1.527940293823485396e-01 1.459698589227627907e-01 1.404599221008317744e-01 1.358728926628827993e-01 1.319638964848127149e-01 1.285734189431241292e-01 1.255928787622360709e-01 1.229457477809046406e-01 1.205759217590093579e-01 1.184408457909012224e-01 1.165068213902122757e-01
8.047188223747070435e-01 5.266968128940788807e-01 3.477502919296648343e-01 2.562699214827444116e-01 2.128118906632880669e-01 1.911634201370179531e-01 1.791103703482076481e-01 1.714086076617240828e-01 1.657861304515972634e-01 1.612327340501360506e-01 1.572868833574466441e-01 1.537323755398392611e-01 1.504645787554909353e-01 1.474299242150027556e-01 1.445981646560539902e-01 1.419509378417129208e-01 1.394751048870966903e-01 1.371605644100054588e-01 1.349975127729703683e-01 1.329782350501045596e-01
4.872946496782060155e-01 3.900115668401122337e-01 3.037864233439176997e-01 2.404884576390031725e-01 1.995490234874887359e-01 1.747166524131466836e-01 1.598357666528318066e-01 1.506127899163402506e-01 1.445199858041451013e-01 1.401876216004893649e-01 1.368936884707363799e-01 1.342535429948475134e-01 1.320551454008091208e-01 1.301751926052384101e-01 1.285373154893750258e-01 1.270909097374533225e-01 1.258005437426618356e-01 1.246399504858754920e-01 1.235888444042575474e-01 1.226308888541825515e-01
2.803980135481106140e-01 2.075507810077397153e-01 1.692189761827466998e-01 1.475650694139767349e-01 1.343847619101870838e-01 1.257558741318439421e-01 1.197620954929152493e-01 1.154160139488522030e-01 1.121735695723327791e-01 1.097101943495931708e-01 1.078146811076658163e-01 1.063395939208567204e-01 1.051768519889083042e-01 1.042454127451355878e-01 1.034849148175999295e-01 1.028503846870444244e-01 1.023092353768879498e-01 1.018376869498752030e-01 1.014189767505740691e-01 1.010410506237531120e-01
2.778934039119485555e-01 2.192176012860545531e-01 1.854272533930611533e-01 1.660599701551837004e-01 1.545464425755926630e-01 1.471142961513578484e-01 1.418474713900650386e-01 1.377974315066239908e-01 1.344862662605010029e-01 1.316640991531312366e-01 1.291926631657406566e-01 1.269900526804849383e-01 1.250042804609984293e-01 1.231988237227778921e-01 1.215467370254918883e-01 1.200263979074225051e-01 1.186199149516615203e-01 1.173122372436773697e-01 1.160906609835731795e-01 1.149440946350770848e-01
3.366065188852371826e-01 2.348340256379969904e-01 1.824329406453762126e-01 1.563053054083138604e-01 1.426755332946777477e-01 1.349231198616325789e-01 1.300339107029140073e-01 1.266167490184307021e-01 1.240107370913028778e-01 1.218915684521198334e-01 1.200937237404286900e-01 1.185287823714315930e-01 1.171466012205928525e-01 1.159150749631226024e-01 1.148118387395515999e-01 1.138192341011017572e-01 1.129226592625491299e-01 1.121096035349182785e-01 1.113692155957687613e-01 1.106922115822089880e-01
5.629438221431383171e-01 4.137061257218010990e-01 3.123552635620581164e-01 2.528332902514375813e-01 2.206229555998288627e-01 2.025736025987134870e-01 1.912174464974668864e-01 1.830190256505739022e-01 1.763890168559737459e-01 1.706176571873948000e-01 1.653880356717854772e-01 1.605603318009525549e-01 1.560743166552856498e-01 1.519057820923626345e-01 1.480434520274866439e-01 1.444800184961059220e-01 1.412070335464522819e-01 1.382135227731123572e-01 1.354855924771982134e-01 1.330062884752988006e-01
2.868351505254395084e-01 2.085010612710448130e-01 1.662405348823813300e-01 1.442404555683407252e-01 1.324048131634481262e-01 1.255185718089342206e-01 1.211284482991322881e-01 1.180814318358898163e-01 1.158132218167884225e-01 1.140326784584249215e-01 1.125796328674186914e-01 1.113596831285394717e-01 1.103141801239689856e-01 1.094038531091064276e-01 1.086011310014873693e-01 1.078857817954849418e-01 1.072426101926248487e-01 1.066594916139729371e-01 1.061272380780428626e-01 1.056380316067952602e-01
4.289930665120482711e-01 3.402500460296869478e-01 2.824865423887967797e-01 2.456288534402847334e-01 2.215673603117465917e-01 2.048574714362621230e-01 1.923555369675159499e-01 1.823496436327695924e-01 1.739266569167375598e-01 1.666001959890127115e-01 1.601066239923238654e-01 1.542961635068058890e-01 1.490763277187943381e-01 1.443814794346690300e-01 1.401595625095069519e-01 1.363651026412844580e-01 1.329565511178225357e-01 1.298950769519433279e-01 1.271452270518056982e-01 1.246737230825237935e-01
2.701511049619875759e-01 2.142916579777374986e-01 1.827372274687513731e-01 1.640903757978230681e-01 1.526424742303788551e-01 1.452272786572575691e-01 1.401124715991318159e-01 1.363490398973226658e-01 1.334114775294437949e-01 1.310038500605150980e-01 1.289562238263897709e-01 1.271675753057934233e-01 1.255760883260518268e-01 1.241423795535229191e-01 1.228399662935407838e-01 1.216497154269018249e-01 1.205573221424128816e-01 1.195514758342687833e-01 1.186226006527249383e-01 1.177625976406261599e-01
6.740722786005244327e-01 5.560179848701227723e-01 4.579298919729990480e-01 3.778760681048152215e-01 3.146946879196911850e-01 2.665792980045080252e-01 2.308234227634966274e-01 2.045117252133786812e-01 1.850691989250481118e-01 1.704804258234798864e-01 1.592871576175093618e-01 1.504834070801734924e-01 1.433919276669621545e-01 1.375606438145041410e-01 1.326858719252049790e-01 1.285600013565272037e-01 1.250370482541620643e-01 1.220101684704422984e-01 1.193977709393948261e-01 1.171348838135600062e-01
5.261041915218811482e-01 4.133230046446260686e-01 3.350376580969895990e-01 2.823774517839774401e-01 2.463676025066524611e-01 2.205379033647477671e-01 2.009725423902273267e-01 1.854155116528272695e-01 1.725849827565252848e-01 1.617706856690347139e-01 1.525898893363773767e-01 1.448257004469633014e-01 1.383193837897851997e-01 1.329194432776421297e-01 1.284673336986452419e-01 1.248049825897032811e-01 1.217857755055956614e-01 1.192809219394803250e-01 1.171845035970909554e-01 1.154121468192897682e-01
8.372796578996348771e-01 6.193660510735935487e-01 4.637253736402999760e-01 3.576974585687275887e-01 2.869001375092193329e-01 2.405957773886621132e-01 2.104344120714813360e-01 1.904231836367398512e-01 1.766537667950615342e-01 1.667352159647270959e-01 1.592507540644146624e-01 1.533658286859281294e-01 1.485817596386050377e-01 1.445907219840273650e-01 1.411934578247019123e-01 1.382547780673485383e-01 1.356789226387627445e-01 1.333950307779014077e-01 1.313493430195376288e-01 1.295011054957285468e-01
4.409826444682483082e-01 3.554827436376944982e-01 2.956010626116767348e-01 2.541694960743188791e-01 2.253863077610731014e-01 2.046961399167775975e-01 1.890491710603237063e-01 1.765577901899814672e-01 1.661262054368853602e-01 1.571629590913653507e-01 1.493651694431900878e-01 1.425724819302559010e-01 1.366823939606547356e-01 1.316086603328585625e-01 1.272662006877362806e-01 1.235685236845165541e-01 1.204301827331073632e-01 1.177700240514241159e-01 1.155138043849728985e-01 1.135955776413902635e-01
1.153316405843943349e+00 8.567809153895359353e-01 6.097408074647865384e-01 4.290366799165098999e-01 3.069319276280293440e-01 2.306745170741669460e-01 1.859233550328212858e-01 1.602935000767229112e-01 1.454868068333598774e-01 1.366688303449882236e-01 1.311826320215095654e-01 1.275875921694387127e-01 1.250942029010184420e-01 1.232602730812504821e-01 1.218327651114668730e-01 1.206622831372078514e-01 1.196588717075064839e-01 1.187669957883190353e-01 1.179520062392111907e-01 1.171917818288784469e-01
1.615896173103305855e-01 1.479598848487876372e-01 1.394134385363577089e-01 1.328442995413206540e-01 1.275512150849681392e-01 1.231863025198254025e-01 1.195406213505339071e-01 1.164691271309857279e-01 1.138641436820034825e-01 1.116427421639673428e-01 1.097401113342493795e-01 1.081050660321488943e-01 1.066958977092872379e-01 1.054783540455684898e-01 1.044234226643675351e-01 1.035060820812827853e-01 1.027053211620659601e-01 1.020028595353505846e-01 1.013833330584748144e-01 1.008338584186276449e-01
1.956659858487546366e-01 1.763021156564354985e-01 1.631016076914966195e-01 1.523747126013040576e-01 1.434767771605402198e-01 1.361051451042294413e-01 1.300564275262877378e-01 1.251456724409945320e-01 1.211885784837954810e-01 1.180060209534349314e-01 1.154352035670308391e-01 1.133365097212845340e-01 1.115971505874767955e-01 1.101296535739675203e-01 1.088680941099300914e-01 1.077637291373684941e-01 1.067811322165653082e-01 1.058946434827521405e-01 1.050855320040136598e-01 1.043402853328734697e-01
2.232250810344703629e-01 1.799363718833774384e-01 1.569930906873196474e-01 1.437108120322227456e-01 1.353635441884398494e-01 1.296293326653540079e-01 1.254088598862290460e-01 1.221610531583428444e-01 1.195953059569001137e-01 1.175341603253036715e-01 1.158558693388477001e-01 1.144698430970311209e-01 1.133075760444626212e-01 1.123171079112216808e-01 1.114589694142341658e-01 1.107044772570952712e-01 1.100322887068614364e-01 1.094267130433581731e-01 1.088758512341883034e-01 1.083710264042019866e-01
5.372266492233029878e-01 4.323155106494709909e-01 3.478809143905527979e-01 2.828356480319053068e-01 2.352147433720529202e-01 2.014633212704211584e-01 1.778247787524014634e-01 1.611988659575581684e-01 1.493436839338392053e-01 1.407392732985317807e-01 1.343805520120076868e-01 1.296012817267910566e-01 1.259526092950545850e-01 1.231256224820390377e-01 1.209041823973529967e-01 1.191331717412685981e-01 1.177008564648713285e-01 1.165249679636053831e-01 1.155450809747708280e-01 1.147159149430808656e-01
2.381892911560135051e-01 1.983783463347299492e-01 1.748620605921314686e-01 1.594279498895048164e-01 1.484124460327438944e-01 1.399431044422090042e-01 1.330864875263068903e-01 1.273742436157772329e-01 1.225619452912360408e-01 1.185091146061313383e-01 1.151177340110734748e-01 1.123051071672807599e-01 1.099925616202153816e-01 1.081036172726572847e-01 1.065665323154280503e-01 1.053157643423037332e-01 1.042943819376523640e-01 1.034538476775924143e-01 1.027547109521401575e-01 1.021657673848676562e-01
2.262605383994787112e-01 1.888507711034617398e-01 1.700103287468664459e-01 1.590261425171047571e-01 1.517374522145837623e-01 1.462607121560722534e-01 1.417609294969588429e-01 1.378635349683463573e-01 1.343967513646930345e-01 1.312765983305871353e-01 1.284564176527783208e-01 1.259039830602705357e-01 1.235929724946618069e-01 1.214992410084232699e-01 1.196010373323224546e-01 1.178780679451301716e-01 1.163120465539395770e-01 1.148863927985075833e-01 1.135866836435161509e-01 1.123993076838087357e-01
3.331187713488907298e-01 2.353630763688124850e-01 1.817358995254835519e-01 1.527266179760044806e-01 1.365274697470886256e-01 1.268826189206447574e-01 1.206969886019942373e-01 1.164380362901283605e-01 1.133244902465245507e-01 1.109402476987088465e-01 1.090514896337845124e-01 1.075178067549131811e-01 1.062484408431919325e-01 1.051809265014162498e-01 1.042698143503344027e-01 1.034808734501865557e-01 1.027880900190120822e-01 1.021715726478578251e-01 1.016161563151126712e-01 1.011103781337260449e-01
2.673047705646604544e-01 2.151085372827947206e-01 1.871814038977026862e-01 1.697388364654034421e-01 1.576541383378207706e-01 1.486629008315503708e-01 1.416314091347158077e-01 1.359327366878278487e-01 1.311963710992131438e-01 1.271887084713671234e-01 1.237549870676593888e-01 1.207871829118812440e-01 1.182061655429424707e-01 1.159517356695141665e-01 1.139758340176194873e-01 1.122394991316832541e-01 1.107095188079983972e-01 1.093579541939834615e-01 1.081608871069067862e-01 1.070974358264356885e-01
5.371638355672621046e-01 4.269171638660986812e-01 3.356195804488379397e-01 2.668044078937964469e-01 2.191560879460303091e-01 1.878241428924957157e-01 1.676054828212909242e-01 1.544653795499834892e-01 1.456971321196761093e-01 1.396127660229103673e-01 1.351939033123198963e-01 1.318307659351558025e-01 1.291549621313615170e-01 1.269400632728502343e-01 1.250433968502329685e-01 1.233721671294188138e-01 1.218650666857138271e-01 1.204799504205584515e-01 1.191867716459091703e-01 1.179650899907574019e-01
5.629964931423799834e-01 4.528348926454782708e-01 3.684275321289897098e-01 3.055199518054723673e-01 2.598693294823169464e-01 2.268708027154207330e-01 2.027357614785432749e-01 1.847673800960183133e-01 1.711562192346900713e-01 1.606915895524434756e-01 1.525457447779229037e-01 1.461356718256138221e-01 1.410401694507163461e-01 1.369489636586513348e-01 1.336302768578752909e-01 1.309090086724609137e-01 1.286526780435815476e-01 1.267596787796355651e-01 1.251524752529803719e-01 1.237712044984800724e-01
4.703717218874953754e-01 3.005379650866037422e-01 2.071792314632329990e-01 1.609682549018179865e-01 1.385210829852439873e-01 1.272209118079990764e-01 1.211748642643215162e-01 1.176907771534752151e-01 1.155102017964236422e-01 1.140224978362675695e-01 1.129198563095997060e-01 1.120410917833214587e-01 1.112989496561203884e-01 1.106440666203343387e-01 1.100482708171693913e-01 1.094943320078709814e-01 1.089716141668759519e-01 1.084736832781982296e-01 1.079957226527403641e-01 1.075352038287019224e-01
5.778843917549238984e-01 4.772875236955587686e-01 3.790687274932861284e-01 2.968386576557531797e-01 2.372541441353678282e-01 1.982483063143445079e-01 1.741151404078118414e-01 1.592184143499616733e-01 1.496380843324368604e-01 1.430867142353770272e-01 1.383186997469942892e-01 1.346599669717397640e-01 1.317353305334108826e-01 1.293256502551230480e-01 1.272959428892318223e-01 1.255575479137723827e-01 1.240493558606976937e-01 1.227266375874751236e-01 1.215561811339648524e-01 1.205121195297397252e-01
6.990326614561490626e-01 5.124922447965946093e-01 3.815208875714460879e-01 2.952445853754761540e-01 2.393888190123834581e-01 2.027711193720460880e-01 1.781346269098321444e-01 1.610301578836515479e-01 1.487590255422674146e-01 1.396709014830412321e-01 1.327371234772726782e-01 1.273022610449697778e-01 1.229386002194223643e-01 1.193605105377764652e-01 1.163722589400276730e-01 1.138381281290639924e-01 1.116614230522827711e-01 1.097720900835702229e-01 1.081185035273665579e-01 1.066622685140464488e-01
7.699841426269267153e-01 6.699658544975681806e-01 5.876231184374773875e-01 5.061469246324850069e-01 4.213534668646752857e-01 3.470419359952211513e-01 2.924353174865245708e-01 2.559548529982567100e-01 2.317989563941955655e-01 2.149306496977806125e-01 2.021921111643314450e-01 1.918544839322567086e-01 1.830270150303840715e-01 1.752617256343364793e-01 1.683316750824451480e-01 1.621152723580598920e-01 1.565380097180605057e-01 1.515439902245998283e-01 1.470830667018890314e-01 1.431075176969170692e-01
3.026057465933263413e-01 2.269319771356276827e-01 1.796224680987233979e-01 1.509765848261304111e-01 1.341835160885239131e-01 1.243767049256712248e-01 1.184941295650787652e-01 1.147921409050468300e-01 1.123191359706106618e-01 1.105581903691927464e-01 1.092240504980145493e-01 1.081558876623603255e-01 1.072611233338102432e-01 1.064847509741957826e-01 1.057934823896357623e-01 1.051666147859941641e-01 1.045907219556465872e-01 1.040569308166227752e-01 1.035589932938819346e-01 1.030923913662627478e-01
4.216715109144570373e-01 3.269403125572716839e-01 2.639251512056216553e-01 2.197232051819446585e-01 1.880772585038721356e-01 1.658004873289959935e-01 1.505632243811851345e-01 1.403353793791029536e-01 1.334736017565592292e-01 1.287922118010283168e-01 1.255032463801035170e-01 1.231064607267035177e-01 1.212911498553876366e-01 1.198642780776026512e-01 1.187043786779395371e-01 1.177336149368784363e-01 1.169012609188212065e-01 1.161730566265759962e-01 1.155254852725192960e-01 1.149416592207853638e-01
4.120334735090364076e-01 3.060081753211488786e-01 2.370959087926894360e-01 1.960415316931903296e-01 1.717043390870094388e-01 1.565916561521589756e-01 1.465803264733404054e-01 1.394951712246984277e-01 1.341713281348347608e-01 1.299647899251431260e-01 1.265061069652438086e-01 1.235759621858596863e-01 1.210381726175546596e-01 1.188047598768025570e-01 1.168171199690550555e-01 1.150333584798499953e-01 1.134227191517129529e-01 1.119617913896217981e-01 1.106319861300289614e-01 1.094179985858499959e-01
5.125979856401682300e-01 4.061921131311100885e-01 3.279209818437084367e-01 2.727069400087930306e-01 2.343715003309080336e-01 2.075028260308317829e-01 1.882574201887473597e-01 1.740920461900532235e-01 1.633499756082892329e-01 1.549480408430099487e-01 1.481743884459137961e-01 1.425600699149072170e-01 1.377960742451250498e-01 1.336785649321973191e-01 1.300709258019924208e-01 1.268801876995712397e-01 1.240400119498372145e-01 1.215012349188327734e-01 1.192261759610846600e-01 1.171842977870255764e-01
4.432645399670582242e-01 3.420623689889907837e-01 2.859507493674754985e-01 2.529187627136707528e-01 2.318846001476049523e-01 2.173730052262544676e-01 2.065761513262987237e-01 1.979865556955337502e-01 1.907715656608343080e-01 1.844640905782580498e-01 1.787981066107749983e-01 1.736196829378604811e-01 1.688357996381819326e-01 1.643883752636611517e-01 1.602391680609434876e-01 1.563611424062401056e-01 1.527340505458414655e-01 1.493423200107645288e-01 1.461735533887576766e-01 1.432165175577392868e-01
5.774906668863150072e-01 3.975901441666064851e-01 2.745500306812755364e-01 2.054999845729617025e-01 1.705184331006603382e-01 1.528537802551812874e-01 1.434582356694772964e-01 1.380599870468722790e-01 1.346705284371273459e-01 1.323372100742562785e-01 1.305853555223438767e-01 1.291691812901399339e-01 1.279570954354883883e-01 1.268768097107365878e-01 1.258872166770015621e-01 1.249645083570430915e-01 1.240945691204979051e-01 1.232683165531489045e-01 1.224804700587992512e-01 1.217269211559323661e-01
1.300384431183338130e+00 9.479648067802191047e-01 6.516999610941275334e-01 4.452189368382096224e-01 3.166194587410427475e-01 2.400605476210876110e-01 1.947481080750003424e-01 1.675978151941671934e-01 1.510035812019486778e-01 1.406235590932192192e-01 1.339672605029773034e-01 1.295833674096320554e-01 1.266111936520610548e-01 1.245292852075363110e-01 1.230165687224285820e-01 1.218719595922448246e-01 1.209675916912965471e-01 1.202215442934539136e-01 1.195806962554342989e-01 1.190105605893768403e-01
5.954903618002935772e-01 4.575224490463733473e-01 3.578920179791748590e-01 2.902174494788050674e-01 2.452833752147853263e-01 2.153127445466816448e-01 1.949056805483996846e-01 1.805642903223633744e-01 1.700887528434395779e-01 1.621140205487608954e-01 1.557956156041473139e-01 1.506098023615777548e-01 1.462290613865479816e-01 1.424449639162048697e-01 1.391226629866287035e-01 1.361719488713424575e-01 1.335305800197238435e-01 1.311526517386755464e-01 1.290031725686276443e-01 1.270539903361350420e-01
2.700479514780454449e-01 1.961904247970233106e-01 1.594420622423785849e-01 1.407279275372275151e-01 1.307226455589989289e-01 1.250160646033688649e-01 1.215032051545858888e-01 1.191519815032370394e-01 1.174409589346032540e-01 1.160989406064618368e-01 1.149808173871133543e-01 1.140072729496750953e-01 1.131332976394332918e-01 1.123327450419310536e-01 1.115899499680381296e-01 1.108946600428316748e-01 1.102402583102229938e-01 1.096221836411859774e-01 1.090368028159718894e-01 1.084815025865100285e-01
3.838969184286543102e-01 2.857613229243725073e-01 2.236870281188748644e-01 1.862424005274078698e-01 1.637408638157648866e-01 1.496332236988382747e-01 1.401983231351914549e-01 1.334564756404142960e-01 1.283619834552519046e-01 1.243466050113784110e-01 1.210865379143797327e-01 1.183838420293614052e-01 1.161095754947746167e-01 1.141736333258450004e-01 1.125085509056225480e-01 1.110635720985010261e-01 1.097983063757419636e-01 1.086810631677508354e-01 1.076864309795200758e-01 1.067943361401557933e-01
8.779008224420249418e-01 6.376099764934042291e-01 4.586982559295722517e-01 3.328581776007922821e-01 2.510917374317068740e-01 2.011355736244877235e-01 1.711747430387913493e-01 1.528771428680465727e-01 1.412612452904977445e-01 1.335379013042438667e-01 1.281591712238150660e-01 1.242508370860014172e-01 1.213034924794919728e-01 1.190087929346861917e-01 1.171740945223427866e-01 1.156735055920739830e-01 1.144224630743701648e-01 1.133621958051480721e-01 1.124504394552059278e-01 1.116562260502178133e-01
3.620550555361842227e-01 2.856698129978030853e-01 2.388654386438429367e-01 2.090407946519553528e-01 1.890769013576209523e-01 1.749384515173733334e-01 1.643868176266551073e-01 1.561603027395904175e-01 1.495269213151186605e-01 1.440462610125541609e-01 1.394398922938853425e-01 1.355221388628706225e-01 1.321623737970367141e-01 1.292630109796300553e-01 1.267481844105350364e-01 1.245568383385398242e-01 1.226387727227120222e-01 1.209524603934648140e-01 1.194627805521304292e-01 1.181402357878005155e-01
2.267685879429336693e-01 1.900215891376137722e-01 1.728173508867621444e-01 1.625604359060525972e-01 1.554415494576096568e-01 1.499661432206630673e-01 1.454721961915493023e-01 1.416337035596370586e-01 1.382755180075764534e-01 1.352951790019869815e-01 1.326272839680314175e-01 1.302264857292175226e-01 1.280589981190860260e-01 1.260974419210106057e-01 1.243188245594501473e-01 1.227035376941785216e-01 1.212341351574286880e-01 1.198954717884771481e-01 1.186736327502876526e-01 1.175567110988777197e-01
1.486194674661965032e-01 1.285540098885394333e-01 1.201479301979998110e-01 1.154177701348089585e-01 1.123298744066414667e-01 1.100883276140666583e-01 1.083457569187157854e-01 1.069319097061344342e-01 1.057540482625336092e-01 1.047547405511431856e-01 1.038961587935250397e-01 1.031507418666296888e-01 1.024979166078264781e-01 1.019215526068001088e-01 1.014090433559613341e-01 1.009500718936851560e-01 1.005365149861972840e-01 1.001616209384519618e-01 9.981992971414001270e-02 9.950699742941651604e-02
2.788759220650081083e-01 2.315063949441537317e-01 2.013868673145771115e-01 1.815430722106248229e-01 1.683702838607132324e-01 1.594214841257780846e-01 1.530951438006013521e-01 1.484030594234354850e-01 1.447492737392895024e-01 1.417727859382284794e-01 1.392506435904942996e-01 1.370419755818204632e-01 1.350557061042491069e-01 1.332314308451895968e-01 1.315287668997189019e-01 1.299195895521552402e-01 1.283848778397077561e-01 1.269112388688881654e-01 1.254895992137380623e-01 1.241139334733634275e-01
6.484843679560617913e-01 4.706547771699479132e-01 3.451972657136866407e-01 2.647241435013711341e-01 2.161096415534848325e-01 1.872776497008129537e-01 1.698748758582587504e-01 1.589194047688943234e-01 1.516279940805179693e-01 1.464753839111119782e-01 1.426206135057873359e-01 1.395893763922504138e-01 1.371072143202763938e-01 1.350080279176472664e-01 1.331883722968632278e-01 1.315798240495132665e-01 1.301365620410615542e-01 1.288254226758726861e-01 1.276224930357420795e-01 1.265094589837826855e-01
4.581236137763698979e-01 3.653119471379613903e-01 2.982678016682621114e-01 2.483128158474573743e-01 2.119315853474472433e-01 1.862985012907301952e-01 1.685039249363251279e-01 1.561023445978844404e-01 1.473098199117157392e-01 1.409111011072673170e-01 1.361045786809791103e-01 1.323675459108352714e-01 1.293601490673336185e-01 1.268604485486412026e-01 1.247218758139752026e-01 1.228473312998357853e-01 1.211709154649543013e-01 1.196481356188178330e-01 1.182482280609565284e-01 1.169494741589824083e-01
1.053967426795406892e+00 8.272868674323035076e-01 6.318201200079809343e-01 4.752655717011657344e-01 3.549529816000722149e-01 2.668297927163075789e-01 2.071453283948358204e-01 1.700428945553721927e-01 1.482671804526032033e-01 1.356833293875388258e-01 1.282661328085669128e-01 1.237012236106602298e-01 1.207269820637884572e-01 1.186619828551192801e-01 1.171339386949694084e-01 1.159355712844262615e-01 1.149490087122012477e-01 1.141048337801476020e-01 1.133616532664745991e-01 1.126935150852659689e-01
7.608993718219698721e-01 5.210476373824985963e-01 3.615327313169837131e-01 2.686351302266121177e-01 2.184016466420143909e-01 1.915481395274400700e-01 1.766406177636236086e-01 1.677833420783281237e-01 1.620637471135705776e-01 1.580341831501573258e-01 1.549557104660198026e-01 1.524393098009750314e-01 1.502734262985177260e-01 1.483404180256184257e-01 1.465710809949087035e-01 1.449242230970412548e-01 1.433738748422911102e-01 1.419023887578242660e-01 1.404976109817653307e-01 1.391507482045563071e-01
3.186678245812618049e-01 2.186748036871358769e-01 1.716780025186017133e-01 1.509034261340275462e-01 1.412736044405028257e-01 1.362723040906712313e-01 1.332884047413244732e-01 1.312506890622898992e-01 1.296960547741036751e-01 1.284121568582486383e-01 1.272940645489143152e-01 1.262874930123507600e-01 1.253614949058328432e-01 1.244974252259271469e-01 1.236838139480096327e-01 1.229127284944115661e-01 1.221784854816814897e-01 1.214768847875211527e-01 1.208048880026035415e-01 1.201596615565358600e-01
