7.978853809159772714e-01 7.458655805233865843e-01 6.896149560954654145e-01 6.248859681443719172e-01 5.539016395057660969e-01 4.823677137074992016e-01 4.157191089600382750e-01 3.572443907102569871e-01 3.081641741096973197e-01 2.682993393857032172e-01 2.366721462551504285e-01 2.119624087121337597e-01 1.928199593909084852e-01 1.780335579253733147e-01 1.665960835292935316e-01 1.577061161212623130e-01 1.507451707310974720e-01 1.452432089485228006e-01 1.408457160741090897e-01 1.372870246134698380e-01
7.950999525948827529e-01 7.204159104661084223e-01 6.539789744466543153e-01 5.954057382140308663e-01 5.437948629609309359e-01 4.980017323110951244e-01 4.572321354632731261e-01 4.211539812595583299e-01 3.896324170924285180e-01 3.624616825231350981e-01 3.392804805841296845e-01 3.196088902000338017e-01 3.029204413667321294e-01 2.887001535668969332e-01 2.764798064902425079e-01 2.658522629365325241e-01 2.564758670330047341e-01 2.480685535818338283e-01 2.404016303271055144e-01 2.332921855151653401e-01
1.233158354472834589e-01 1.218365781300235484e-01 1.208804040728136964e-01 1.199790892121382069e-01 1.191301577654667182e-01 1.183362063765525801e-01 1.175989555567503037e-01 1.169187058531679230e-01 1.162939811986871130e-01 1.157223291462287362e-01 1.152005245257168992e-01 1.147248150268569550e-01 1.142913529928773625e-01 1.138963911309838345e-01 1.135362243093550189e-01 1.132072968943975827e-01 1.129065293259918640e-01 1.126308611757121936e-01 1.123776525119319497e-01 1.121446033101528850e-01
2.809447473542968643e-01 2.576362109626643138e-01 2.397830727789551086e-01 2.253046260622795782e-01 2.134262867312645418e-01 2.035692329174162429e-01 1.953041581387651715e-01 1.883071304655459244e-01 1.823285838955780447e-01 1.771742864743464374e-01 1.726913562236586652e-01 1.687592096161097399e-01 1.652821135827980403e-01 1.621837210318699263e-01 1.594027344212542996e-01 1.568895418352258264e-01 1.546039089476107520e-01 1.525129646788991600e-01 1.505898494115899544e-01 1.488118996515277181e-01
1.915222927719150980e-01 1.704128620371921088e-01 1.550738563446793783e-01 1.439671251596882917e-01 1.360767321195453516e-01 1.305019937036558941e-01 1.265535175893455766e-01 1.237358052190393187e-01 1.217029193509370083e-01 1.202166163083165928e-01 1.191129446774721184e-01 1.182798136118799470e-01 1.176395697053521927e-01 1.171385283954441553e-01 1.167389041464775845e-01 1.164144338387995969e-01 1.161461380496621176e-01 1.159207574371248495e-01 1.157283705938607493e-01 1.155620315670967124e-01
5.136391037961584027e-01 4.655949705475904699e-01 4.064790735844507896e-01 3.437137862673262378e-01 2.860119281208608477e-01 2.387468003546933948e-01 2.029750185043667499e-01 1.770869748266704902e-01 1.586921858268760810e-01 1.456415531966041566e-01 1.363097414325238899e-01 1.295550764297649926e-01 1.245993009336234525e-01 1.209126537907286580e-01 1.181340458267368387e-01 1.160135103634092890e-01 1.143765671527944561e-01 1.130990101932548009e-01 1.120915676443837578e-01 1.112896771752275582e-01
5.842448665012528464e-01 4.975925675828694050e-01 4.248143557482398913e-01 3.656740216645994468e-01 3.185516290555824304e-01 2.813542802701703982e-01 2.520358790177851804e-01 2.288346597249619752e-01 2.103354428219608996e-01 1.954432235471904311e-01 1.833309995020135919e-01 1.733754524390678786e-01 1.651100911235698632e-01 1.581830463637015904e-01 1.523277620363395479e-01 1.473393057750945478e-01 1.430603516430710431e-01 1.393674867477966428e-01 1.361631968730216691e-01 1.333691034543900977e-01
1.319159889966249555e+00 1.174397650659084302e+00 1.034938144832849405e+00 9.072741989046335664e-01 7.945286049135029671e-01 6.971368820243515341e-01 6.140121484421797726e-01 5.434323670631420189e-01 4.835694563167635129e-01 4.327410691030672552e-01 3.895013742196852258e-01 3.526388701378891932e-01 3.211434236986497326e-01 2.941765231876979914e-01 2.710402160970846741e-01 2.511497483932180197e-01 2.340160723831650191e-01 2.192271730316860956e-01 2.064381523940392038e-01 1.953565910091856483e-01
6.595846574218012792e-01 5.824569509360663089e-01 5.190667370875999831e-01 4.656038396804069723e-01 4.185903286298707782e-01 3.757921762680052624e-01 3.364988648239523039e-01 3.013100163638591789e-01 2.710534864850342451e-01 2.459886759892105923e-01 2.257392370514571533e-01 2.095740971714258327e-01 1.966823431849479553e-01 1.863297370076179571e-01 1.779154604300856590e-01 1.709760310128331240e-01 1.651642119884491056e-01 1.602239125967025724e-01 1.559670913964509853e-01 1.522547429054975643e-01
1.321192836593400033e-01 1.303819823457161020e-01 1.295806509477551993e-01 1.288922157221532028e-01 1.282868759264238212e-01 1.277457650216820284e-01 1.272551674142596290e-01 1.268048847408499435e-01 1.263874133207718853e-01 1.259967932806466684e-01 1.256285875305184208e-01 1.252792629442410488e-01 1.249461420977604625e-01 1.246269894269062262e-01 1.243201323045650536e-01 1.240242215170292150e-01 1.237381520919734607e-01 1.234609877970069686e-01 1.231920028507011017e-01 1.229305811057565673e-01
5.671989759438657019e-01 5.385205034367390731e-01 5.108866046054754140e-01 4.796063047787174627e-01 4.431087425071746355e-01 4.023032424936536788e-01 3.596870212085195861e-01 3.183533801530847862e-01 2.808923213138768693e-01 2.487200735358055803e-01 2.220999943523201958e-01 2.005616405082401021e-01 1.833375473436899550e-01 1.696350029065797627e-01 1.587468330955016382e-01 1.500855004607001275e-01 1.431759494123980292e-01 1.376432004990056079e-01 1.331927457149140459e-01 1.295951017970219388e-01
5.770678857414759388e-01 5.519612824771320536e-01 5.304435467789880843e-01 5.109623598633333819e-01 4.926700538024306186e-01 4.749395512882619852e-01 4.573754479177296051e-01 4.397663232125341715e-01 4.220277454517781801e-01 4.041415713913738550e-01 3.861115738563239419e-01 3.679547526314854711e-01 3.497301338613033050e-01 3.315790222957730182e-01 3.137388727813958944e-01 2.965123857744038083e-01 2.802055330574512726e-01 2.650671522691845916e-01 2.512497227266430877e-01 2.388042631000280303e-01
4.587604602128703690e-01 4.214972864861556423e-01 3.845702019169403019e-01 3.483875426184386281e-01 3.140300919127912427e-01 2.825084698886348722e-01 2.544882635347312516e-01 2.302116401527746214e-01 2.095810842151126230e-01 1.922869410418934499e-01 1.779228519712341972e-01 1.660610796243418008e-01 1.562979268922936038e-01 1.482732626605138548e-01 1.416774240363883886e-01 1.362504719510252427e-01 1.317760767187792226e-01 1.280772848502420014e-01 1.250095510553091982e-01 1.224554652713686631e-01
4.628263832826632895e-01 4.084475676156580359e-01 3.615040021762251921e-01 3.220864108018577365e-01 2.896522031724452773e-01 2.631572443991899712e-01 2.415146945044398252e-01 2.237795475497841857e-01 2.091842503845691703e-01 1.971172023564577158e-01 1.870895505696535122e-01 1.787109564244747095e-01 1.716671599447727181e-01 1.657061148434877396e-01 1.606250121444463830e-01 1.562603364139795170e-01 1.524804332852363609e-01 1.491789000481367200e-01 1.462703212350607018e-01 1.436853282153606470e-01
6.249275514174951196e-01 5.892965971845114392e-01 5.618650667033215917e-01 5.398911176085493535e-01 5.207387580759291756e-01 5.014166075680259738e-01 4.788416822598082767e-01 4.507679918117355466e-01 4.169375596605005008e-01 3.792579781149106322e-01 3.407217154540558290e-01 3.040110805280710204e-01 2.708145712423720153e-01 2.419061901910754264e-01 2.174191886687185660e-01 1.970774351281579517e-01 1.803939018763776325e-01 1.668159613449938794e-01 1.558091495017288330e-01 1.468975021480582732e-01
1.958298837160691586e-01 1.791940779128344818e-01 1.666942713838125145e-01 1.573244019388221338e-01 1.503739601938286763e-01 1.452243422608421597e-01 1.413852563987893496e-01 1.384873240456181431e-01 1.362593584383284817e-01 1.345070602120540526e-01 1.330916510478709902e-01 1.319151324472841169e-01 1.309079812720301550e-01 1.300215656295767852e-01 1.292213767918292400e-01 1.284836012421874396e-01 1.277916895464295544e-01 1.271345585840754078e-01 1.265047698956914268e-01 1.258978420135099530e-01
5.768947635132645191e-01 5.212365414359374505e-01 4.645255180094682301e-01 4.072219476608006650e-01 3.516624739370308728e-01 3.010016844904748745e-01 2.576066155289299942e-01 2.222832284402102287e-01 1.945504391193390026e-01 1.732779998425394430e-01 1.571825849311426215e-01 1.450874780316371571e-01 1.360171024211467850e-01 1.292062561196507808e-01 1.240746449294965748e-01 1.201904871157603305e-01 1.172349680412378414e-01 1.149737153942223256e-01 1.132339627746841854e-01 1.118880481063388305e-01
4.279142098641022796e-01 3.718889048252374541e-01 3.251558326145459477e-01 2.869007958498513977e-01 2.558989832625957472e-01 2.308054553025226663e-01 2.104331416358036222e-01 1.938133148553333740e-01 1.801860140905773844e-01 1.689637917818617996e-01 1.596920916950330116e-01 1.520134194637648706e-01 1.456420349259860691e-01 1.403455818933434796e-01 1.359325380646623782e-01 1.322447430435568227e-01 1.291520176664926189e-01 1.265473335492424689e-01 1.243426801054738490e-01 1.224664323357865237e-01
1.023485675954725505e+00 9.303175535137415686e-01 8.367086151165130659e-01 7.487837384990416734e-01 6.705138113491284635e-01 6.029240727138562850e-01 5.452536031854652299e-01 4.960556880897911691e-01 4.538517018745187870e-01 4.174010501103475601e-01 3.857466375455260166e-01 3.581676584109663719e-01 3.341126978956163174e-01 3.131410443037748181e-01 2.948827660456299626e-01 2.790139584988355903e-01 2.652435620129108274e-01 2.533070316910743802e-01 2.429638585448264942e-01 2.339969974011182896e-01
6.253311734739690486e-01 5.859475015100906736e-01 5.475826429178646260e-01 5.108074057774149024e-01 4.761264402568212706e-01 4.437668464623857334e-01 4.138134688697755470e-01 3.862717569153755748e-01 3.611002828087657712e-01 3.382279668468982092e-01 3.175605046376586138e-01 2.989841074869036830e-01 2.823699584603309720e-01 2.675743506476283007e-01 2.544439471140503839e-01 2.428192157670855389e-01 2.325389288552105471e-01 2.234454043209552765e-01 2.153896749485283979e-01 2.082349767442792654e-01
3.953747588184342021e-01 3.621133398990787344e-01 3.335151937929913268e-01 3.084362908808520598e-01 2.862329242645227922e-01 2.665485039949999080e-01 2.491670630602493552e-01 2.339142716103651820e-01 2.206141825023223701e-01 2.090792822651565130e-01 1.991138110752217472e-01 1.905222326004877564e-01 1.831202032056171436e-01 1.767374895530519907e-01 1.712236951093654980e-01 1.664463873574277275e-01 1.622919115808326707e-01 1.586636745254509095e-01 1.554802624537842404e-01 1.526740934472763933e-01
3.426359191807569204e-01 3.084988533536670574e-01 2.762190809553430881e-01 2.468033066720818069e-01 2.211199056758778037e-01 1.994322941584869002e-01 1.815834618119333832e-01 1.671640366513747755e-01 1.556563345430186096e-01 1.465348955907393169e-01 1.393229458609130111e-01 1.336167146591469568e-01 1.290880844660569071e-01 1.254773921992455021e-01 1.225822914137779662e-01 1.202466604969958941e-01 1.183504688604489208e-01 1.168010283415424067e-01 1.155270250604371607e-01 1.144729894213378368e-01
9.617774515436030569e-01 8.804145405616146114e-01 8.018097608837706503e-01 7.257709121657535123e-01 6.520088291051797658e-01 5.803185347968247143e-01 5.113627889780036906e-01 4.468521943473024449e-01 3.888535272526496556e-01 3.387981443473836451e-01 2.970139567807200121e-01 2.629145796585362627e-01 2.354434765467885993e-01 2.134367595554794994e-01 1.958220792032807356e-01 1.816923580225557056e-01 1.703111193527001854e-01 1.610958104909513966e-01 1.535903775194310539e-01 1.474397958391546193e-01
3.749513940140605239e-01 3.339964982122182735e-01 2.964238811284303776e-01 2.629271952807903379e-01 2.344428030401468355e-01 2.111983051896095254e-01 1.927843454480171193e-01 1.784513978660106637e-01 1.673780197650194257e-01 1.588210618495941029e-01 1.521726723015308369e-01 1.469607702642679314e-01 1.428289707005024056e-01 1.395121408626437132e-01 1.368132547289133139e-01 1.345860958471894187e-01 1.327216390147805125e-01 1.311379843950271629e-01 1.297733246907591953e-01 1.285809270665049520e-01
1.450340677459098504e-01 1.386545904318336464e-01 1.341743994539137952e-01 1.306893987115472500e-01 1.279301272996235528e-01 1.257187992800027077e-01 1.239303379646025799e-01 1.224732313815911772e-01 1.212784412107430349e-01 1.202920633455505650e-01 1.194712090452412639e-01 1.187813206747159733e-01 1.181944831075634333e-01 1.176883918035582649e-01 1.172454921778989939e-01 1.168519532979735293e-01 1.164972357465961783e-01 1.161732054974345396e-01 1.158736652014340507e-01 1.155939786579983780e-01
3.107821993896504598e-01 2.745445006166118973e-01 2.415188638034669599e-01 2.130531632964084432e-01 1.897192373027809242e-01 1.712784302115323842e-01 1.570723498857114486e-01 1.463058854383416374e-01 1.382179443846689448e-01 1.321592301875352815e-01 1.276134336402174052e-01 1.241854371991939904e-01 1.215809324837755362e-01 1.195828396582510333e-01 1.180325430713128343e-01 1.168138467171229433e-01 1.158422889502253444e-01 1.150554983026813721e-01 1.144079878518823590e-01 1.138659826351795384e-01
1.386673526154481861e-01 1.294314087263774005e-01 1.235181451233802324e-01 1.193847705353982686e-01 1.164778384420787904e-01 1.144110254498082180e-01 1.129233663290506173e-01 1.118390035189804621e-01 1.110389117395970959e-01 1.104413240781286776e-01 1.099900447989057284e-01 1.096454728170647291e-01 1.093796476198258399e-01 1.091724394999619152e-01 1.090093278664971826e-01 1.088795272171228096e-01 1.087753499986956751e-01 1.086907599992036899e-01 1.086213167640994459e-01 1.085637560896952902e-01
3.590147569775581360e-01 3.411500576883554348e-01 3.242457322776317596e-01 3.079723630845546678e-01 2.925217445194721044e-01 2.780064043402671881e-01 2.644784620404243558e-01 2.519460558891296609e-01 2.403866179287433569e-01 2.297593297064304263e-01 2.200114920735359303e-01 2.110844948887825034e-01 2.029171922802925077e-01 1.954479444026946955e-01 1.886174921691417816e-01 1.823698620498180323e-01 1.766528597474098239e-01 1.714194853603839830e-01 1.666266791522502955e-01 1.622353410720825118e-01
4.877213866059901259e-01 4.727236857628492328e-01 4.523766215120018086e-01 4.265222981318674833e-01 3.962573413288918989e-01 3.634326952687843004e-01 3.302692061520429156e-01 2.988586140544612357e-01 2.706736891512991905e-01 2.463361349818296853e-01 2.257840935024432727e-01 2.086102358018979419e-01 1.943193146632984369e-01 1.824464885145425930e-01 1.725885308859869960e-01 1.644020611164160039e-01 1.575955002591945264e-01 1.519227358442731268e-01 1.471782425814308348e-01 1.431918531749397649e-01
2.026120334677398160e-01 1.797798776254057873e-01 1.640879125893116020e-01 1.529268380254507065e-01 1.448876794427633175e-01 1.389659759029746033e-01 1.344908551499247595e-01 1.310200464725494451e-01 1.282596183195710282e-01 1.260118802264332816e-01 1.241420416906476032e-01 1.225561233609914757e-01 1.211877499520778723e-01 1.199889111518859797e-01 1.189249281212687442e-01 1.179695449769496973e-01 1.171035557053983212e-01 1.163119636289775410e-01 1.155833874084055413e-01 1.149088934436440501e-01
5.048280302935745922e-01 4.575334968149399884e-01 4.101940807361825203e-01 3.629546591211692541e-01 3.178485268604742675e-01 2.774441683944314785e-01 2.433024075673893005e-01 2.156363443594383200e-01 1.937530288661946654e-01 1.766162870498374227e-01 1.632108873315155639e-01 1.526899158554442804e-01 1.443919636707869381e-01 1.378115241423802095e-01 1.325639967239885531e-01 1.283570430886175062e-01 1.249662320190691456e-01 1.222196246877501891e-01 1.199838099195585511e-01 1.181552373350586993e-01
7.068896361786756177e-01 6.397243689559399815e-01 5.774886401899856914e-01 5.187868658575461867e-01 4.621187963150441558e-01 4.069595792072004947e-01 3.546471445984207271e-01 3.073048935399856352e-01 2.665531976474448950e-01 2.329984837101073958e-01 2.063380419025016843e-01 1.857057847682153928e-01 1.700207055686041580e-01 1.582165865710703778e-01 1.493639192597038257e-01 1.427090151339325541e-01 1.376690521455566363e-01 1.338065394553268617e-01 1.307990057296592457e-01 1.284115234215278123e-01
5.311975827268906603e-01 5.222450647130790768e-01 5.095667040058833308e-01 4.890644442550911020e-01 4.587476532142318320e-01 4.198408856941386880e-01 3.767265859525650851e-01 3.347468177415430790e-01 2.977267035096883840e-01 2.671139916032552741e-01 2.426357167214155119e-01 2.232912588119506936e-01 2.079825716093182675e-01 1.957659382000565551e-01 1.858976104483008318e-01 1.778125042282044932e-01 1.710887886583805084e-01 1.654123822227120399e-01 1.605508420988917273e-01 1.563314269110560317e-01
4.995493251469702023e-01 4.464553516697924440e-01 3.968157993785416671e-01 3.512846310314125531e-01 3.118601577979279726e-01 2.790598191029857733e-01 2.522142306077148621e-01 2.302088018930680824e-01 2.120023447481071410e-01 1.968022546576685405e-01 1.840333281172206736e-01 1.732641553017310876e-01 1.641593701322562882e-01 1.564499439951032300e-01 1.499156970740296024e-01 1.443731408799067140e-01 1.396687211422249775e-01 1.356727621145546459e-01 1.322755705844610996e-01 1.293846920609939832e-01
3.924682836615829840e-01 3.560110190888371995e-01 3.197206674213521338e-01 2.848778289269738306e-01 2.529969751382077359e-01 2.251128186038840739e-01 2.016360494325636077e-01 1.824366352637298294e-01 1.670479714497923873e-01 1.548636987293139089e-01 1.452747105597518296e-01 1.377394120534881916e-01 1.318081007443833996e-01 1.271216275921324135e-01 1.234002037311438538e-01 1.204278852250718068e-01 1.180395253703318270e-01 1.161080096053956345e-01 1.145363250697016555e-01 1.132492696748113314e-01
3.372343360744707863e-01 3.012324571912177174e-01 2.707019226862394379e-01 2.450439257340622234e-01 2.237308686890173703e-01 2.061535589650679845e-01 1.917256756528513406e-01 1.799150731309782647e-01 1.702540154455346177e-01 1.623425304851661977e-01 1.558475231414195028e-01 1.504961861931951583e-01 1.460679877665825299e-01 1.423861164995469109e-01 1.393089055363088968e-01 1.367233490140642993e-01 1.345392291690222786e-01 1.326841045889887161e-01 1.310997932373720587e-01 1.297394085255177687e-01
5.208119824045570612e-01 5.083194518780601578e-01 4.877364893276467384e-01 4.563178104942926527e-01 4.146775542513205237e-01 3.670334158229525134e-01 3.191857987288676535e-01 2.759232646477300932e-01 2.397070968463958784e-01 2.108797704163589415e-01 1.885764883641968537e-01 1.715398337107035265e-01 1.585648657754063495e-01 1.486569624035564696e-01 1.410481228401522513e-01 1.351630560876901643e-01 1.305761582031118584e-01 1.269737197439826659e-01 1.241234385821735481e-01 1.218520804939907942e-01
1.651327105462551126e+00 1.543307476043701110e+00 1.432754707038402575e+00 1.322162889391183871e+00 1.212357733845710772e+00 1.102625871449709027e+00 9.925208885967731209e-01 8.837275452166796219e-01 7.794298157840967578e-01 6.821220972761511403e-01 5.933576703543076425e-01 5.145110409544577657e-01 4.465187560315462267e-01 3.893830616645573284e-01 3.422481488104676672e-01 3.037868926163897476e-01 2.725582423247396857e-01 2.472176737511290467e-01 2.266071620374350559e-01 2.097728758005541760e-01
7.459187092641513805e-01 6.790010546054691121e-01 6.259971448627765778e-01 5.843029079896950861e-01 5.511163477284003465e-01 5.237363113684841975e-01 4.998509493375604684e-01 4.775410129278316318e-01 4.552494685712736300e-01 4.318249342101626032e-01 4.066296449769288279e-01 3.796616916730999880e-01 3.515639367513358482e-01 3.234380940720438802e-01 2.965072072297334493e-01 2.717752319574355813e-01 2.498339273780584291e-01 2.308604662865400281e-01 2.147267093509435676e-01 2.011325974762439850e-01
3.469549937731062350e-01 2.989101241317985158e-01 2.565808702851063439e-01 2.214930231992548182e-01 1.939023876659941303e-01 1.729439888759225219e-01 1.573394736976479191e-01 1.458244639297481549e-01 1.373344611772336077e-01 1.310473328817170213e-01 1.263563903397880439e-01 1.228230688557960110e-01 1.201347950799390718e-01 1.180681580607779307e-01 1.164633168024011012e-01 1.152048361417837424e-01 1.142088664765469747e-01 1.134136674087494606e-01 1.127736504236236253e-01 1.122546626615803650e-01
4.547747352987062119e-01 3.951731297071091609e-01 3.403971250269387516e-01 2.926500638041761859e-01 2.528887244174257143e-01 2.208699159254320088e-01 1.956715441320375226e-01 1.761209515877999454e-01 1.610674262657994515e-01 1.495104503032803345e-01 1.406350383594690279e-01 1.338012873903781375e-01 1.285180149476582434e-01 1.244126663295901380e-01 1.212046662344073433e-01 1.186831295177398771e-01 1.166891013114135928e-01 1.151026721802190927e-01 1.138329462490582922e-01 1.128105432911070266e-01
4.689808253198862187e-01 4.195847339625470296e-01 3.722882550487702225e-01 3.286846828937268761e-01 2.899567207999643736e-01 2.565496122871991358e-01 2.284066515066660863e-01 2.051379952440038346e-01 1.861670309252804190e-01 1.708505180657129974e-01 1.585608390369452614e-01 1.487304973369464323e-01 1.408739012712612870e-01 1.345874397375155240e-01 1.295445537733030394e-01 1.254846604623890138e-01 1.222019154013105485e-01 1.195348104325239524e-01 1.173571480105602000e-01 1.155697864712445233e-01
6.203244775603525829e-01 6.015586877911118791e-01 5.873162263521226611e-01 5.755970999335113802e-01 5.653966418238269842e-01 5.559857952929724290e-01 5.465855763590405925e-01 5.352064527377115022e-01 5.147491683911493698e-01 4.742041546590888834e-01 4.130675774265546440e-01 3.446934753411914909e-01 2.844812354924215470e-01 2.391720781588810574e-01 2.075386096863076069e-01 1.858026833063922689e-01 1.706345730018802020e-01 1.597465554584459879e-01 1.516820158292102871e-01 1.455255357048008680e-01
6.546881456580012637e-01 5.831742077530361890e-01 5.195518981197665420e-01 4.646834823836979989e-01 4.184301208988472354e-01 3.800862489857217974e-01 3.486531752510927396e-01 3.230109795788302929e-01 3.020447152853011907e-01 2.847367575205862478e-01 2.702160701155662537e-01 2.577724013477563636e-01 2.468502323329448689e-01 2.370307963341474478e-01 2.280114609748125076e-01 2.195851593464613061e-01 2.116210915893316225e-01 2.040460389852523926e-01 1.968298398703336727e-01 1.899697155505418733e-01
5.063203895743936256e-01 4.660875754746666710e-01 4.242344037530733636e-01 3.812411661725491063e-01 3.392365489713847770e-01 3.004460248083342111e-01 2.664346103901334417e-01 2.378598796797450621e-01 2.146068402007222098e-01 1.960872300667688140e-01 1.815180241735652178e-01 1.701112025137990758e-01 1.611682699993252643e-01 1.541141519974917051e-01 1.484941695630550285e-01 1.439586601406335764e-01 1.402428668551146951e-01 1.371482868120074139e-01 1.345264449156820807e-01 1.322672153078019719e-01
4.183650361012041796e-01 3.939542303969627568e-01 3.690133437942131334e-01 3.434119427489713550e-01 3.178102291282266512e-01 2.929310112906386987e-01 2.694448896846733943e-01 2.478668972256127812e-01 2.285065198008669474e-01 2.114716288674390043e-01 1.967077017641713499e-01 1.840519710165426648e-01 1.732830991009541299e-01 1.641597157381693151e-01 1.564454105323316857e-01 1.499235468580445707e-01 1.444024189417541515e-01 1.397180314545403146e-01 1.357316311966042244e-01 1.323273409384546628e-01
5.524958902268372052e-01 5.076373504530852232e-01 4.703234453972636731e-01 4.385392861603759074e-01 4.106083416147157661e-01 3.851343047005502673e-01 3.611332517850678325e-01 3.380416358634829588e-01 3.156645830208435477e-01 2.940776371443644122e-01 2.735070240870118297e-01 2.542199432118013580e-01 2.364445020174753276e-01 2.203278667479753594e-01 2.059253803454339504e-01 1.932106497068889484e-01 1.820952734164893727e-01 1.724511842562787833e-01 1.641291685761825658e-01 1.569743035623832883e-01
2.385911615325312651e-01 2.131347271698177670e-01 1.924961135187186201e-01 1.759592245006933731e-01 1.629574509942904037e-01 1.527903131395578484e-01 1.448268331494182437e-01 1.385558837000280541e-01 1.335816295165568601e-01 1.296025622077286166e-01 1.263904414465650827e-01 1.237733568064868506e-01 1.216215296881273389e-01 1.198363289400003889e-01 1.183429175580386072e-01 1.170843132899608424e-01 1.160162504017352991e-01 1.151046117956866510e-01 1.143226361301594857e-01 1.136490882223006316e-01
5.052632615390939552e-01 4.837334102929162216e-01 4.587081511687211011e-01 4.294762068967974966e-01 3.967802823425017889e-01 3.620595286836032489e-01 3.272311639855615684e-01 2.942314944462850468e-01 2.644482602691277662e-01 2.385251875862013649e-01 2.165111699397675726e-01 1.981098781636694561e-01 1.828782426408724904e-01 1.703438720793928884e-01 1.600610296643572017e-01 1.516348195145837963e-01 1.447272714184305309e-01 1.390562670608051221e-01 1.343900079070590448e-01 1.305402140808291644e-01
4.759885092904187487e-01 4.230332493971218355e-01 3.689240948018505106e-01 3.165164340613410010e-01 2.698236859263852261e-01 2.312035421136533764e-01 2.009448410535696894e-01 1.780526062333956383e-01 1.610713575931731478e-01 1.485796915106766258e-01 1.393958281023515156e-01 1.326133931078167794e-01 1.275667142790553044e-01 1.237767534983049700e-01 1.209019329624425182e-01 1.186985687143169294e-01 1.169919639138970457e-01 1.156565046729519930e-01 1.146009046700783018e-01 1.137579562561586433e-01
