2.176209095120429926e-01 2.160051605105400008e-01 2.149107787013053994e-01 2.139574079215526559e-01 2.131218685209751162e-01 2.123852773010730666e-01 2.117327785491943393e-01 2.111519697308540389e-01 2.106333476305007890e-01 2.101689493656158370e-01 2.097522377967834528e-01 2.093777459859847978e-01 2.090408623218536488e-01 2.087374639511108410e-01 2.084641134738922097e-01 2.082177442312240501e-01 2.079956409335136369e-01 2.077952504158019909e-01 2.076145255565643444e-01 2.074514013528823975e-01
4.027216247655451276e-01 3.910269229859113516e-01 3.784850062802433968e-01 3.650640995800495392e-01 3.511493342742323942e-01 3.371567525342106797e-01 3.234885834157467110e-01 3.104855410009622618e-01 2.984017604589462302e-01 2.873980866372585208e-01 2.775512292981147655e-01 2.688694141805171856e-01 2.613112904131412728e-01 2.548017953336239039e-01 2.492468626797199327e-01 2.445426888763904683e-01 2.405836486816406161e-01 2.372666728496551636e-01 2.344949193298816736e-01 2.321789652109146063e-01
2.490090598911046949e-01 2.430454982817172871e-01 2.381758140027523118e-01 2.339535756409168166e-01 2.303251501917839006e-01 2.272202124446630611e-01 2.245686314254999039e-01 2.223058310151100059e-01 2.203744392096996241e-01 2.187243464589118946e-01 2.173122473061084858e-01 2.161012805998325237e-01 2.150601203739642975e-01 2.141623203456401725e-01 2.133855670690536499e-01 2.127111898362636644e-01 2.121232877671718475e-01 2.116088770329952184e-01 2.111569452285766701e-01 2.107579746842384305e-01
2.785427165031433283e-01 2.726333025097846807e-01 2.674397124350070820e-01 2.624461604654789171e-01 2.577103435993194358e-01 2.532713016867637612e-01 2.491519960761070240e-01 2.453611686825752369e-01 2.418961162865161940e-01 2.387468148767948051e-01 2.358973361551761627e-01 2.333293128013610718e-01 2.310221138596534607e-01 2.289552114903926905e-01 2.271079100668430273e-01 2.254597079753875855e-01 2.239910873770713795e-01 2.226836943626403775e-01 2.215201920270919722e-01 2.204846835136413663e-01
2.666604516655206591e-01 2.651758871600031764e-01 2.639560125395655765e-01 2.628151981160044559e-01 2.617463304102420896e-01 2.607421040534972922e-01 2.597945209592580906e-01 2.588954918086529000e-01 2.580369286984205424e-01 2.572110145539045489e-01 2.564102854579687341e-01 2.556278613209724271e-01 2.548569369316101008e-01 2.540912545472383544e-01 2.533248322457075097e-01 2.525519399344920979e-01 2.517669877409934864e-01 2.509644919633865490e-01 2.501391096413135284e-01 2.492852417379617658e-01
2.302806957811117106e-01 2.285412797331810020e-01 2.272363668680190962e-01 2.260753680765628937e-01 2.250398856401443493e-01 2.241142210364341636e-01 2.232845045626163372e-01 2.225381244719028540e-01 2.218642993271350838e-01 2.212535791099071447e-01 2.206978185474872678e-01 2.201898741722106978e-01 2.197237108647823456e-01 2.192943286895751853e-01 2.188972005248069896e-01 2.185286062955856257e-01 2.181852845847606637e-01 2.178645938634872492e-01 2.175640012323856454e-01 2.172815121710300335e-01
4.242870054766536003e-01 4.126874695345759125e-01 4.004940649867057556e-01 3.878124804049730145e-01 3.749598293751478240e-01 3.622152421623468510e-01 3.498213972896337398e-01 3.379777938127517811e-01 3.268354117870330700e-01 3.164965076744556405e-01 3.070183372497558572e-01 2.984199376404285675e-01 2.906900569796562195e-01 2.837943255901336781e-01 2.776828333735466003e-01 2.722959381341933938e-01 2.675690814852714761e-01 2.634365338087081843e-01 2.598340243101119884e-01 2.567003765702247642e-01
3.174045692384243056e-01 3.106015153229236825e-01 3.049092993140220531e-01 2.997593832015991167e-01 2.950993844866752758e-01 2.908598518371581787e-01 2.869709020853042358e-01 2.833694478869437927e-01 2.800009393692016735e-01 2.768191620707511902e-01 2.737857609987258689e-01 2.708694991469383084e-01 2.680462756752967635e-01 2.652985849976539634e-01 2.626145976781845137e-01 2.599878191947936901e-01 2.574175065755844316e-01 2.549074518680572443e-01 2.524646344780921980e-01 2.500996544957160839e-01
4.804706690460443519e-01 4.703152777161448972e-01 4.579457450844347521e-01 4.437564831599593029e-01 4.285600705444812530e-01 4.131364275887608462e-01 3.980824247747659639e-01 3.837657691538333693e-01 3.703689434379339174e-01 3.579724759608506890e-01 3.466233655810356251e-01 3.363579374551772805e-01 3.271893049776554152e-01 3.190912447869777568e-01 3.119974640011787259e-01 3.058147513866424361e-01 3.004365754127502619e-01 2.957547286152839572e-01 2.916668376326561063e-01 2.880803397297859170e-01
2.985213499644305823e-01 2.954219883162295668e-01 2.919380805664695822e-01 2.879337084433064020e-01 2.834107190859503911e-01 2.784154072124511159e-01 2.730391499958932378e-01 2.674124630168080441e-01 2.616928752698004512e-01 2.560453154519200525e-01 2.506241132318973719e-01 2.455546320229768653e-01 2.409250976145267398e-01 2.367833485826849882e-01 2.331414198130369320e-01 2.299837334454059579e-01 2.272760467231273729e-01 2.249735046178102382e-01 2.230273347347974666e-01 2.213890095800161439e-01
2.244801840931177073e-01 2.228038848191499777e-01 2.215833684802055448e-01 2.205236153304576951e-01 2.196026900410652238e-01 2.188020829856395788e-01 2.181054145097732488e-01 2.174982230365276326e-01 2.169680640101432911e-01 2.165039914846420277e-01 2.160968300700187583e-01 2.157383437454700459e-01 2.154218108952045407e-01 2.151411896944045998e-01 2.148915474116802338e-01 2.146683332324028082e-01 2.144678889214992612e-01 2.142871204018592934e-01 2.141232198476791249e-01 2.139737896621227153e-01
4.257962337136268482e-01 4.111931531131267636e-01 3.970819669216871239e-01 3.836002083867788293e-01 3.711158150434494263e-01 3.598213945329189478e-01 3.497828975319862144e-01 3.409766855835914545e-01 3.333213791251182778e-01 3.267052173614501953e-01 3.210047891736030334e-01 3.160983544588089056e-01 3.118721437454223810e-01 3.082238778471946827e-01 3.050648197531700134e-01 3.023184356093406855e-01 2.999198967218398848e-01 2.978141579031944319e-01 2.959552565217017928e-01 2.943046680092811784e-01
4.823078795569017418e-01 4.696985797211528091e-01 4.545399019122123851e-01 4.372944384440779486e-01 4.189142225682735421e-01 4.004031542688608059e-01 3.826285548508167045e-01 3.662053249776363595e-01 3.514744710922241278e-01 3.385451692342758001e-01 3.273643709719181172e-01 3.177843767404556208e-01 3.096148645877838113e-01 3.026568821072578297e-01 2.967214933037757851e-01 2.916397789120674378e-01 2.872654238343239075e-01 2.834748265147208901e-01 2.801645344495773404e-01 2.772477376461028875e-01
2.332336891070008189e-01 2.307277204096317424e-01 2.285189286619424831e-01 2.264747045189142161e-01 2.245958770811557759e-01 2.228803932666778564e-01 2.213222788274288311e-01 2.199130845069885154e-01 2.186415132135152706e-01 2.174952954798936855e-01 2.164614854007959333e-01 2.155272553116083234e-01 2.146806482970714525e-01 2.139101564139127831e-01 2.132055778056383133e-01 2.125578853487968545e-01 2.119592696428299061e-01 2.114030040800571331e-01 2.108833578228950512e-01 2.103958590328693368e-01
2.654315087199211054e-01 2.644841611385345681e-01 2.638202762603759632e-01 2.631332167983055359e-01 2.624217376112937816e-01 2.616849672794341886e-01 2.609216389060020624e-01 2.601307114958762989e-01 2.593110835552215332e-01 2.584619981050491067e-01 2.575830116868019215e-01 2.566740295290946827e-01 2.557354968786239580e-01 2.547683534026146113e-01 2.537740600109100186e-01 2.527545979619026384e-01 2.517127591371536299e-01 2.506517046689987205e-01 2.495752677321433910e-01 2.484875705838203441e-01
2.472958754003047877e-01 2.447412407398223966e-01 2.425444054603576594e-01 2.404696938395500250e-01 2.385053336620330811e-01 2.366444680094718922e-01 2.348817704617977009e-01 2.332120553404092855e-01 2.316309610009193443e-01 2.301339320838451385e-01 2.287171132862567957e-01 2.273769029974937461e-01 2.261103646457195415e-01 2.249147880077362049e-01 2.237880462408065874e-01 2.227284115552902177e-01 2.217346569895744246e-01 2.208058182895183685e-01 2.199412682652473472e-01 2.191404290497303009e-01
2.451968741416931108e-01 2.431291009485721522e-01 2.415052098035812278e-01 2.398976971209049180e-01 2.383021877706050784e-01 2.367225426435470570e-01 2.351639696955680758e-01 2.336320589482784316e-01 2.321321867406368200e-01 2.306690305471420233e-01 2.292469133436679796e-01 2.278691089153289662e-01 2.265384256839752253e-01 2.252572020888328475e-01 2.240267705917358410e-01 2.228483547270297960e-01 2.217222674190998111e-01 2.206485715508461065e-01 2.196269057691097315e-01 2.186567750573158164e-01
2.392107796669006303e-01 2.351437762379646190e-01 2.320168268680572465e-01 2.292701923847198509e-01 2.268595685064792589e-01 2.247403787076473203e-01 2.228720808029174827e-01 2.212192526459693942e-01 2.197520062327384949e-01 2.184446969628334179e-01 2.172753176093101535e-01 2.162256160378456249e-01 2.152799350023269775e-01 2.144250714778900280e-01 2.136497896909713701e-01 2.129445189237594571e-01 2.123007836937904347e-01 2.117116108536720165e-01 2.111707851290702820e-01 2.106731790304184060e-01
3.251652699708938443e-01 3.117972657084465138e-01 2.989779892563819708e-01 2.868829782307147913e-01 2.759104664623737158e-01 2.662800699472427368e-01 2.580581088364124476e-01 2.511937478184699812e-01 2.455589305609464645e-01 2.409860628098249302e-01 2.372964791953563746e-01 2.343194283545017298e-01 2.319030265510082234e-01 2.299190451204776720e-01 2.282634526491165161e-01 2.268543447554111359e-01 2.256284494698047594e-01 2.245384474098682526e-01 2.235495333373546667e-01 2.226368540525436313e-01
2.815418860130012302e-01 2.769717768952250636e-01 2.725044643506407960e-01 2.680830754153430417e-01 2.637466323375701749e-01 2.595400005951523648e-01 2.555056925117969446e-01 2.516804306209087239e-01 2.480924911051988480e-01 2.447610077261924699e-01 2.416953621059656221e-01 2.388960519433021568e-01 2.363552478700876314e-01 2.340594559162855193e-01 2.319911223649978593e-01 2.301299858093261708e-01 2.284556666016578641e-01 2.269476084411144179e-01 2.255865347385406505e-01 2.243547138571739263e-01
2.648283246532082691e-01 2.625857679545879342e-01 2.604748187959194383e-01 2.583563392609357634e-01 2.562436131015419782e-01 2.541537626460194654e-01 2.521041086688637911e-01 2.501103916764259583e-01 2.481859238445758842e-01 2.463415589928626970e-01 2.445846895873546589e-01 2.429200176149606816e-01 2.413495999574661321e-01 2.398730847984552328e-01 2.384879876673221544e-01 2.371904939413070623e-01 2.359758894145488617e-01 2.348386468738317412e-01 2.337731042504310741e-01 2.327735452353954237e-01
2.625286819040775210e-01 2.610606428235769383e-01 2.598513271659612656e-01 2.585969033837318687e-01 2.572929555922746636e-01 2.559404204040765518e-01 2.545423313975334056e-01 2.531036069989204274e-01 2.516305068135261669e-01 2.501306565105915203e-01 2.486122459173202570e-01 2.470840720832347959e-01 2.455553480982780590e-01 2.440348754823207789e-01 2.425311347842216414e-01 2.410516843199729808e-01 2.396033412218093739e-01 2.381919133663177590e-01 2.368220688402652707e-01 2.354976889491081360e-01
2.549215779453515851e-01 2.520706930384040145e-01 2.496569037437438854e-01 2.474327764287591047e-01 2.453698794543743011e-01 2.434419050067663237e-01 2.416244865953922349e-01 2.398955958336591587e-01 2.382364050298929337e-01 2.366313377022743192e-01 2.350682129710912616e-01 2.335379171371460005e-01 2.320344354957342148e-01 2.305544236302375927e-01 2.290969246625900180e-01 2.276631143689155645e-01 2.262554393708705869e-01 2.248779496550560031e-01 2.235350483655929588e-01 2.222316282987594482e-01
3.570187442004680856e-01 3.499165753275155777e-01 3.430475614219903879e-01 3.362614001333713576e-01 3.295948880165815442e-01 3.230553325265645981e-01 3.166450304538011573e-01 3.103728103637695135e-01 3.042609392106532806e-01 2.983450344204902627e-01 2.926681059598922885e-01 2.872734946012496793e-01 2.821972510218620500e-01 2.774638482928276084e-01 2.730843688547611170e-01 2.690578207373618969e-01 2.653730675578117593e-01 2.620110985636711076e-01 2.589485496282577515e-01 2.561589762568473594e-01
3.716039592958986781e-01 3.551298457384109430e-01 3.392716635391115898e-01 3.241627772152423925e-01 3.101847694069146955e-01 2.975432600080967216e-01 2.863166949152946561e-01 2.764891064167022683e-01 2.679814378917217410e-01 2.606774729490279885e-01 2.544441387802362509e-01 2.491454479098320074e-01 2.446514637768268663e-01 2.408430413901805900e-01 2.376139961183071081e-01 2.348717892169952526e-01 2.325366634130477950e-01 2.305406419932842232e-01 2.288264316320419434e-01 2.273460918664932384e-01
2.486481866240501382e-01 2.464114466309547391e-01 2.446900023519992806e-01 2.431028252840042037e-01 2.416331453621387571e-01 2.402697069942951180e-01 2.390027734637260315e-01 2.378240473568439539e-01 2.367259423434734389e-01 2.357018649578094538e-01 2.347459909319877525e-01 2.338531261682510465e-01 2.330186565220355999e-01 2.322385290265083224e-01 2.315089832246303436e-01 2.308267025649547444e-01 2.301886393129825570e-01 2.295918996632099196e-01 2.290339422225952104e-01 2.285122163593769073e-01
2.357284173369407765e-01 2.344438263773918063e-01 2.334066861867904741e-01 2.323868018388748069e-01 2.313822995126247339e-01 2.303936521708965235e-01 2.294213742017746083e-01 2.284664367139339347e-01 2.275296716392040119e-01 2.266121123731136278e-01 2.257147355377674136e-01 2.248386409878730674e-01 2.239849910140037648e-01 2.231551589071750774e-01 2.223503665626049008e-01 2.215720625221729301e-01 2.208216457068920002e-01 2.201004438102245331e-01 2.194099013507366247e-01 2.187510848045349232e-01
2.517955996654927531e-01 2.498757058568298883e-01 2.483766726031899352e-01 2.470134113729000047e-01 2.457755904272198588e-01 2.446514236927032349e-01 2.436272592470049847e-01 2.426881603151559708e-01 2.418183482438325815e-01 2.410020879656076531e-01 2.402237528562545799e-01 2.394676978886127461e-01 2.387189478427171607e-01 2.379626402258873119e-01 2.371844229847192842e-01 2.363705039024353027e-01 2.355079346895218029e-01 2.345849985629320233e-01 2.335922329127788633e-01 2.325230348110199075e-01
2.831525611877441229e-01 2.813058355450629988e-01 2.799702572822571067e-01 2.786756697297096408e-01 2.774115768074989496e-01 2.761690351366996588e-01 2.749404650926590143e-01 2.737198287248611694e-01 2.725026854872703574e-01 2.712858775258064070e-01 2.700674858689308122e-01 2.688466337323188737e-01 2.676232564449310125e-01 2.663981732726097285e-01 2.651726639270782226e-01 2.639484584331512340e-01 2.627276152372360341e-01 2.615120524168014771e-01 2.603037694096565491e-01 2.591044214367866361e-01
4.048329101642593741e-01 3.920173344248905622e-01 3.779341879207641086e-01 3.630212228931486429e-01 3.480192297883331620e-01 3.335917738825082690e-01 3.202267893403768495e-01 3.082091865316033408e-01 2.976441427320242195e-01 2.885051345080137386e-01 2.806829459220170908e-01 2.740261467546224461e-01 2.683711460977792895e-01 2.635592310130596139e-01 2.594465645402669884e-01 2.559077587723732061e-01 2.528367555141449174e-01 2.501452977955341272e-01 2.477606698870658819e-01 2.456233850121498086e-01
2.909381020069122248e-01 2.880413380265235967e-01 2.859140449762344605e-01 2.840078669786453291e-01 2.822797131538390958e-01 2.806904155015945701e-01 2.792054229974746948e-01 2.777938324213027887e-01 2.764285612106323065e-01 2.750855621695518227e-01 2.737440568208694414e-01 2.723861345648765364e-01 2.709971910715103238e-01 2.695661580562591642e-01 2.680856582522392340e-01 2.665523433685302868e-01 2.649670916795730524e-01 2.633348980545997531e-01 2.616643545031547280e-01 2.599671837687492215e-01
2.335705918073654186e-01 2.326327404379844588e-01 2.320970253646373882e-01 2.315808494389057226e-01 2.310787752270698492e-01 2.305870831012725719e-01 2.301032714545726832e-01 2.296247765421867426e-01 2.291498231887817427e-01 2.286767975986003787e-01 2.282044491171836831e-01 2.277318137884140059e-01 2.272581110894680012e-01 2.267827050387859478e-01 2.263053412735462067e-01 2.258256867527961842e-01 2.253436571359634377e-01 2.248593521118164018e-01 2.243728144466876906e-01 2.238844685256481115e-01
2.540090247988701089e-01 2.529350236058235391e-01 2.522469842433929244e-01 2.515892085433006353e-01 2.509556165337562539e-01 2.503425289690494604e-01 2.497459226846694968e-01 2.491620263457298146e-01 2.485867111384868489e-01 2.480156670510768879e-01 2.474443978071212691e-01 2.468682648241520006e-01 2.462823565304279316e-01 2.456816941499710139e-01 2.450610129535198134e-01 2.444146439433097784e-01 2.437368066608905925e-01 2.430214518308639604e-01 2.422624228894710574e-01 2.414534227550029777e-01
2.781468546390533647e-01 2.768976220488548190e-01 2.760249748826026917e-01 2.751524543762207120e-01 2.742558562755584850e-01 2.733147940039634682e-01 2.723102554678916709e-01 2.712240308523178323e-01 2.700385445356369152e-01 2.687374648451805181e-01 2.673060965538024969e-01 2.657321223616599948e-01 2.640063744783401334e-01 2.621240964531898476e-01 2.600862392783164778e-01 2.579003316164016901e-01 2.555811145901680237e-01 2.531505474448204063e-01 2.506372767686844139e-01 2.480749267339706354e-01
2.830425775051116921e-01 2.806032404303550609e-01 2.786084255576133928e-01 2.767037627100944475e-01 2.748844972252845742e-01 2.731440189480781600e-01 2.714760053157806441e-01 2.698746955394744629e-01 2.683348733186721735e-01 2.668520829081535428e-01 2.654220527410507402e-01 2.640411368012428039e-01 2.627057051658630571e-01 2.614119794964790411e-01 2.601560509204864369e-01 2.589338988065719716e-01 2.577407369017600813e-01 2.565712559223174982e-01 2.554196047782897883e-01 2.542795404791832192e-01
2.456673419475555453e-01 2.442014604806899969e-01 2.432642373442649719e-01 2.423695445060730091e-01 2.415105226635932967e-01 2.406832975149154619e-01 2.398850065469741721e-01 2.391130238771438654e-01 2.383654093742370583e-01 2.376404407620429926e-01 2.369367983937263611e-01 2.362528744339942866e-01 2.355879533290863026e-01 2.349409082531929149e-01 2.343110322952270397e-01 2.336975565552711354e-01 2.330998417735099804e-01 2.325174325704574552e-01 2.319496884942054693e-01 2.313961726427078147e-01
2.381814474612474475e-01 2.349291261285543497e-01 2.322337301820516509e-01 2.298432815074920588e-01 2.277289380878210201e-01 2.258620547503232823e-01 2.242143184691667568e-01 2.227582031488418712e-01 2.214685215055942624e-01 2.203222154080867745e-01 2.192989313602447532e-01 2.183810125291347493e-01 2.175534051656723145e-01 2.168033030629158142e-01 2.161198598146438499e-01 2.154942196607589622e-01 2.149188786745071522e-01 2.143878951668739263e-01 2.138962039351463285e-01 2.134398208558559440e-01
2.956828486919402810e-01 2.876324571669101604e-01 2.805156165361404330e-01 2.739513203501701133e-01 2.679798462986945906e-01 2.625995871424675054e-01 2.577866801619529968e-01 2.535041931271553306e-01 2.497071275115013145e-01 2.463476005196571228e-01 2.433774480223655778e-01 2.407506057620048545e-01 2.384244146943092224e-01 2.363600146770477306e-01 2.345229533314704962e-01 2.328829613327980108e-01 2.314137306809425365e-01 2.300923630595207159e-01 2.288990655541419950e-01 2.278169700503349382e-01
2.402674647420644793e-01 2.384517731517553363e-01 2.370561724901199263e-01 2.357441792637109679e-01 2.344921018928289302e-01 2.332798081636428822e-01 2.320902281999588090e-01 2.309091541171073847e-01 2.297265423089265846e-01 2.285363164544105541e-01 2.273370426893234209e-01 2.261319252848625061e-01 2.249287740886211362e-01 2.237389452755451091e-01 2.225759984552860282e-01 2.214538246393203680e-01 2.203849928081035581e-01 2.193793997168541066e-01 2.184435099363327137e-01 2.175800657272338734e-01
2.161992590129375447e-01 2.149938035011291493e-01 2.142790208756923664e-01 2.136612917482852980e-01 2.131232650578022136e-01 2.126517668366432190e-01 2.122357158362865315e-01 2.118661698698997564e-01 2.115354949235916104e-01 2.112375259399414118e-01 2.109672179818153359e-01 2.107200527191162021e-01 2.104927206039428622e-01 2.102822174131870336e-01 2.100861507654190052e-01 2.099023443460464600e-01 2.097291992604732591e-01 2.095653495192527638e-01 2.094095699489116613e-01 2.092608791589737061e-01
2.305485689640045244e-01 2.293944442272186357e-01 2.287098014354705944e-01 2.280622929334640558e-01 2.274457126855850275e-01 2.268568086624145608e-01 2.262931028008461076e-01 2.257527253031730574e-01 2.252337899804115195e-01 2.247350791096687228e-01 2.242553192377090554e-01 2.237933802604675226e-01 2.233484002947807301e-01 2.229196462035179238e-01 2.225063768029212907e-01 2.221079608798026961e-01 2.217239111661911122e-01 2.213536432385444508e-01 2.209967383742332536e-01 2.206528118252754078e-01
2.402924162149429332e-01 2.374563291668891907e-01 2.353088241815567139e-01 2.334013655781745911e-01 2.317002874612808239e-01 2.301768442988395558e-01 2.288064917922019992e-01 2.275692543387413114e-01 2.264477998018264715e-01 2.254277151823043945e-01 2.244963014125823941e-01 2.236433985829353321e-01 2.228597763180732716e-01 2.221376851201057323e-01 2.214704811573028620e-01 2.208520737290382285e-01 2.202774864435196045e-01 2.197422042489051708e-01 2.192421346902847235e-01 2.187739887833595187e-01
4.648868741188198483e-01 4.508300536684691773e-01 4.357861575111746655e-01 4.202265446633100532e-01 4.048497650027275130e-01 3.901926734298467592e-01 3.766106147319078223e-01 3.642886467278003693e-01 3.532761712372303187e-01 3.435301494598388405e-01 3.349528607726097174e-01 3.274228230118751415e-01 3.208135178685188049e-01 3.150057877600193068e-01 3.098930850625037925e-01 3.053827658295631409e-01 3.013956600427627475e-01 2.978643384575843656e-01 2.947309425473212952e-01 2.919459065794944852e-01
4.279170897975563825e-01 4.159220333024859495e-01 4.036347846686840213e-01 3.912711381167173208e-01 3.792961896210909067e-01 3.680504643917083540e-01 3.577490125596523018e-01 3.484927226603031225e-01 3.402930411696434287e-01 3.331000769138336426e-01 3.268288776278495678e-01 3.213775724172592274e-01 3.166414391994476496e-01 3.125203758478164451e-01 3.089228618144989058e-01 3.057676097750663957e-01 3.029840818047523365e-01 3.005114296078681968e-01 2.982978039979934937e-01 2.962987476587295443e-01
4.295684935897588486e-01 4.200381429307162851e-01 4.092348641157150246e-01 3.965871202945709384e-01 3.818245550990104764e-01 3.653318761289119920e-01 3.480440057814121468e-01 3.309274009615182921e-01 3.147116298973560156e-01 2.998523513972759513e-01 2.865764974057674608e-01 2.749425010383129142e-01 2.648966549336910226e-01 2.563182818889617742e-01 2.490536077320575636e-01 2.429385618865489982e-01 2.378126570582389798e-01 2.335273766517639293e-01 2.299501624703407243e-01 2.269651754200458504e-01
2.622715224884450413e-01 2.591902799531817236e-01 2.563048256188630858e-01 2.535112648084759668e-01 2.508099640160799115e-01 2.482048004120588347e-01 2.457017029076814518e-01 2.433081083744764450e-01 2.410329432040453079e-01 2.388855145871639218e-01 2.368744840472936652e-01 2.350061713904142424e-01 2.332841487228870525e-01 2.317084336280822721e-01 2.302757534384727578e-01 2.289800494909286499e-01 2.278133098781108812e-01 2.267660421133041448e-01 2.258280953764915389e-01 2.249890647828579060e-01
3.223297771066427342e-01 3.159862477332353592e-01 3.101728197187185176e-01 3.046553135663270795e-01 2.994509192556142896e-01 2.945578020066023095e-01 2.899704395234584675e-01 2.856830024719238525e-01 2.816883766651153698e-01 2.779782603681087427e-01 2.745427058637142093e-01 2.713704989850521110e-01 2.684486857056617715e-01 2.657634961605072066e-01 2.633004212379455589e-01 2.610443629324435966e-01 2.589802211523056230e-01 2.570928195118903914e-01 2.553676168620586662e-01 2.537902195751666756e-01
2.502243709564209162e-01 2.462934300303459279e-01 2.431959640979766968e-01 2.404226100444793734e-01 2.379410743713378795e-01 2.357174631953239397e-01 2.337189891934394748e-01 2.319166189432144143e-01 2.302849411964416615e-01 2.288018304109573353e-01 2.274482789635658142e-01 2.262076991796493630e-01 2.250656619668006952e-01 2.240104553103446916e-01 2.230313301086425670e-01 2.221194624900817982e-01 2.212672746181487959e-01 2.204676708579063338e-01 2.197152951359748752e-01 2.190047916769981284e-01
2.567040152847767098e-01 2.504342480003833860e-01 2.452503539621830042e-01 2.406957769393920921e-01 2.367532590031623807e-01 2.333635279536247220e-01 2.304509311914443859e-01 2.279406249523162897e-01 2.257678622007369962e-01 2.238792756199836642e-01 2.222314250469207830e-01 2.207883942127227828e-01 2.195202648639678900e-01 2.184018737077713102e-01 2.174118083715438909e-01 2.165318903326988176e-01 2.157466110587120123e-01 2.150426453351974576e-01 2.144087448716163746e-01 2.138353037834167525e-01
2.907045808434486345e-01 2.860213796794414676e-01 2.820170038938522583e-01 2.782306440174579509e-01 2.746533170342445596e-01 2.712707744538784271e-01 2.680688619613647572e-01 2.650342434644699097e-01 2.621551436185836637e-01 2.594211435317992920e-01 2.568228586018085347e-01 2.543512697517871790e-01 2.519987055659294040e-01 2.497576633095741350e-01 2.476219010353088446e-01 2.455847898125648465e-01 2.436410984396934487e-01 2.417851927876472351e-01 2.400125080347061124e-01 2.383185182511806388e-01
