2.567438369989394897e-01 2.444667556881904569e-01 2.362120258808136086e-01 2.299177774786949069e-01 2.248760762810707026e-01 2.207074907422065801e-01 2.172280940413474914e-01 2.143292739987373297e-01 2.119229900836944458e-01 2.099273705482482821e-01 2.082670789957046520e-01 2.068761552870273523e-01 2.056994172930717568e-01 2.046922281384468134e-01 2.038194726407527857e-01 2.030537299811840113e-01 2.023738043010234744e-01 2.017633894085884005e-01 2.012099692225456371e-01 2.007037779688835011e-01
2.572955203056335183e-01 2.419792947173118602e-01 2.296114569902419911e-01 2.201039992272853796e-01 2.133824083209037714e-01 2.087924489378929216e-01 2.056347890198230721e-01 2.033901083469390747e-01 2.017262424528598885e-01 2.004396525025367859e-01 1.994063718616962411e-01 1.985486835241317694e-01 1.978170053660869565e-01 1.971782891452312503e-01 1.966101852059364274e-01 1.960970021784305684e-01 1.956279347836971383e-01 1.951949612796306521e-01 1.947919112443924072e-01 1.944146785140037637e-01
2.267765545845031872e-01 2.228437960147857666e-01 2.198301786184310991e-01 2.171090918779373102e-01 2.146271915733814206e-01 2.123526418209076005e-01 2.102648068964481365e-01 2.083483897149562836e-01 2.065896955132484336e-01 2.049756461381912198e-01 2.034929542243480716e-01 2.021291171014308885e-01 2.008720351755619027e-01 1.997103641927242268e-01 1.986341114342212721e-01 1.976341032981872581e-01 1.967025670409202620e-01 1.958325201272964611e-01 1.950178000330924921e-01 1.942531782388687012e-01
2.188442932069301627e-01 2.109125371277332239e-01 2.061599330604076408e-01 2.026388785243034285e-01 1.999171148240566354e-01 1.977512302994728077e-01 1.959904444217681896e-01 1.945348496735095911e-01 1.933161327987909239e-01 1.922860258817672696e-01 1.914088764786720243e-01 1.906562335789203644e-01 1.900049021840095609e-01 1.894354581832885798e-01 1.889316846430301733e-01 1.884805676341056724e-01 1.880718892812728860e-01 1.876975528895855061e-01 1.873513659834861733e-01 1.870285947620868583e-01
2.348972463607787997e-01 2.246740302443504256e-01 2.161598995327949635e-01 2.089284589886665211e-01 2.030870930850505740e-01 1.984986345469951508e-01 1.949222922325134222e-01 1.921205386519432012e-01 1.899023994803428761e-01 1.881244060397148088e-01 1.866798213124275241e-01 1.854895669221877930e-01 1.844946022331714619e-01 1.836506737768650033e-01 1.829247052967548359e-01 1.822912174463272028e-01 1.817312695086002461e-01 1.812299412488937445e-01 1.807758595049381301e-01 1.803606247901916593e-01
2.469070121645927374e-01 2.416467183828353849e-01 2.379919922351837192e-01 2.346788668632507346e-01 2.316174833476543349e-01 2.287566857039928514e-01 2.260673843324184362e-01 2.235339008271694239e-01 2.211482490599155359e-01 2.189067102968692835e-01 2.168076491355895863e-01 2.148493659496307495e-01 2.130291788280010146e-01 2.113424061238765583e-01 2.097828076779842399e-01 2.083422172069549494e-01 2.070117847621441021e-01 2.057822662591934082e-01 2.046454285085201330e-01 2.035940735042095218e-01
2.802672708034515403e-01 2.682292801141739069e-01 2.586357086896896584e-01 2.505041617155074896e-01 2.435469019412994374e-01 2.375501295924186684e-01 2.323630791902542014e-01 2.278727847337722878e-01 2.239859601855277993e-01 2.206206488609313843e-01 2.177028203010559215e-01 2.151668637990951649e-01 2.129556211829185530e-01 2.110215866565704479e-01 2.093254896998405501e-01 2.078349764645099629e-01 2.065226851403713093e-01 2.053649793565273385e-01 2.043406833708286408e-01 2.034306660294532831e-01
2.524082404375076472e-01 2.410623598098754761e-01 2.312810811400413391e-01 2.226078528165817139e-01 2.149996039271354631e-01 2.086135965585708685e-01 2.036148902773857183e-01 1.998838667571544714e-01 1.971276561915874526e-01 1.950528857111930858e-01 1.934354789555072784e-01 1.921229727566242107e-01 1.910168959200382321e-01 1.900544427335262299e-01 1.891956791281700079e-01 1.884148679673671722e-01 1.876947501301765575e-01 1.870239238440990492e-01 1.863943062722683008e-01 1.858001792430877819e-01
2.462469595670700173e-01 2.366803705692291371e-01 2.305340194702148460e-01 2.261042252182960399e-01 2.228801199793815635e-01 2.204756736755371094e-01 2.186233969032764513e-01 2.171441236138343944e-01 2.159191153943538777e-01 2.148700429499149356e-01 2.139448143541812786e-01 2.131082808971405118e-01 2.123365095257759017e-01 2.116127347946167025e-01 2.109253931045532160e-01 2.102659131586551711e-01 2.096283766627311806e-01 2.090084189176559526e-01 2.084026174247264884e-01 2.078085143864154827e-01
2.973349812626838728e-01 2.884880542755127175e-01 2.803247439861297763e-01 2.718945166468620389e-01 2.631483593583107128e-01 2.542039242386817666e-01 2.453864622116088967e-01 2.371274650096893422e-01 2.297955083847045832e-01 2.235745109617710003e-01 2.184543713927268871e-01 2.142975160479545504e-01 2.109183956682681993e-01 2.081375437974929687e-01 2.058057162165641829e-01 2.038095010071993007e-01 2.020658054202794929e-01 2.005163292586803481e-01 1.991207084804773320e-01 1.978515250980854012e-01
2.409014275670051664e-01 2.357784000039100658e-01 2.322457095980644259e-01 2.292874123156070643e-01 2.267983753979206096e-01 2.247099618613719874e-01 2.229372513294219926e-01 2.213953359425067935e-01 2.200181837379932281e-01 2.187626618146896462e-01 2.176041494309902125e-01 2.165295277535915497e-01 2.155309006571769770e-01 2.146018588542938366e-01 2.137357783317565818e-01 2.129253351688384921e-01 2.121634317934513181e-01 2.114439649879932270e-01 2.107618579268455417e-01 2.101129204034805353e-01
2.682208716869354248e-01 2.565429499745369157e-01 2.471325084567070063e-01 2.392645740509033170e-01 2.326337692141532965e-01 2.269441854953765936e-01 2.219815856218337879e-01 2.176091945171356179e-01 2.137390735745429982e-01 2.103070700168609697e-01 2.072613403201103155e-01 2.045590755343437150e-01 2.021651209890842349e-01 2.000501039624214272e-01 1.981883244216442186e-01 1.965559405088424805e-01 1.951300343871116560e-01 1.938883854448795185e-01 1.928095406293869052e-01 1.918731249868869670e-01
2.185848875343799624e-01 2.165568883717060022e-01 2.155271305143833249e-01 2.146573795378208249e-01 2.138795430958271016e-01 2.131594051420688529e-01 2.124776235222816390e-01 2.118226559460163194e-01 2.111873692274093550e-01 2.105667988955974568e-01 2.099578349292278157e-01 2.093579562008380801e-01 2.087653681635856517e-01 2.081784290075302246e-01 2.075959993898868483e-01 2.070167542994022503e-01 2.064398168027400948e-01 2.058642250299453635e-01 2.052890205383300914e-01 2.047137139737605915e-01
2.224333967268466994e-01 2.150108495354652316e-01 2.104071103036403712e-01 2.073011857271194469e-01 2.051663021743297677e-01 2.036327907443046537e-01 2.024634279310703333e-01 2.015140527486801170e-01 2.006989152729511394e-01 1.999675492942333266e-01 1.992899733781814675e-01 1.986483021080494016e-01 1.980319277942180767e-01 1.974345834553241641e-01 1.968530896306038003e-01 1.962859551608562569e-01 1.957331930100917883e-01 1.951952630281448275e-01 1.946732275187969263e-01 1.941683249175548687e-01
3.039024624228477411e-01 2.794775143265724182e-01 2.637947857379913108e-01 2.535526564717292541e-01 2.467673185467720021e-01 2.421109387278556901e-01 2.387751343846321039e-01 2.362700054049491905e-01 2.342945036292076177e-01 2.326620280742645319e-01 2.312580114603042525e-01 2.300122791528701749e-01 2.288825914263725170e-01 2.278430101275444042e-01 2.268767932057380587e-01 2.259721180796623319e-01 2.251195669174194391e-01 2.243105065822601218e-01 2.235368484258651867e-01 2.227906537055969194e-01
2.171716804057359784e-01 2.135975196957588251e-01 2.113265524804592010e-01 2.092742706090211791e-01 2.074205998331308254e-01 2.057561086863279320e-01 2.042708756774663792e-01 2.029538835585117384e-01 2.017932224273681630e-01 2.007756292074918680e-01 1.998872415721416607e-01 1.991134155541658401e-01 1.984393949061632190e-01 1.978502254188060638e-01 1.973320214450359211e-01 1.968719144165515800e-01 1.964584596455097310e-01 1.960820297896861963e-01 1.957347658276557822e-01 1.954103793203830763e-01
2.713211391866207078e-01 2.513965225219726429e-01 2.385340502858162015e-01 2.299674230813980036e-01 2.240854802727699213e-01 2.198267835378646951e-01 2.165836191177368253e-01 2.140099699795246224e-01 2.118981565535068556e-01 2.101138070225715693e-01 2.085665987432002988e-01 2.071933001279830933e-01 2.059501844644546498e-01 2.048069432377815358e-01 2.037426418066024814e-01 2.027427284419536513e-01 2.017972804605960846e-01 2.008995600044727325e-01 2.000444303452968697e-01 1.992285530269145843e-01
3.134063383936881997e-01 2.977891048789024220e-01 2.842939841747283980e-01 2.718724003434181413e-01 2.603722989559173473e-01 2.495239055156707741e-01 2.394234839081764155e-01 2.306020146608352694e-01 2.235358229279518216e-01 2.182620319724082880e-01 2.144659142196178314e-01 2.117400267720222495e-01 2.097380201518535547e-01 2.082119803130626778e-01 2.069976979494094760e-01 2.059899958968162414e-01 2.051219479739666007e-01 2.043506391346454620e-01 2.036482621729373832e-01 2.029964716732501895e-01
2.296667879819870028e-01 2.246739153563976354e-01 2.210450410842895452e-01 2.176374414563179149e-01 2.144640052318572965e-01 2.115393581986427241e-01 2.088691769540309828e-01 2.064505910873413175e-01 2.042730619013309601e-01 2.023207968473434426e-01 2.005749371647834733e-01 1.990148504078388114e-01 1.976200209558010013e-01 1.963705456256866488e-01 1.952482342720031627e-01 1.942366054654121321e-01 1.933211754262447457e-01 1.924892829358577639e-01 1.917301358282565982e-01 1.910343986749649114e-01
2.718722710013389832e-01 2.617168498039245672e-01 2.521302875876426652e-01 2.425106191635131858e-01 2.337909927964210433e-01 2.265778231620788619e-01 2.209649185836315144e-01 2.167272931337356490e-01 2.135451553761958943e-01 2.111266173422336467e-01 2.092452429234981648e-01 2.077380132675170910e-01 2.064920066297054324e-01 2.054300589859485715e-01 2.044995056092739072e-01 2.036638948321342346e-01 2.028982804715633304e-01 2.021849983930587846e-01 2.015118560194969211e-01 2.008697417378425554e-01
2.404783999919891391e-01 2.344772306084632885e-01 2.303787839412689276e-01 2.269479814171791177e-01 2.238887587189674344e-01 2.211131006479263306e-01 2.185962170362472645e-01 2.163289517164230236e-01 2.143024547398090229e-01 2.125024576485156913e-01 2.109081067144870647e-01 2.094946779310703222e-01 2.082357789576053664e-01 2.071070010960102126e-01 2.060869483649730716e-01 2.051575383543968178e-01 2.043047116696834475e-01 2.035165379941463459e-01 2.027835889160632954e-01 2.020982006192207359e-01
2.639758622646331543e-01 2.435735484957695096e-01 2.299805280566215582e-01 2.208196496963500954e-01 2.147010570764541493e-01 2.105227634310722351e-01 2.075622555613517717e-01 2.053764672577381156e-01 2.036967270076274761e-01 2.023572471737861700e-01 2.012535321712493885e-01 2.003176119923591736e-01 1.995043604075908694e-01 1.987832005321979456e-01 1.981328108906745822e-01 1.975381886959075850e-01 1.969885678589343991e-01 1.964760833978652921e-01 1.959953223168849901e-01 1.955418908596038841e-01
2.433427420258522100e-01 2.383694651722907953e-01 2.345911291241645769e-01 2.311464187502861034e-01 2.279510504007339344e-01 2.249467107653617959e-01 2.221033537387847867e-01 2.194147056341171353e-01 2.168881860375404258e-01 2.145343062281608593e-01 2.123589178919792209e-01 2.103597077727317743e-01 2.085266725718974978e-01 2.068451650440693013e-01 2.052982497215271041e-01 2.038693329691886880e-01 2.025433266162872392e-01 2.013072699308395275e-01 2.001502560079097826e-01 1.990631760656833560e-01
2.370675525069236844e-01 2.304825362563133195e-01 2.260773766040801991e-01 2.225257444381713856e-01 2.196172490715980474e-01 2.171967868506908539e-01 2.151514209806918987e-01 2.133991834521293540e-01 2.118802304565906569e-01 2.105500078201293923e-01 2.093748691678047058e-01 2.083284832537174169e-01 2.073896931111812725e-01 2.065411162376403764e-01 2.057680535316467330e-01 2.050578682124614693e-01 2.043998932838440030e-01 2.037847283482551453e-01 2.032043692469596985e-01 2.026521183550357708e-01
2.755968937277794018e-01 2.618346521258353987e-01 2.503433340787887817e-01 2.410456025600433427e-01 2.340332168340683028e-01 2.289498357474804013e-01 2.253004883229732525e-01 2.226403571665286907e-01 2.206377205252647300e-01 2.190681008994579404e-01 2.177868556976318426e-01 2.167026501893997148e-01 2.157580853998661008e-01 2.149164018034935009e-01 2.141534426808357205e-01 2.134529609978199072e-01 2.128037464618682817e-01 2.121972213685512643e-01 2.116273257136344899e-01 2.110892499983310633e-01
2.464894697070121876e-01 2.388755550980568021e-01 2.331174415349960283e-01 2.283558881282806430e-01 2.244466087222099226e-01 2.212375307083129794e-01 2.185928827524185047e-01 2.164008536934852733e-01 2.145725327730178822e-01 2.130377571284770843e-01 2.117413724958896737e-01 2.106391729414462954e-01 2.096953603625297535e-01 2.088811522722244240e-01 2.081732602417468991e-01 2.075528630614280612e-01 2.070046274363994687e-01 2.065160582959651991e-01 2.060772325098514657e-01 2.056796397268772225e-01
2.514587178826331870e-01 2.396183037757873557e-01 2.310892194509506226e-01 2.244351941347122181e-01 2.192636881768703361e-01 2.151901997625827734e-01 2.119085477292537711e-01 2.092032030224800221e-01 2.069291679561138242e-01 2.049886238574981645e-01 2.033115482330322132e-01 2.018455408513545879e-01 2.005489970743656036e-01 1.993884907662868411e-01 1.983371818065643444e-01 1.973739884793758448e-01 1.964829222857952251e-01 1.956523400545120139e-01 1.948739124834537595e-01 1.941422446072101626e-01
2.510509604215622192e-01 2.422046971321105968e-01 2.348897206783294722e-01 2.290358093380928106e-01 2.246736407279968373e-01 2.215535795688629017e-01 2.193481397628784246e-01 2.177705296874046237e-01 2.166100625693798132e-01 2.157245564460754383e-01 2.150221538543701238e-01 2.144437822699546692e-01 2.139514990150928608e-01 2.135203434526920241e-01 2.131335680186748627e-01 2.127793499827385082e-01 2.124493423104286127e-01 2.121369649469852514e-01 2.118373325467109713e-01 2.115463285148143635e-01
2.200577124953269903e-01 2.162176135182380665e-01 2.141579760611057315e-01 2.125565069913864236e-01 2.112498310208320573e-01 2.101391713321208998e-01 2.091629736125469319e-01 2.082820515334606049e-01 2.074702855944633439e-01 2.067099568247795227e-01 2.059882709383964450e-01 2.052963493764400349e-01 2.046275995671749115e-01 2.039771404862403825e-01 2.033414399623870716e-01 2.027178668975830045e-01 2.021045169234275685e-01 2.014999771118164140e-01 2.009031453728675753e-01 2.003134998679161061e-01
2.424721002578735241e-01 2.367102958261966816e-01 2.317007836699485901e-01 2.269067730009555750e-01 2.225159361958503612e-01 2.186857727169990440e-01 2.154857400059700112e-01 2.128956750035286005e-01 2.108356659114360709e-01 2.092025062441825733e-01 2.078947721421718631e-01 2.068260821700096119e-01 2.059283028542995553e-01 2.051502788066864036e-01 2.044549351930618208e-01 2.038157013058662370e-01 2.032141616940498219e-01 2.026373906433582284e-01 2.020763763785362321e-01 2.015249174833297630e-01
2.547168722748756609e-01 2.479631152749061651e-01 2.412589877843856756e-01 2.342623701691627369e-01 2.274871680140495289e-01 2.215359747409820501e-01 2.167431785166263614e-01 2.131003500521183036e-01 2.103984023630618982e-01 2.083834388852119357e-01 2.068382199108600716e-01 2.056020076572895039e-01 2.045643733441829815e-01 2.036516542732715596e-01 2.028160133957862821e-01 2.020268367230892148e-01 2.012649467587470931e-01 2.005186676979064941e-01 1.997815306484699294e-01 1.990504975616931849e-01
3.527862004935741203e-01 3.128015726804733165e-01 2.812991330027580505e-01 2.596145582199096413e-01 2.454321810603141696e-01 2.359097787737846341e-01 2.291075488924980141e-01 2.238777661323547441e-01 2.195631998777389515e-01 2.158094280958175737e-01 2.124556663632392872e-01 2.094578877091407831e-01 2.068224784731864940e-01 2.045574535429477703e-01 2.026486322283744812e-01 2.010578337311744734e-01 1.997337876260280587e-01 1.986228352785110451e-01 1.976769039034843578e-01 1.968564751744270314e-01
3.089783883094787686e-01 2.891588121652602927e-01 2.719251999258995300e-01 2.575991490483284241e-01 2.465382710099220387e-01 2.381497254967689381e-01 2.316842260956764321e-01 2.265918207168579057e-01 2.225133568048477117e-01 2.192040649056434531e-01 2.164844568073749642e-01 2.142169380187988192e-01 2.122951608896255504e-01 2.106383921205997600e-01 2.091863913834094979e-01 2.078952397406101105e-01 2.067332071065902666e-01 2.056772464513778598e-01 2.047110290825366885e-01 2.038225273787975245e-01
2.747821247577666992e-01 2.617898258566856429e-01 2.524597212672233804e-01 2.452147156000137329e-01 2.395633244514465410e-01 2.350918158888816722e-01 2.314977496862411499e-01 2.285667273402214039e-01 2.261457204818725641e-01 2.241214036941528431e-01 2.224061512947082542e-01 2.209303903579711847e-01 2.196372033655643596e-01 2.184798415005207162e-01 2.174196445941924960e-01 2.164251168072223730e-01 2.154705590009689253e-01 2.145358224213123333e-01 2.136054114997386899e-01 2.126688945293426503e-01
2.773125761747360363e-01 2.589257732033729553e-01 2.468477818369865517e-01 2.383126738667488143e-01 2.321227598190307717e-01 2.274930569529533264e-01 2.239096349477767978e-01 2.210324198007583563e-01 2.186450222134590227e-01 2.166118274629116047e-01 2.148460270464420396e-01 2.132890431582927793e-01 2.118992681801319111e-01 2.106455050408840290e-01 2.095037370920181385e-01 2.084545518457889546e-01 2.074824230372905864e-01 2.065747582912444980e-01 2.057212229073047682e-01 2.049137172102928062e-01
2.653082728385925404e-01 2.551031056046486056e-01 2.477226346731185858e-01 2.417024743556976385e-01 2.367148143053054710e-01 2.325114175677299444e-01 2.289042437076568570e-01 2.257529978454113073e-01 2.229560215771198284e-01 2.204427343606948919e-01 2.181634882092475802e-01 2.160828979313373643e-01 2.141740353405475750e-01 2.124150569736957539e-01 2.107878842949867382e-01 2.092767143249511796e-01 2.078678339719772228e-01 2.065492281317710954e-01 2.053105889260768979e-01 2.041428987681865592e-01
2.580782264471054299e-01 2.492011970281600985e-01 2.418803891539573758e-01 2.353087908029556363e-01 2.293658587336540322e-01 2.239601501822471585e-01 2.190800273418426480e-01 2.147896748781204235e-01 2.111518324911594302e-01 2.081609968841075797e-01 2.057417450845241413e-01 2.037857107818126789e-01 2.021854946017265231e-01 2.008508448302745719e-01 1.997127135097980510e-01 1.987207210063934304e-01 1.978387995064258553e-01 1.970417492091655620e-01 1.963115397095680226e-01 1.956356988847255673e-01
2.697196528315544128e-01 2.554534876346588046e-01 2.445754614472389343e-01 2.359498134255409163e-01 2.290507957339286693e-01 2.234209406375884943e-01 2.187642750144004888e-01 2.148859053850173950e-01 2.116254539787769395e-01 2.088401825726032279e-01 2.064162212610244629e-01 2.042710155248642079e-01 2.023483043909072854e-01 2.006091907620430048e-01 1.990257796645164556e-01 1.975775894522666942e-01 1.962484143674373682e-01 1.950255510210990861e-01 1.938980364799499645e-01 1.928562989830970853e-01
2.184930011630058233e-01 2.132833772897720359e-01 2.106135727465152652e-01 2.086907048523426178e-01 2.072023154795169797e-01 2.059857575595378798e-01 2.049511078000068598e-01 2.040454065799713057e-01 2.032358159124851293e-01 2.025004480779170890e-01 2.018241328001022239e-01 2.011953039467334614e-01 2.006052151322364752e-01 2.000469247996806976e-01 1.995142880082130532e-01 1.990025512874126490e-01 1.985075315833091658e-01 1.980254720151424508e-01 1.975535774230957053e-01 1.970889288187026855e-01
3.854766774177551536e-01 3.580218365788459534e-01 3.317975707352161518e-01 3.091090059280395264e-01 2.905152185261249409e-01 2.755133982002735404e-01 2.634864425659179665e-01 2.538059613108634704e-01 2.458723443746566872e-01 2.392088446021080061e-01 2.335033401846885737e-01 2.285787937045097307e-01 2.243316754698753412e-01 2.206781721115112227e-01 2.175313296914100636e-01 2.148017759621143330e-01 2.124060304462909721e-01 2.102744919061660667e-01 2.083533124625682742e-01 2.066028198599815235e-01
2.672680592536926247e-01 2.552501845359802513e-01 2.466839820146560780e-01 2.399764502048492565e-01 2.346242994070052990e-01 2.302304527163505643e-01 2.265259215235710111e-01 2.233390039205551125e-01 2.205583427846431743e-01 2.181070512533187788e-01 2.159282067418098472e-01 2.139775367081165336e-01 2.122198572754859791e-01 2.106263850629329637e-01 2.091733932495117299e-01 2.078409279882907912e-01 2.066118252277374390e-01 2.054715745151042827e-01 2.044075170159339871e-01 2.034089636802673406e-01
2.331915506720542985e-01 2.239261752367019687e-01 2.161904078722000078e-01 2.094721984863281150e-01 2.040547394752502408e-01 2.000034640729427271e-01 1.971040800213813837e-01 1.950500066578388092e-01 1.935760402679443382e-01 1.924916529655456565e-01 1.916701838374137989e-01 1.910296058654785134e-01 1.905165922641754161e-01 1.900959023833274919e-01 1.897439548373222318e-01 1.894443425536155579e-01 1.891855289041995958e-01 1.889590722322463945e-01 1.887587766349315688e-01 1.885800012946128867e-01
2.785603085160255343e-01 2.585699334740638733e-01 2.429247111082077082e-01 2.308859312534332353e-01 2.220299723744392495e-01 2.156481987237930387e-01 2.110917906463146143e-01 2.078365288674831335e-01 2.054837159812450409e-01 2.037456423044204656e-01 2.024239362776279472e-01 2.013844117522239630e-01 2.005386137962341386e-01 1.998275582492351488e-01 1.992123799026012387e-01 1.986671428382396631e-01 1.981740480661392245e-01 1.977213333547115370e-01 1.973002851009368896e-01 1.969051368534565083e-01
2.727798798680305392e-01 2.644288474321365157e-01 2.579972708225250488e-01 2.523371562361717002e-01 2.472370564937591553e-01 2.425887441635131703e-01 2.383345285058021679e-01 2.344378453493118353e-01 2.308707401156425421e-01 2.276092395186424255e-01 2.246315813064575229e-01 2.219167676568031267e-01 2.194440060853958263e-01 2.171922081708907992e-01 2.151400680840015456e-01 2.132664623856544428e-01 2.115514317154884305e-01 2.099759210646152396e-01 2.085229477286338895e-01 2.071770881116390128e-01
3.583215244114398845e-01 3.342147244513034576e-01 3.095580691099166781e-01 2.856302905082702681e-01 2.647681374847888902e-01 2.481213580071926217e-01 2.355487626791000488e-01 2.262850713729858410e-01 2.194882753491401717e-01 2.144642668962478682e-01 2.106992313265800554e-01 2.078301292657852295e-01 2.056027114391326960e-01 2.038400934636592776e-01 2.024180050194263336e-01 2.012484127283096225e-01 2.002683240175247292e-01 1.994321569800376892e-01 1.987064026296138652e-01 1.980663092434406247e-01
2.897942541539669237e-01 2.760753682255744912e-01 2.641093361377715998e-01 2.518487679958343328e-01 2.391020190715789917e-01 2.273439913988113403e-01 2.182366639375686590e-01 2.119772340357303497e-01 2.078051218390464805e-01 2.049298024177551303e-01 2.028206157684326050e-01 2.011680495738983054e-01 1.997989627718925465e-01 1.986159676313400402e-01 1.975627858936786774e-01 1.966062356531620148e-01 1.957253307104110662e-01 1.949062094092369191e-01 1.941395615041255907e-01 1.934186159074306466e-01
3.195714320242404871e-01 2.978945079445838862e-01 2.804932662844658031e-01 2.667831343412399026e-01 2.561877825856208601e-01 2.479452049732208119e-01 2.414127299189567644e-01 2.361221829056739940e-01 2.317486327886581488e-01 2.280653539299964949e-01 2.249096414446830616e-01 2.221603307127952565e-01 2.197245046496391352e-01 2.175304153561592180e-01 2.155220305919647306e-01 2.136564537882804926e-01 2.119013099372386855e-01 2.102331303060054890e-01 2.086357331275939808e-01 2.070989157259464364e-01
2.210461333394050654e-01 2.175316920876503024e-01 2.155578088760375932e-01 2.140080459415912573e-01 2.127474451065063388e-01 2.116823008656501803e-01 2.107485561072826308e-01 2.099029810726642520e-01 2.091173402965068873e-01 2.083723720908164934e-01 2.076556390523910389e-01 2.069585785269737188e-01 2.062753954529762401e-01 2.056021341681480430e-01 2.049360188841819752e-01 2.042752218246459972e-01 2.036183153092861187e-01 2.029648871719837155e-01 2.023143582046031952e-01 2.016669112443923995e-01
2.889913287758827387e-01 2.656271111965179399e-01 2.489656108617782637e-01 2.369584837555885337e-01 2.283239501714706410e-01 2.218719691038131825e-01 2.168027421832084689e-01 2.126722943782806408e-01 2.092536056041717496e-01 2.064261543750763039e-01 2.041071602702140830e-01 2.022180142998695473e-01 2.006791907548904352e-01 1.994157631695270549e-01 1.983632540702819913e-01 1.974697116017341547e-01 1.966955554485320945e-01 1.960112850368022908e-01 1.953954754769802182e-01 1.948322419822215990e-01
2.251423689723014709e-01 2.176943597197532609e-01 2.124538321793079387e-01 2.082959982752800032e-01 2.049822518229484636e-01 2.023333302140235823e-01 2.002199357748031538e-01 1.985423503816127755e-01 1.972110749781131878e-01 1.961428855359554357e-01 1.952648575603961878e-01 1.945187067985534590e-01 1.938616955280303977e-01 1.932642605900764532e-01 1.927069994807243392e-01 1.921775196492671867e-01 1.916680391132831451e-01 1.911741916835308086e-01 1.906934563815593786e-01 1.902248360216617640e-01
