3.037375092506408580e-01 2.924972364306450134e-01 2.817853665351867654e-01 2.704366508126259117e-01 2.584388327598571844e-01 2.465588343143463035e-01 2.359412527084350508e-01 2.273481753468513389e-01 2.208790183067321777e-01 2.162040692567825384e-01 2.128735955059528340e-01 2.104876542091369540e-01 2.087450873851776079e-01 2.074366302788257510e-01 2.064217358827590831e-01 2.056075727939605802e-01 2.049324077367782604e-01 2.043556690216064564e-01 2.038499622046947568e-01 2.033965523540973708e-01
3.021704528480768093e-01 2.882642851769924297e-01 2.755547313392162079e-01 2.640463891625404180e-01 2.540473781526088604e-01 2.455752971768379311e-01 2.384714008867740709e-01 2.325081452727317810e-01 2.274587179720401753e-01 2.231293646991252821e-01 2.193681146204471688e-01 2.160624207556247622e-01 2.131326913833618275e-01 2.105231061577796936e-01 2.081936582922935541e-01 2.061135128140449413e-01 2.042569684982299683e-01 2.026007598638534524e-01 2.011236032843589649e-01 1.998058587312698253e-01
2.831411677598953403e-01 2.743662312626838906e-01 2.667512500286102206e-01 2.597223278880119168e-01 2.533595341444015436e-01 2.477000200748443737e-01 2.427409997582435641e-01 2.384428220987319935e-01 2.347389787435531505e-01 2.315493088960647594e-01 2.287909314036369324e-01 2.263861393928527921e-01 2.242667838931083624e-01 2.223754101991653465e-01 2.206653411686420319e-01 2.190992493927478857e-01 2.176478646695613750e-01 2.162884384393692072e-01 2.150037980079650968e-01 2.137807759642600947e-01
2.142902225255966242e-01 2.129758779704570837e-01 2.124460545182228211e-01 2.119729380309581801e-01 2.115396657586097739e-01 2.111370800435543038e-01 2.107584837079048146e-01 2.103986801207065604e-01 2.100534395873546734e-01 2.097199703752994637e-01 2.093956004083156464e-01 2.090785342454910267e-01 2.087671834230422907e-01 2.084605421125888813e-01 2.081576713919639499e-01 2.078580746054649320e-01 2.075610522925853685e-01 2.072663952410221111e-01 2.069739215075969696e-01 2.066833096742629883e-01
2.133825097978115093e-01 2.122278970479965221e-01 2.117754180729389257e-01 2.113422803580760900e-01 2.109208641946315743e-01 2.105083362758159715e-01 2.101030376553535417e-01 2.097037537395954054e-01 2.093096797168254863e-01 2.089204289019107874e-01 2.085355661809444316e-01 2.081549577414989471e-01 2.077784323692321855e-01 2.074059313535690230e-01 2.070375211536884252e-01 2.066731391847133614e-01 2.063129082322120722e-01 2.059567581117153212e-01 2.056047861278057221e-01 2.052569679915904888e-01
2.523967959731817090e-01 2.468232458829879850e-01 2.421284846588969142e-01 2.380458383262157307e-01 2.345648689568042844e-01 2.316347887367010139e-01 2.291835716366767972e-01 2.271338627487421158e-01 2.254126168787479456e-01 2.239551655948162079e-01 2.227073833346366882e-01 2.216254644095897730e-01 2.206745569407939922e-01 2.198274627327919117e-01 2.190635980665683880e-01 2.183670809864997897e-01 2.177257211506366807e-01 2.171306115388870195e-01 2.165746982395649056e-01 2.160528151690959964e-01
2.510212182998657338e-01 2.457192823290824946e-01 2.421327325701713440e-01 2.391425314545631287e-01 2.365973255038261447e-01 2.343856438994407765e-01 2.324272245168685913e-01 2.306651204824447521e-01 2.290583781898021809e-01 2.275776240229606673e-01 2.262013228237629014e-01 2.249132199585437697e-01 2.237010860443115201e-01 2.225549715757370040e-01 2.214672242105007183e-01 2.204315407574176655e-01 2.194430312514304982e-01 2.184973478317260853e-01 2.175912937521934376e-01 2.167218472063541512e-01
2.432653842866420724e-01 2.415157958865165599e-01 2.404366216063499317e-01 2.394031400978565149e-01 2.384057147800922316e-01 2.374401944875717263e-01 2.365035499632358595e-01 2.355929428339004483e-01 2.347060547769069805e-01 2.338404788076877683e-01 2.329941214621067125e-01 2.321649256348609913e-01 2.313510757684707764e-01 2.305509653687477234e-01 2.297630988061428181e-01 2.289862175285816148e-01 2.282192458212375652e-01 2.274612005054950647e-01 2.267115588486194599e-01 2.259696112573146842e-01
2.414079782366752580e-01 2.359514501690864463e-01 2.315094651281833782e-01 2.272022248804569378e-01 2.230992801487445831e-01 2.192793495953083149e-01 2.158162271976470925e-01 2.127609603106975500e-01 2.101329761743545577e-01 2.079175375401973724e-01 2.060760603845119554e-01 2.045546257495880205e-01 2.032976438105106309e-01 2.022524514794349637e-01 2.013748545944690771e-01 2.006297525763511558e-01 1.999893791973590962e-01 1.994333894550800457e-01 1.989455708861350980e-01 1.985144896805286496e-01
2.668434202671051136e-01 2.573628644645213903e-01 2.495633383095264557e-01 2.427867519855499145e-01 2.369622726738452867e-01 2.319825932383537404e-01 2.277322070300579204e-01 2.241013118624687328e-01 2.209911857545375780e-01 2.183159568905830294e-01 2.160028284788131636e-01 2.139903938770294223e-01 2.122277638316154569e-01 2.106729559600353241e-01 2.092917244136333343e-01 2.080560691654682048e-01 2.069432553648948570e-01 2.059347563982009965e-01 2.050155822932720195e-01 2.041735208034515248e-01
2.654454645514487954e-01 2.579485499858856223e-01 2.520954012870788574e-01 2.469982287287711964e-01 2.425592955946922202e-01 2.386806219816207941e-01 2.352772517502307870e-01 2.322788724303245511e-01 2.296295677125453905e-01 2.272852593660354692e-01 2.252109895646572102e-01 2.233782894909381866e-01 2.217629501223564170e-01 2.203434877097606714e-01 2.190997081995010309e-01 2.180125756561756001e-01 2.170636175572872029e-01 2.162350101768970578e-01 2.155099800229072493e-01 2.148728437721729168e-01
2.857166785001754583e-01 2.770795413851738220e-01 2.712163415551185341e-01 2.665508913993835383e-01 2.626896864175796709e-01 2.593685856461525052e-01 2.564182627201080367e-01 2.537315922975540428e-01 2.512413579225540317e-01 2.489045441150665172e-01 2.466923707723617520e-01 2.445840197801590066e-01 2.425624668598174993e-01 2.406125539541244529e-01 2.387201264500617981e-01 2.368716371059417791e-01 2.350542429089546304e-01 2.332556739449501149e-01 2.314647474884986844e-01 2.296714477241039165e-01
3.322633175551891194e-01 3.177346435189247198e-01 3.054052761197090238e-01 2.947180300951003917e-01 2.855592131614684837e-01 2.777447846531868048e-01 2.710930100083351335e-01 2.654402574896812528e-01 2.606401866674423196e-01 2.565599724650383107e-01 2.530790802836417885e-01 2.500900188088416853e-01 2.474995133280754045e-01 2.452289238572120667e-01 2.432128581404685852e-01 2.413975673913955622e-01 2.397395686805248172e-01 2.382032246887683946e-01 2.367591688036918551e-01 2.353837096691131503e-01
2.554811030626297219e-01 2.501341557502746449e-01 2.458892372250557068e-01 2.420368179678916987e-01 2.385274991393089294e-01 2.353195574879646257e-01 2.323832497000694330e-01 2.296971684694290028e-01 2.272427156567573547e-01 2.250024601817131042e-01 2.229578414559364452e-01 2.210911205410957259e-01 2.193841247260570615e-01 2.178199237585067838e-01 2.163824357092380413e-01 2.150573971867561218e-01 2.138312953710556075e-01 2.126923972368240379e-01 2.116301588714122883e-01 2.106351010501384680e-01
2.341314828395843484e-01 2.315785035490989796e-01 2.296783646941185086e-01 2.278165720403194372e-01 2.259922617673874035e-01 2.242115172743797402e-01 2.224810549616813571e-01 2.208081254363060131e-01 2.191991505026817388e-01 2.176598769426345836e-01 2.161952982842922089e-01 2.148090951144695226e-01 2.135038805007934692e-01 2.122810296714305878e-01 2.111406657099723916e-01 2.100817902386188374e-01 2.091025412082672119e-01 2.081998245418071880e-01 2.073702326416969333e-01 2.066095772385597162e-01
2.886793528497219041e-01 2.792785297334194339e-01 2.705681590735912190e-01 2.612952868640422976e-01 2.515914386510849088e-01 2.423741707205772367e-01 2.344291573762893599e-01 2.280259522795677063e-01 2.230476546287536721e-01 2.192177566885948059e-01 2.162458914518356201e-01 2.138877195119857910e-01 2.119579780101776001e-01 2.103233969211578402e-01 2.088924002647399858e-01 2.076033326983451888e-01 2.064167159795761153e-01 2.053084187209606171e-01 2.042648443579673789e-01 2.032787463068962130e-01
2.247577798366546531e-01 2.200994488596916265e-01 2.166642355918884377e-01 2.137244364619255155e-01 2.112369191646575883e-01 2.091521090269088667e-01 2.074111117422580697e-01 2.059531563520431430e-01 2.047234259545803181e-01 2.036760848760604814e-01 2.027745985984802379e-01 2.019905471801757835e-01 2.013015602529048820e-01 2.006903399527072973e-01 2.001432101428508858e-01 1.996494707465171770e-01 1.992005641758441969e-01 1.987896108627319469e-01 1.984112423658370983e-01 1.980607509613037109e-01
4.298787081055343018e-01 4.009499123319983371e-01 3.704940103739500223e-01 3.407724901288747832e-01 3.139109507203102223e-01 2.909575903415679843e-01 2.721168527007102877e-01 2.570871622860431693e-01 2.453255674242973416e-01 2.362253895401954518e-01 2.292173197865486067e-01 2.238148012757301408e-01 2.196262317895889271e-01 2.163476091623306174e-01 2.137484923005104065e-01 2.116570004820823581e-01 2.099455703794956274e-01 2.085208386182784979e-01 2.073140460252761719e-01 2.062748047709465071e-01
2.347663599252700906e-01 2.258673468232154924e-01 2.199478358030319269e-01 2.155380672216415383e-01 2.121648776531219471e-01 2.095269194245338307e-01 2.074297219514846802e-01 2.057405140995979265e-01 2.043639163672923975e-01 2.032289928197860696e-01 2.022829715907573656e-01 2.014858557283878415e-01 2.008072185516357466e-01 2.002234885096549899e-01 1.997166642546653881e-01 1.992722256481647414e-01 1.988789963722228937e-01 1.985277964174747556e-01 1.982114815711975009e-01 1.979241704940795932e-01
2.218776491284370489e-01 2.179048444330692336e-01 2.149778188765049114e-01 2.124561464786529630e-01 2.102800576388835774e-01 2.083932551741599914e-01 2.067458826303482100e-01 2.052949811518192391e-01 2.040047346055507693e-01 2.028457228839397330e-01 2.017942664027214117e-01 2.008313347399234838e-01 1.999420911073684637e-01 1.991150386631488911e-01 1.983416825532913208e-01 1.976157911121845245e-01 1.969331096112728052e-01 1.962908543646335602e-01 1.956877148151397738e-01 1.951228702068328880e-01
2.376889920234680209e-01 2.312824809551239091e-01 2.263449147343635504e-01 2.220591950416564986e-01 2.183924707770347473e-01 2.152856975793838445e-01 2.126673409342765830e-01 2.104644000530243031e-01 2.086066946387291066e-01 2.070314399898052216e-01 2.056853589415550132e-01 2.045236557722091564e-01 2.035103079676628124e-01 2.026168806850910109e-01 2.018205845355987571e-01 2.011041150987148418e-01 2.004541331529617332e-01 1.998600871860981010e-01 1.993141010403633173e-01 1.988098280131816997e-01
3.318129536509513700e-01 3.144715884327888289e-01 2.994863221049308688e-01 2.867622241377830727e-01 2.761967638134956160e-01 2.674056997895240539e-01 2.599867728352546759e-01 2.536223784089088329e-01 2.480951943993568443e-01 2.432675734162330627e-01 2.390525224804878335e-01 2.353883227705955428e-01 2.322219696640968334e-01 2.295008829236030445e-01 2.271710896492004361e-01 2.251785448193550088e-01 2.234709686040878274e-01 2.220003992319107000e-01 2.207243481278419461e-01 2.196062204241752691e-01
2.467556639015674458e-01 2.408384391665458757e-01 2.363675522804260243e-01 2.326082377135753609e-01 2.293925864994525998e-01 2.265983001887798276e-01 2.241460838913917619e-01 2.219896857440471771e-01 2.201018725335598114e-01 2.184618638455867734e-01 2.170479947328567416e-01 2.158355408906936779e-01 2.147979855537414662e-01 2.139090093970298645e-01 2.131439244747161954e-01 2.124809217453002830e-01 2.119013558328151636e-01 2.113896252214908511e-01 2.109330467879772242e-01 2.105213548243045907e-01
2.263655292242765515e-01 2.235688412934541680e-01 2.214047503471374412e-01 2.194185344874858834e-01 2.175736622512340623e-01 2.158542276918888059e-01 2.142565150558948528e-01 2.127823616564273879e-01 2.114337548613548223e-01 2.102101205289363950e-01 2.091066488623619102e-01 2.081154003739356939e-01 2.072262297570705292e-01 2.064275231957435619e-01 2.057079544663429349e-01 2.050565682351589147e-01 2.044637435674667436e-01 2.039205530285835288e-01 2.034197619557380765e-01 2.029548193514346954e-01
3.268015858530998186e-01 3.139430457353591941e-01 3.034275820851325967e-01 2.943513891100883462e-01 2.864183172583579795e-01 2.793653595447540550e-01 2.730036926269531206e-01 2.672019585967063682e-01 2.618666300177573958e-01 2.569292807579040550e-01 2.523394709825515503e-01 2.480609408020973128e-01 2.440675708651542652e-01 2.403410780429840188e-01 2.368685871362686268e-01 2.336399650573730558e-01 2.306463161110877957e-01 2.278786504268646151e-01 2.253273221850395081e-01 2.229815480113029602e-01
2.550281926989555470e-01 2.493871393799781677e-01 2.454693779349327032e-01 2.423694169521331820e-01 2.398957192897796520e-01 2.378960928320884571e-01 2.362539160251617421e-01 2.348818558454513483e-01 2.337134346365928594e-01 2.326986759901046864e-01 2.317997083067893926e-01 2.309879404306411643e-01 2.302416995167732294e-01 2.295441913604736317e-01 2.288830101490020863e-01 2.282482993602752697e-01 2.276325809955596913e-01 2.270301252603530995e-01 2.264366009831428606e-01 2.258485880494117692e-01
2.688022784516215236e-01 2.651883934438228341e-01 2.622690900415182158e-01 2.597159059345722221e-01 2.574818487465381778e-01 2.555170254409313002e-01 2.537733045965432921e-01 2.522085715830326147e-01 2.507878731191158228e-01 2.494828823953866848e-01 2.482716119289398171e-01 2.471367365121841519e-01 2.460648837685585066e-01 2.450455039739608820e-01 2.440701448917388938e-01 2.431323866546153956e-01 2.422270023822784557e-01 2.413497163355350361e-01 2.404972639679908708e-01 2.396669757366180487e-01
2.579653467237949527e-01 2.470595449209213312e-01 2.383705109357833751e-01 2.312062236666679316e-01 2.253691190481185991e-01 2.206278750300407487e-01 2.167710649967193592e-01 2.136212828755378601e-01 2.110348716378211975e-01 2.088973304629325733e-01 2.071179163455963146e-01 2.056247445940971308e-01 2.043611234426498391e-01 2.032821919023990731e-01 2.023525084555149178e-01 2.015439076721668166e-01 2.008340036869049050e-01 2.002048878371715523e-01 1.996422739326954021e-01 1.991346682608127472e-01
2.849234287440776670e-01 2.620787391811609246e-01 2.447405630350112937e-01 2.318714246153831537e-01 2.226326918601989613e-01 2.160624215006828330e-01 2.113645668327808480e-01 2.079585504531860363e-01 2.054443375766277224e-01 2.035514591634273451e-01 2.020981089770793881e-01 2.009601746499538322e-01 2.000522421300411358e-01 1.993142879009246748e-01 1.987035202980041437e-01 1.981891737878322679e-01 1.977487367391586315e-01 1.973653404414653645e-01 1.970266592502593894e-01 1.967231799662113312e-01
2.180485746264457791e-01 2.152829974889755305e-01 2.136355477571487416e-01 2.122405382990837086e-01 2.110213488340377808e-01 2.099319767951965399e-01 2.089433819055557251e-01 2.080362369120120902e-01 2.071962149441242129e-01 2.064127905666828244e-01 2.056774243712425343e-01 2.049835707247257277e-01 2.043258929252624589e-01 2.036999949812889066e-01 2.031025058031082076e-01 2.025307063758373383e-01 2.019823223352432140e-01 2.014553253352641959e-01 2.009482774138450500e-01 2.004597158730030138e-01
2.605081537365913635e-01 2.542745617032051153e-01 2.496943086385726984e-01 2.461137285828590426e-01 2.432776626944541942e-01 2.409158670902252219e-01 2.388059034943580683e-01 2.367978337407111999e-01 2.348044708371162526e-01 2.327817374467849865e-01 2.307160520553588889e-01 2.286164721846580539e-01 2.265092611312866100e-01 2.244325414299964960e-01 2.224281784892082336e-01 2.205351287126541271e-01 2.187825450301170427e-01 2.171863421797752269e-01 2.157494348287582464e-01 2.144638286530971549e-01
2.198912210762500874e-01 2.181529714167118050e-01 2.170437584817409560e-01 2.160094204545021102e-01 2.150414660573005676e-01 2.141348096728324935e-01 2.132851192355156023e-01 2.124884976446628493e-01 2.117411790788173709e-01 2.110397326946258645e-01 2.103809942305087943e-01 2.097620892524719172e-01 2.091802801191806893e-01 2.086330720782280101e-01 2.081182612478733041e-01 2.076335623860359192e-01 2.071769979596138067e-01 2.067467533051967621e-01 2.063408991694450356e-01 2.059578523039817810e-01
2.792945587635040083e-01 2.736063134670257413e-01 2.685015308856963934e-01 2.632248407602310047e-01 2.578736183047294350e-01 2.525683930516243181e-01 2.474375379085540783e-01 2.426009461283683832e-01 2.381554472446441584e-01 2.341654521226883001e-01 2.306600826978683350e-01 2.276367121934890769e-01 2.250671377778053206e-01 2.229073414206504955e-01 2.211044770479202171e-01 2.196041572093963556e-01 2.183554822206497104e-01 2.173124074935913197e-01 2.164360100030899015e-01 2.156936715543270044e-01
4.421553211286664009e-01 4.111756663769483566e-01 3.808557155728340415e-01 3.542904748022556172e-01 3.328404961526393868e-01 3.161130058765411199e-01 3.030657085776329307e-01 2.926513662934303039e-01 2.840403148531913669e-01 2.766432261466980069e-01 2.700723883509635881e-01 2.640956857800483837e-01 2.585948002338409601e-01 2.535280147194862166e-01 2.488952264189720209e-01 2.447111144661903437e-01 2.409840172529220670e-01 2.377066710591316245e-01 2.348529455065727356e-01 2.323824906349182262e-01
2.386769123375415691e-01 2.337221282720565729e-01 2.305172000825405076e-01 2.280101631581783195e-01 2.260023561120033386e-01 2.243547433614730968e-01 2.229689052700996321e-01 2.217746429145336096e-01 2.207215343415737108e-01 2.197733362019061998e-01 2.189041367173194808e-01 2.180955934524536066e-01 2.173345227539539293e-01 2.166120517253875832e-01 2.159219174087047555e-01 2.152598494291305675e-01 2.146230052411556288e-01 2.140095742046833061e-01 2.134184908866882391e-01 2.128490205109119515e-01
2.521217501163482422e-01 2.455464565753936734e-01 2.403598445653915283e-01 2.359620440006256203e-01 2.322080311179161027e-01 2.289568257331848211e-01 2.260859999060630676e-01 2.234976202249527033e-01 2.211205106973647971e-01 2.189079016447067205e-01 2.168323132395744424e-01 2.148799425363540627e-01 2.130454817414283719e-01 2.113291108608245927e-01 2.097330638766288780e-01 2.082586440443992548e-01 2.069045963883399952e-01 2.056667348742484969e-01 2.045385032892227117e-01 2.035118541121482827e-01
2.553072580695152083e-01 2.528848229348659715e-01 2.514779676496982641e-01 2.501486036181450046e-01 2.488704748451709692e-01 2.476254758238792542e-01 2.463991321623325292e-01 2.451807178556918987e-01 2.439623874425888017e-01 2.427393533289432526e-01 2.415090359747409932e-01 2.402707290649414018e-01 2.390250846743583735e-01 2.377740265429020006e-01 2.365199851989746027e-01 2.352658227086067144e-01 2.340144580602645796e-01 2.327687704563140836e-01 2.315311801433563299e-01 2.303037151694297680e-01
2.338924519717693329e-01 2.250331965088844255e-01 2.186278104782104492e-01 2.137022134661674400e-01 2.099785542488098178e-01 2.071902397274970886e-01 2.051103055477142278e-01 2.035566091537475697e-01 2.023884430527687073e-01 2.015001995861530337e-01 2.008142951130867104e-01 2.002747412025928375e-01 1.998414221405983016e-01 1.994855567812919561e-01 1.991866433620452792e-01 1.989298692345619068e-01 1.987048391997814079e-01 1.985038529336452529e-01 1.983213388919830289e-01 1.981532229483127516e-01
2.766898351907730036e-01 2.671539600193500452e-01 2.593102318048476906e-01 2.525383266806602300e-01 2.469133698940277066e-01 2.422772727906704060e-01 2.383745682239532537e-01 2.349645254015922669e-01 2.318615837395191226e-01 2.289407598972320601e-01 2.261263364553451616e-01 2.233820816874504123e-01 2.207000145316123929e-01 2.180908188223838751e-01 2.155751940608024719e-01 2.131766599416732855e-01 2.109167140722274791e-01 2.088112121820449862e-01 2.068689420819282421e-01 2.050918945670127946e-01
2.791847360134124822e-01 2.721693074703216420e-01 2.663348618149757319e-01 2.611540696024894914e-01 2.564872470498085200e-01 2.521991637349128568e-01 2.481742426753044128e-01 2.443196961283683744e-01 2.405687540769577137e-01 2.368852239847183128e-01 2.332669022679328963e-01 2.297447922825813227e-01 2.263739025592803877e-01 2.232177317142486628e-01 2.203308469057083108e-01 2.177469721436500472e-01 2.154757174849510071e-01 2.135057970881462097e-01 2.118120914697647073e-01 2.103621804714203014e-01
2.325617778301239114e-01 2.295211657881736644e-01 2.271591255068778903e-01 2.249121257662773099e-01 2.227905216813087508e-01 2.208008420467376665e-01 2.189426925778389099e-01 2.172124359011650130e-01 2.156038384139537800e-01 2.141096858680248127e-01 2.127227441966533794e-01 2.114355163276195604e-01 2.102405196428298872e-01 2.091307424008846394e-01 2.080990007519721852e-01 2.071387915313243899e-01 2.062436911463737532e-01 2.054079741239547841e-01 2.046264015138149206e-01 2.038943816721439373e-01
2.580197808146476590e-01 2.560770250111818469e-01 2.545251576602459154e-01 2.529350456595420571e-01 2.513161128014326229e-01 2.496861784160137043e-01 2.480611210316419624e-01 2.464520658552646626e-01 2.448657350242137987e-01 2.433049601316452093e-01 2.417698876559734311e-01 2.402584052085876554e-01 2.387671895325183813e-01 2.372918675839900959e-01 2.358273901045322418e-01 2.343689236044883828e-01 2.329114364087581657e-01 2.314511163532733951e-01 2.299854652583599168e-01 2.285135592520236847e-01
2.152442932128906250e-01 2.129013401269912731e-01 2.114004911482334215e-01 2.100699134171009064e-01 2.088788513839244798e-01 2.078053553402423870e-01 2.068322622776031516e-01 2.059461885690689054e-01 2.051359711587429080e-01 2.043921197950840096e-01 2.037068846821784851e-01 2.030735005438327745e-01 2.024861316382884913e-01 2.019398176670074430e-01 2.014303155243396815e-01 2.009537558257579737e-01 2.005070813000202068e-01 2.000873933732509602e-01 1.996921855211258034e-01 1.993191637098789271e-01
2.253017935156822193e-01 2.213140711188316401e-01 2.184652793407440285e-01 2.160458496212959156e-01 2.139778396487236056e-01 2.121985025703906902e-01 2.106577549874782684e-01 2.093156445026397583e-01 2.081405845284461931e-01 2.071066974103450697e-01 2.061933057010173764e-01 2.053830030560493403e-01 2.046613755822181691e-01 2.040163934230804499e-01 2.034376974403858118e-01 2.029162913560867421e-01 2.024448490142822243e-01 2.020166194438934304e-01 2.016261968016624384e-01 2.012685900926589888e-01
2.628588268160820252e-01 2.472330071032047272e-01 2.363628663122653850e-01 2.286357791721820854e-01 2.230226570367813133e-01 2.187355932593345598e-01 2.152856078743934642e-01 2.124103009700775146e-01 2.099775084853172380e-01 2.079141551256179776e-01 2.061687615513801697e-01 2.046967184543609652e-01 2.034562353789806377e-01 2.024088330566883032e-01 2.015203525125980333e-01 2.007614617049694183e-01 2.001077741384506281e-01 1.995393799245357425e-01 1.990399897098541204e-01 1.985968409478664487e-01
2.470342206954956044e-01 2.388482712209224756e-01 2.323723995685577359e-01 2.268037042021751326e-01 2.220508292317390497e-01 2.180188861489295860e-01 2.146303129196167059e-01 2.118173691630363398e-01 2.095090967416763372e-01 2.076246204972267140e-01 2.060808175802230913e-01 2.048017087578773432e-01 2.037239068746566906e-01 2.027982851862907276e-01 2.019880445301532879e-01 2.012662796676158994e-01 2.006134206056594815e-01 2.000155708193779025e-01 1.994620667397976055e-01 1.989455743134021792e-01
2.740080261230468661e-01 2.620825374126434237e-01 2.520641213655471780e-01 2.434155729413032543e-01 2.361401316523552008e-01 2.301132130622863814e-01 2.251615476608276323e-01 2.211032806336879764e-01 2.177701349556445953e-01 2.150181540846824724e-01 2.127303530275821697e-01 2.108141833543777377e-01 2.091968667507171642e-01 2.078210958838462852e-01 2.066413240134716001e-01 2.056210285425186246e-01 2.047306115925311976e-01 2.039461277425289043e-01 2.032483059167861927e-01 2.026214230060577326e-01
2.600115001201629417e-01 2.503241896629333496e-01 2.423744609951972995e-01 2.360148346424102705e-01 2.310435411334037792e-01 2.270804640650749273e-01 2.237821355462074335e-01 2.209149068593978804e-01 2.183454698324203413e-01 2.160080364346504134e-01 2.138747906684875522e-01 2.119360360503196594e-01 2.101880261301994346e-01 2.086267110705375682e-01 2.072450086474418585e-01 2.060324144363403220e-01 2.049752412736415841e-01 2.040582290291786116e-01 2.032652640342712536e-01 2.025803810358047519e-01
2.498871114850044206e-01 2.444679370522498951e-01 2.395661257207393757e-01 2.349626810848712832e-01 2.308692224323749542e-01 2.273663184046745278e-01 2.244308988749980915e-01 2.219842483103275366e-01 2.199317577481269825e-01 2.181845241785049516e-01 2.166673684120178356e-01 2.153207287192344666e-01 2.140983550250530332e-01 2.129655121266841866e-01 2.118962560594081779e-01 2.108714278042316537e-01 2.098775355517864261e-01 2.089053292572498333e-01 2.079498879611492157e-01 2.070092405378818612e-01
3.594772684574127353e-01 3.377118670940399414e-01 3.196578197181224601e-01 3.048135820031165899e-01 2.929889142513275035e-01 2.837227794528007774e-01 2.764993339776992687e-01 2.708483046293258534e-01 2.663800355792045327e-01 2.627882343530654752e-01 2.598384881019592529e-01 2.573535895347595082e-01 2.552011981606483459e-01 2.532819342613220059e-01 2.515214565396308721e-01 2.498645466566085938e-01 2.482700192928314342e-01 2.467082667350768976e-01 2.451584970951080356e-01 2.436069694161415167e-01
