3.017570817470550670e-01 2.963065642118454246e-01 2.907859092950820790e-01 2.845747804641723389e-01 2.777467155456542769e-01 2.705695337057113514e-01 2.634024077653884799e-01 2.565747013688087219e-01 2.503137710690498396e-01 2.447202658653259144e-01 2.397837668657302745e-01 2.354356786608695906e-01 2.315976165235042461e-01 2.282004109025001504e-01 2.251853245496749922e-01 2.225021748244762343e-01 2.201081730425357708e-01 2.179667109251022250e-01 2.160465413331985607e-01 2.143205220997333460e-01
2.377997258305549755e-01 2.308636945486068626e-01 2.260303744673728965e-01 2.222238750755786973e-01 2.192440149188041587e-01 2.168815596401691415e-01 2.149667432904243392e-01 2.133736136555671736e-01 2.120129504799842801e-01 2.108230915665626481e-01 2.097617870569229159e-01 2.087997035682201408e-01 2.079166081547737244e-01 2.070979283750057354e-01 2.063334126770496324e-01 2.056154534220695496e-01 2.049384205043315865e-01 2.042981834709644284e-01 2.036916910111904178e-01 2.031163634359836601e-01
2.270587900280952587e-01 2.246689986437559183e-01 2.229179226607084230e-01 2.211247836798429511e-01 2.193292549252510160e-01 2.175780094414949406e-01 2.159119638800620911e-01 2.143610468506813027e-01 2.129434469342231795e-01 2.116658896207809504e-01 2.105270892381668202e-01 2.095195485651493161e-01 2.086324861645698636e-01 2.078529940545559007e-01 2.071680577099323239e-01 2.065649513900280065e-01 2.060320074856281380e-01 2.055586253106594097e-01 2.051360449194908064e-01 2.047561831772327368e-01
2.636464297771453635e-01 2.562774434685707314e-01 2.503209853172302379e-01 2.450299486517906189e-01 2.402929386496543973e-01 2.360232719779014610e-01 2.321633058786392312e-01 2.286806496977805969e-01 2.255607289075851341e-01 2.227973958849907010e-01 2.203818196058273393e-01 2.182937896251678500e-01 2.165004435181617781e-01 2.149606394767761275e-01 2.136316844820976280e-01 2.124742576479911882e-01 2.114548799395561118e-01 2.105467158555984486e-01 2.097286731004714966e-01 2.089844764769077379e-01
2.246952807903289662e-01 2.227141572535037972e-01 2.216396103799343209e-01 2.206837192177772411e-01 2.198195259273052204e-01 2.190298961102962461e-01 2.183022642135620250e-01 2.176266013085842166e-01 2.169954091310501154e-01 2.164024826884269614e-01 2.158432172238826663e-01 2.153136019408702917e-01 2.148104186356067646e-01 2.143309582769870880e-01 2.138727307319641113e-01 2.134336166083812825e-01 2.130117163062095753e-01 2.126052029430866297e-01 2.122123508155345784e-01 2.118314750492572840e-01
3.666755454987287721e-01 3.473330430686473735e-01 3.267580831050873047e-01 3.062026585638523146e-01 2.873471298813820018e-01 2.713270185887813324e-01 2.586603918671607771e-01 2.491967982053756581e-01 2.422334611415863093e-01 2.368532520532607988e-01 2.322405959665775343e-01 2.278208947181701582e-01 2.232978093624115035e-01 2.186680939793586853e-01 2.141757014393806391e-01 2.101535290479659979e-01 2.068350997567176830e-01 2.042715367674827476e-01 2.023745965957641502e-01 2.009997065365314584e-01
2.541709305346012138e-01 2.504698859155178314e-01 2.478260727226734295e-01 2.453767193853855222e-01 2.430776147544383980e-01 2.408898596465587627e-01 2.387784986197948323e-01 2.367134205251932022e-01 2.346705412119627077e-01 2.326333595067262561e-01 2.305949972569942552e-01 2.285606154799461331e-01 2.265487755835056405e-01 2.245906539261341150e-01 2.227243550121784099e-01 2.209868991374969449e-01 2.194057989120483387e-01 2.179937560856342327e-01 2.167485666275024425e-01 2.156566232442855835e-01
2.244470256567001332e-01 2.208798065781593378e-01 2.183378390967845861e-01 2.161555220186710258e-01 2.142657667398452648e-01 2.126163916289806333e-01 2.111602512001991283e-01 2.098542919754982083e-01 2.086599849164486042e-01 2.075450168550014574e-01 2.064839117228984833e-01 2.054596714675426539e-01 2.044627845287322887e-01 2.034906686842441470e-01 2.025454840064048745e-01 2.016329362988472096e-01 2.007597665488719818e-01 1.999330651760101440e-01 1.991585180163383539e-01 1.984398514032363892e-01
2.130446714162826660e-01 2.104126986861228898e-01 2.085962912440300077e-01 2.070229002833366416e-01 2.056546565890312317e-01 2.044611360132694289e-01 2.034164366126060552e-01 2.024982093274593220e-01 2.016870233416557245e-01 2.009661139547824771e-01 2.003210391104221222e-01 1.997392411530017897e-01 1.992100660502910681e-01 1.987246707081794794e-01 1.982753889262676150e-01 1.978561508655548029e-01 1.974618864059448364e-01 1.970884464681148529e-01 1.967325909435748976e-01 1.963917423784732885e-01
2.662914228439330899e-01 2.588954937458038397e-01 2.529525586962699801e-01 2.477635538578033536e-01 2.432630261778831460e-01 2.393602699041366688e-01 2.359627974033355613e-01 2.329860350489616483e-01 2.303561121225357056e-01 2.280108758807182223e-01 2.258980059623718339e-01 2.239742816984653384e-01 2.222038821876048953e-01 2.205569405853748388e-01 2.190093477070331474e-01 2.175414031744003218e-01 2.161372548341751187e-01 2.147851383686065763e-01 2.134763215482234910e-01 2.122047644853591875e-01
2.191251274943351868e-01 2.170807453989982705e-01 2.156877943873405368e-01 2.144996236264705702e-01 2.134685447812080250e-01 2.125569210946559873e-01 2.117358344048261565e-01 2.109834910929203056e-01 2.102843739092349895e-01 2.096275952458381553e-01 2.090058824419975259e-01 2.084144371747970459e-01 2.078499634563922838e-01 2.073104663193225949e-01 2.067942941188812278e-01 2.063000977039337047e-01 2.058263088762760096e-01 2.053715206682681926e-01 2.049341000616550501e-01 2.045123837888240814e-01
2.541752043366432012e-01 2.473575434088707004e-01 2.421102514863014143e-01 2.374278637766838174e-01 2.330206587910652050e-01 2.287980142235755965e-01 2.247899267077445862e-01 2.210752540826797508e-01 2.177297595143318221e-01 2.147969165444374162e-01 2.122809991240501293e-01 2.101543036103248607e-01 2.083697068691253707e-01 2.068732833862304554e-01 2.056124913692474465e-01 2.045409218966960929e-01 2.036197127401828677e-01 2.028175306320190441e-01 2.021097052097320657e-01 2.014768399298191015e-01
2.381607970595359669e-01 2.349698632955551092e-01 2.328469052910804860e-01 2.308869934082031228e-01 2.290721711516380266e-01 2.273888531327247498e-01 2.258244514465332087e-01 2.243670478463172802e-01 2.230058410763740562e-01 2.217311978340149037e-01 2.205346973240375485e-01 2.194088886678218775e-01 2.183472846448421545e-01 2.173443304002284915e-01 2.163952285051345958e-01 2.154958450794219882e-01 2.146424794197082653e-01 2.138318866491317749e-01 2.130613036453724018e-01 2.123281051218509630e-01
2.391029876470565918e-01 2.312578848004341048e-01 2.258841189742088196e-01 2.217783343791961681e-01 2.185869833827018827e-01 2.160392880439758190e-01 2.139618051052093461e-01 2.122388474643230327e-01 2.107879461348056704e-01 2.095477704703807842e-01 2.084719893336296204e-01 2.075253841280937095e-01 2.066811053454875868e-01 2.059186881780624423e-01 2.052223692834377333e-01 2.045800141990184728e-01 2.039823432266712200e-01 2.034219568967819136e-01 2.028931467235088326e-01 2.023914085328578916e-01
3.035220250487327687e-01 2.888383680582046753e-01 2.753302916884422524e-01 2.629088827967643871e-01 2.519037316739559107e-01 2.424335828423500039e-01 2.344627617299556710e-01 2.278570289909839508e-01 2.224352140724658866e-01 2.180060598254203730e-01 2.143895715475082342e-01 2.114270685613155454e-01 2.089844405651092585e-01 2.069526892900467041e-01 2.052449858188629128e-01 2.037939706444740207e-01 2.025477725267410267e-01 2.014671014249324876e-01 2.005215425789356187e-01 1.996872833371162448e-01
2.660457351803779402e-01 2.559570184350013489e-01 2.486198025941848688e-01 2.427673742175102123e-01 2.380122426152229409e-01 2.340831720829009976e-01 2.307953700423240606e-01 2.280159932374954124e-01 2.256441578269004766e-01 2.236010131239891119e-01 2.218238067626953081e-01 2.202628022432327193e-01 2.188781164586544037e-01 2.176380687952041704e-01 2.165172083675861447e-01 2.154953168332576774e-01 2.145561309158802166e-01 2.136865518987178802e-01 2.128758315742015905e-01 2.121156962215900443e-01
2.661960896849632219e-01 2.562020042538643017e-01 2.476906016469001826e-01 2.393348222970962391e-01 2.312636402249336198e-01 2.238545954227447454e-01 2.174755963683128457e-01 2.122998645901680026e-01 2.082730506360530864e-01 2.051942686736583643e-01 2.028311321139335544e-01 2.009889602661132924e-01 1.995249171555042167e-01 1.983396306633949391e-01 1.973632113635540031e-01 1.965464156866073564e-01 1.958537317812442669e-01 1.952586808800697293e-01 1.947417266666889302e-01 1.942878797650337275e-01
2.786072860099375048e-01 2.722239322960376962e-01 2.658492698892950812e-01 2.596274691820144587e-01 2.538508326560258710e-01 2.486925627291202423e-01 2.442025419324636570e-01 2.403468734771013193e-01 2.370509096980094876e-01 2.342298652231693257e-01 2.318055616319179557e-01 2.297111722826957747e-01 2.278922519087791532e-01 2.263047374784946386e-01 2.249121412634849659e-01 2.236840094625949793e-01 2.225941009819507599e-01 2.216204021871089891e-01 2.207432080805301622e-01 2.199458999931812320e-01
2.685048452019691556e-01 2.650966200232505732e-01 2.621353217959404014e-01 2.591802540421486167e-01 2.562264832854270757e-01 2.532882365584373519e-01 2.503905218839645452e-01 2.475631958246231057e-01 2.448352771997451827e-01 2.422307068109512407e-01 2.397652223706245311e-01 2.374456092715263311e-01 2.352708244323730435e-01 2.332343466579914204e-01 2.313266862928867462e-01 2.295376552641391621e-01 2.278582240641117140e-01 2.262808281183242842e-01 2.247994990646839109e-01 2.234097126126289301e-01
2.633816426992416360e-01 2.546847444772720181e-01 2.479200297594070512e-01 2.421961760520935092e-01 2.373736312985420260e-01 2.333276155591011147e-01 2.299495553970336836e-01 2.271417942643165488e-01 2.248147279024124146e-01 2.228882737457752172e-01 2.212911143898964039e-01 2.199623177945613794e-01 2.188499559462070421e-01 2.179111434519290791e-01 2.171102432906627522e-01 2.164185807108879034e-01 2.158123265206813857e-01 2.152729886770248513e-01 2.147854933142662182e-01 2.143376559019088690e-01
3.208452230691909990e-01 2.979528641700744385e-01 2.797159838676452903e-01 2.652082216739654608e-01 2.538924074172973500e-01 2.451587292551994368e-01 2.384636250138282842e-01 2.333503615856170610e-01 2.294438356161117576e-01 2.264403101801872320e-01 2.240999856591224804e-01 2.222382852435111911e-01 2.207174313068389904e-01 2.194384825229644675e-01 2.183322015404701166e-01 2.173521620035171464e-01 2.164679208397865262e-01 2.156600421667098921e-01 2.149164640903472867e-01 2.142295426130294833e-01
2.788858205080032571e-01 2.649255335330963357e-01 2.542243725061416604e-01 2.457039311528205761e-01 2.389886105060577415e-01 2.337064838409423917e-01 2.295497527718544095e-01 2.262764328718185336e-01 2.236947360634803650e-01 2.216504734754562445e-01 2.200186273455619901e-01 2.186999326944351063e-01 2.176167993247508925e-01 2.167099909484386522e-01 2.159349089860916060e-01 2.152585694193840105e-01 2.146563220024108876e-01 2.141099430620670430e-01 2.136063410341739743e-01 2.131354811787605219e-01
2.571203562617301874e-01 2.500411325693130404e-01 2.441981586813926630e-01 2.389668488502502408e-01 2.342175140976905934e-01 2.298361098766326938e-01 2.257621380686759827e-01 2.219888743758201555e-01 2.185399204492569081e-01 2.154426249861717269e-01 2.127110567688942078e-01 2.103407451510429516e-01 2.083090369403362285e-01 2.065810841321945313e-01 2.051160056889057282e-01 2.038723634183406963e-01 2.028118740022182565e-01 2.019009260833263264e-01 2.011113137006759755e-01 2.004200054705143064e-01
3.498169194161891982e-01 3.256499730050563812e-01 3.048599199950695060e-01 2.873185566067695818e-01 2.735287907719612388e-01 2.631460556387901217e-01 2.554707285761833035e-01 2.498114427924156278e-01 2.456080037355422852e-01 2.424382758140563865e-01 2.399916508793830949e-01 2.380407360196113709e-01 2.364192956686019809e-01 2.350072479248046797e-01 2.337191939353942816e-01 2.324962615966796875e-01 2.312993630766868591e-01 2.301046770811080999e-01 2.289001488685608043e-01 2.276831501722335893e-01
2.381967978179454770e-01 2.360932441055774711e-01 2.347072356939315929e-01 2.333453737199306377e-01 2.320032307505607572e-01 2.306819909811019809e-01 2.293825978040695268e-01 2.281053680181503174e-01 2.268505641818046592e-01 2.256175158917903822e-01 2.244058617949485912e-01 2.232151603698730447e-01 2.220449200272560097e-01 2.208951435983181055e-01 2.197660420835018114e-01 2.186584648489952043e-01 2.175737270712852500e-01 2.165139162540435924e-01 2.154816813766956274e-01 2.144802838563918956e-01
2.152466666698455711e-01 2.122955857217311837e-01 2.104530334472656250e-01 2.089033147692680448e-01 2.076005193591117792e-01 2.065021641552448328e-01 2.055706204473972398e-01 2.047742448747157940e-01 2.040870724618434884e-01 2.034883816540241364e-01 2.029616394639015275e-01 2.024933828413486570e-01 2.020732261240482386e-01 2.016927449405193362e-01 2.013451905548572507e-01 2.010251505672931704e-01 2.007282614707946722e-01 2.004510559141635950e-01 2.001905530691146795e-01 1.999443367123603932e-01
3.342971770465373860e-01 3.107029998302459628e-01 2.932719403505325562e-01 2.802555620670318381e-01 2.705142182111739957e-01 2.630698537826537953e-01 2.572104102373123369e-01 2.524432769417762623e-01 2.484340536594390747e-01 2.449548298120498568e-01 2.418509763479232688e-01 2.390170964598655745e-01 2.363829714059829668e-01 2.339034479856491044e-01 2.315508270263672008e-01 2.293100723624229564e-01 2.271743115782737799e-01 2.251413556933402893e-01 2.232113349437713501e-01 2.213852488994598466e-01
2.493872350454330311e-01 2.432709333300590582e-01 2.377972087264060841e-01 2.326118572056293521e-01 2.279145327210426453e-01 2.238146059215068706e-01 2.203256854414940014e-01 2.173981431126594532e-01 2.149524261057376984e-01 2.129028651118278492e-01 2.111699488759040955e-01 2.096860656142234824e-01 2.083964838087558613e-01 2.072585643827915269e-01 2.062394762039184704e-01 2.053147552907466922e-01 2.044659186899661918e-01 2.036791633069515162e-01 2.029441772401332778e-01 2.022531609237193939e-01
2.656023707985877835e-01 2.618350422382354492e-01 2.588095924258231872e-01 2.559946230053901650e-01 2.533520442247390592e-01 2.508437979221344039e-01 2.484370145201683089e-01 2.461053836345672707e-01 2.438299399614334007e-01 2.415994095802307118e-01 2.394092425704002491e-01 2.372606518864631697e-01 2.351584815979003984e-01 2.331094789505004927e-01 2.311213696002960283e-01 2.292013162374496593e-01 2.273555657267570529e-01 2.255892837047576982e-01 2.239062929153442516e-01 2.223091402649879367e-01
2.571633461117744379e-01 2.529915684461593872e-01 2.493550804257392839e-01 2.457595887780189559e-01 2.422437703609466586e-01 2.388656088709831260e-01 2.356899145245552052e-01 2.327734299004077800e-01 2.301509183645248369e-01 2.278287827968597523e-01 2.257890218496322599e-01 2.239991907775402136e-01 2.224220700562000164e-01 2.210219138860702592e-01 2.197673158347606681e-01 2.186315432190895081e-01 2.175922495126724199e-01 2.166306084394454823e-01 2.157310508191585541e-01 2.148804731667041668e-01
2.519805410504341037e-01 2.473312142491340682e-01 2.435520589351654053e-01 2.400507038831710682e-01 2.368558847904205233e-01 2.339746078848838895e-01 2.313972778618335613e-01 2.291033779084682420e-01 2.270667430758476213e-01 2.252591685950756095e-01 2.236529436707496710e-01 2.222218140959739685e-01 2.209419175982475225e-01 2.197922101616859303e-01 2.187538601458072773e-01 2.178109143674373527e-01 2.169494752585887920e-01 2.161577609181404014e-01 2.154256890714168482e-01 2.147447858750820282e-01
2.584815147519111678e-01 2.516471180319785894e-01 2.463726571202278226e-01 2.417848920822143477e-01 2.378146958351135265e-01 2.343852260708808866e-01 2.314220806956291121e-01 2.288567546010017439e-01 2.266279220581054743e-01 2.246812844276428189e-01 2.229696181416511436e-01 2.214522749185562078e-01 2.200947159528732211e-01 2.188677698373794611e-01 2.177473294734954823e-01 2.167133015394210882e-01 2.157496036589145738e-01 2.148428854346275396e-01 2.139828784763813108e-01 2.131612421572208482e-01
2.734192094206809864e-01 2.685292211174964971e-01 2.643448305130005060e-01 2.598758280277252419e-01 2.548974660038947904e-01 2.494424873590469494e-01 2.438105198740959101e-01 2.384241920709609941e-01 2.336310452222823963e-01 2.295949144661426633e-01 2.263098934292793185e-01 2.236728927493095431e-01 2.215511730313300953e-01 2.198204456269741147e-01 2.183797512948512931e-01 2.171530312299728427e-01 2.160850967466831085e-01 2.151364783942699421e-01 2.142792448401451000e-01 2.134935560822486811e-01
2.657844555377960050e-01 2.563596144318580627e-01 2.474522244930267290e-01 2.390103250741958674e-01 2.316348689794540394e-01 2.257005506753921587e-01 2.211867603659629922e-01 2.178281129896640911e-01 2.153111585974693265e-01 2.133728483319282665e-01 2.118216700851917322e-01 2.105277599394321519e-01 2.094056741893291496e-01 2.084005714952945620e-01 2.074770843982696455e-01 2.066127282381057806e-01 2.057933971285819952e-01 2.050102820992469876e-01 2.042581485211849290e-01 2.035339792072773102e-01
2.994246998429298534e-01 2.800509056448936551e-01 2.642460449039936154e-01 2.518675637245177956e-01 2.427226749062538214e-01 2.360920703411102384e-01 2.312149900197982832e-01 2.275000000000000078e-01 2.245450714230537437e-01 2.220975562930107006e-01 2.200072371959686246e-01 2.181889045238494806e-01 2.165943807363510110e-01 2.151947671175002963e-01 2.139694002270698669e-01 2.129003438353538613e-01 2.119697630405426025e-01 2.111602595448494046e-01 2.104547967016696941e-01 2.098375619947910331e-01
2.438687269762158383e-01 2.358770828694105037e-01 2.295445043966174159e-01 2.246374548971653007e-01 2.209975071996450324e-01 2.183604416251182512e-01 2.164602025598287571e-01 2.150780557096004519e-01 2.140507440268993311e-01 2.132631976902484849e-01 2.126364490389823780e-01 2.121169811487197965e-01 2.116690096259117027e-01 2.112687392532825448e-01 2.108996413648128454e-01 2.105509544909000275e-01 2.102151197195053223e-01 2.098868565261363950e-01 2.095628073811530989e-01 2.092403411865234319e-01
2.225002896413207087e-01 2.196676867455243931e-01 2.171810218691825889e-01 2.147824395447969492e-01 2.125018380582332500e-01 2.103721905499696676e-01 2.084211990982293983e-01 2.066663358360529001e-01 2.051122331619262829e-01 2.037526538223028150e-01 2.025726369023322926e-01 2.015519818663596974e-01 2.006685245037078957e-01 1.999003826081752755e-01 1.992275941371917658e-01 1.986327011883258775e-01 1.981010778248309956e-01 1.976209554076194808e-01 1.971827222406864200e-01 1.967787951231002863e-01
3.144467306137084806e-01 3.062923619151115551e-01 2.995092380046844305e-01 2.935562542080878967e-01 2.883619523048400746e-01 2.838337892293930076e-01 2.798780903220176586e-01 2.764068269729614280e-01 2.733410936594009577e-01 2.706105980277061507e-01 2.681526851654052468e-01 2.659097629785537875e-01 2.638263243436813621e-01 2.618441203236580028e-01 2.598974350094795382e-01 2.579068791866302446e-01 2.557740977406501859e-01 2.533807584643363864e-01 2.505998685956001282e-01 2.473277753591537342e-01
2.240715920925140381e-01 2.179157263040542580e-01 2.132013407349586387e-01 2.092652589082718007e-01 2.060287484526634183e-01 2.034045019745826799e-01 2.012984934449195962e-01 1.996152585744857821e-01 1.982668097317218658e-01 1.971787592768668995e-01 1.962916864454746224e-01 1.955596072971820809e-01 1.949474708735942918e-01 1.944287228584289651e-01 1.939831876754760653e-01 1.935957200825214330e-01 1.932544364035129469e-01 1.929505485296249268e-01 1.926769828796386641e-01 1.924285604059696175e-01
2.882732552289962724e-01 2.759420311450958008e-01 2.655791020393371560e-01 2.559052380919456526e-01 2.467919871211051996e-01 2.384086179733276301e-01 2.310479557514190652e-01 2.249008828401565518e-01 2.199562281370162908e-01 2.160478574037551780e-01 2.129568451642990246e-01 2.104864218831062339e-01 2.084830620884895458e-01 2.068336838483810503e-01 2.054554298520088196e-01 2.042875951528549117e-01 2.032847669720649619e-01 2.024131147563457411e-01 2.016465921700000830e-01 2.009651570022106259e-01
2.386182802915573220e-01 2.312327831983566340e-01 2.263361087441444486e-01 2.225842538475990284e-01 2.196102759242057889e-01 2.171640726923942666e-01 2.150797805190086398e-01 2.132495757937431236e-01 2.116037234663963318e-01 2.100968667864799577e-01 2.086997282505035356e-01 2.073926189541816789e-01 2.061625495553016663e-01 2.050006136298179737e-01 2.039004412293434210e-01 2.028577804565429576e-01 2.018690815567970309e-01 2.009315374493599038e-01 2.000430347025394517e-01 1.992012651264667422e-01
2.342908142507076352e-01 2.319808264076709814e-01 2.304639367759227786e-01 2.289998516440391596e-01 2.275679360330104817e-01 2.261623519659042292e-01 2.247883836925029799e-01 2.234614041447639532e-01 2.222018614411354065e-01 2.210300691425800268e-01 2.199604199826717399e-01 2.189994473755359772e-01 2.181461119651794400e-01 2.173938862979412079e-01 2.167324979603290624e-01 2.161501312255859342e-01 2.156347371637821198e-01 2.151747956871986334e-01 2.147599987685680500e-01 2.143811723589897078e-01
3.110758301615714760e-01 3.030721741914749190e-01 2.960921737551689414e-01 2.892986646294593567e-01 2.824197885394096330e-01 2.752381393313407809e-01 2.677287545800208779e-01 2.600706991553306535e-01 2.525545415282249295e-01 2.454672551155090421e-01 2.390165600180625960e-01 2.333093929290771529e-01 2.283675715327262989e-01 2.241561254858970564e-01 2.206073769927024975e-01 2.176386618614196689e-01 2.151626035571098383e-01 2.130954962968826250e-01 2.113618597388267628e-01 2.098969990015029929e-01
2.935091301798820607e-01 2.813587847352028160e-01 2.705917270481586479e-01 2.607330957055091769e-01 2.517391017079353421e-01 2.435653753578662928e-01 2.361865375936031408e-01 2.295974205434322402e-01 2.238009756803512607e-01 2.187905311584472656e-01 2.145337042212486223e-01 2.109712943434715327e-01 2.080236434936523493e-01 2.056023895740509144e-01 2.036201485991477877e-01 2.019972029328346297e-01 2.006644523143768233e-01 1.995647501945495561e-01 1.986511427164077692e-01 1.978863954544067272e-01
2.715751633048057445e-01 2.620397143065929524e-01 2.557563117146491871e-01 2.504126891493797524e-01 2.451957505941390891e-01 2.399834614992141790e-01 2.349591037631034718e-01 2.303580021858215310e-01 2.263393220305442710e-01 2.229549038410186812e-01 2.201722878217697021e-01 2.179126641154289223e-01 2.160836020112037736e-01 2.145976066589355413e-01 2.133801430463790894e-01 2.123713371157646135e-01 2.115246209502220087e-01 2.108037814497947804e-01 2.101809678971767459e-01 2.096348892152309351e-01
2.323983010649681158e-01 2.284347328543663014e-01 2.254851350188255277e-01 2.227623707056045621e-01 2.202358068525791246e-01 2.178804479539394323e-01 2.156749644875526339e-01 2.136016981303691942e-01 2.116459721326827970e-01 2.097959013283252627e-01 2.080422937870025635e-01 2.063783407211303711e-01 2.047991576790809676e-01 2.033013503253459919e-01 2.018828967213630587e-01 2.005424167215824061e-01 1.992790602147579138e-01 1.980919724702835116e-01 1.969800682365894229e-01 1.959420228004455644e-01
2.718365202844142958e-01 2.640870553255081354e-01 2.583704537153244107e-01 2.537645146250724904e-01 2.500078934431075872e-01 2.468808290362358160e-01 2.442162385582923867e-01 2.418925106525421087e-01 2.398225542902946428e-01 2.379453489184379655e-01 2.362183302640915028e-01 2.346120193600654547e-01 2.331056323647499040e-01 2.316842588782310475e-01 2.303364273905754156e-01 2.290530163049697976e-01 2.278265041112899902e-01 2.266500943899154574e-01 2.255172330141067549e-01 2.244219037890434199e-01
2.397458052635192960e-01 2.324506849050521906e-01 2.269310653209686279e-01 2.223125725984573253e-01 2.184729197621345653e-01 2.152758178114891063e-01 2.125953933596611001e-01 2.103240394592285067e-01 2.083742353320121865e-01 2.066770425438880787e-01 2.051790866255760182e-01 2.038397416472434998e-01 2.026286698877811376e-01 2.015229608118534188e-01 2.005056330561637845e-01 1.995639291405677807e-01 1.986880950629711096e-01 1.978704175353050154e-01 1.971051536500453838e-01 1.963872881233692247e-01
2.385025756061077140e-01 2.318264015018939861e-01 2.268297541141509888e-01 2.227770894765853937e-01 2.194365258514881234e-01 2.166105766594410009e-01 2.141527403891086700e-01 2.119664764404296797e-01 2.099960574507713229e-01 2.082145082950591919e-01 2.066101798415184154e-01 2.051771831512451127e-01 2.039095729589462391e-01 2.027981653809547424e-01 2.018307700753211864e-01 2.009924700856208779e-01 2.002669405937194946e-01 1.996378207206725985e-01 1.990894865989684959e-01 1.986076751351356640e-01
2.672474259138107322e-01 2.641005221009254389e-01 2.617219841480254994e-01 2.595035147666930886e-01 2.574276220798492609e-01 2.554805323481559864e-01 2.536498984694480763e-01 2.519238102436065496e-01 2.502906101942062311e-01 2.487387275695800704e-01 2.472568356990814120e-01 2.458340254426002458e-01 2.444599208235740673e-01 2.431247597932815474e-01 2.418196004629135087e-01 2.405364087224006742e-01 2.392679165303707167e-01 2.380080081522464863e-01 2.367519423365593012e-01 2.354962837696075451e-01
