2.556896853446960494e-01 2.432194057106971674e-01 2.332799795269966114e-01 2.249452853202819902e-01 2.179950299859046980e-01 2.121830683946609453e-01 2.072785449028015092e-01 2.030884633958339736e-01 1.994621047377586331e-01 1.962862952053546772e-01 1.934778767824172907e-01 1.909746339917182956e-01 1.887296764552593153e-01 1.867063722014427052e-01 1.848754832148551963e-01 1.832130248099565484e-01 1.816992354393005271e-01 1.803169931471347853e-01 1.790516951680183322e-01 1.778903397172689471e-01
2.059499669075012251e-01 2.027632340788841359e-01 2.005018091201782315e-01 1.984175018966198023e-01 1.964817285537719671e-01 1.946753916144371155e-01 1.929817463457584314e-01 1.913853517174720631e-01 1.898717856407165505e-01 1.884279571473598536e-01 1.870419691503047988e-01 1.857027572393417370e-01 1.844004942476749342e-01 1.831265342235565141e-01 1.818731068074703194e-01 1.806337791681289773e-01 1.794035166501998790e-01 1.781787708401680048e-01 1.769573983550071783e-01 1.757388673722743988e-01
2.276699709892272827e-01 2.216935372352600020e-01 2.175976146757602758e-01 2.140277415513992254e-01 2.108079420030117002e-01 2.078220550715923209e-01 2.049941462278365989e-01 2.022781072556972537e-01 1.996507419645786319e-01 1.971048378944396939e-01 1.946447564661502871e-01 1.922808945178985651e-01 1.900259432196617082e-01 1.878912480175495281e-01 1.858854101598262920e-01 1.840128980576992146e-01 1.822744330763816922e-01 1.806672084331512329e-01 1.791855238378047832e-01 1.778219141066074427e-01
2.089023631811141868e-01 2.036905655264854564e-01 2.001783649623394001e-01 1.971502903103828364e-01 1.944275890290737274e-01 1.919333781301975350e-01 1.896277800202369745e-01 1.874843348562717504e-01 1.854822818934917517e-01 1.836035616695880779e-01 1.818329620361328058e-01 1.801575805246830031e-01 1.785670511424541362e-01 1.770534694194793590e-01 1.756108644604682800e-01 1.742352519929409038e-01 1.729237446188926774e-01 1.716747321188449860e-01 1.704869589209556668e-01 1.693595835566520658e-01
2.560517275333404341e-01 2.504402701556682764e-01 2.456268601119518391e-01 2.409085737168789043e-01 2.362322300672531072e-01 2.315443986654281694e-01 2.268055871129036061e-01 2.220146863162517636e-01 2.172241103649139304e-01 2.125330777466297172e-01 2.080585284531116519e-01 2.039003469049930628e-01 2.001186704635620206e-01 1.967308004200458427e-01 1.937216834723949344e-01 1.910590030252933558e-01 1.887050174176692907e-01 1.866232329607009910e-01 1.847806952893734089e-01 1.831485238671302918e-01
2.520730689167976490e-01 2.382069483399391063e-01 2.276802206039428844e-01 2.193672153353690979e-01 2.128735086321830727e-01 2.077765470743179188e-01 2.037111124396324136e-01 2.003933405876159590e-01 1.976162597537040599e-01 1.952343432605266604e-01 1.931490701436996416e-01 1.912949953973293316e-01 1.896288099884986811e-01 1.881220969557762246e-01 1.867549782991409224e-01 1.855124451220035442e-01 1.843823878467082955e-01 1.833541783690452454e-01 1.824180319905281122e-01 1.815651576220989327e-01
2.323886939883232083e-01 2.255676290392875649e-01 2.201301166415214616e-01 2.151726642251014787e-01 2.106520146131515558e-01 2.065333017706870999e-01 2.027858549356460482e-01 1.993800492584705264e-01 1.962873855233192577e-01 1.934788729250430939e-01 1.909252080321311995e-01 1.885976293683052085e-01 1.864690358936786641e-01 1.845149904489517267e-01 1.827142974734306258e-01 1.810492128133773804e-01 1.795047916471958216e-01 1.780689272284507740e-01 1.767313505709171284e-01 1.754835987091064586e-01
2.514367033541202723e-01 2.461303757131099723e-01 2.421729989349842016e-01 2.384852798283100261e-01 2.349809671938419275e-01 2.315855506062507729e-01 2.282396492362022411e-01 2.249064645171165444e-01 2.215750235319137451e-01 2.182583507895469732e-01 2.149864271283149775e-01 2.117954781651496809e-01 2.087172798812389485e-01 2.057722401618957420e-01 2.029672057926654727e-01 2.002980464696884066e-01 1.977555696666240814e-01 1.953302545845508609e-01 1.930150531232356914e-01 1.908068837225437298e-01
2.342051151394844155e-01 2.287706154584884521e-01 2.245916068553924505e-01 2.208110749721527155e-01 2.173457020521163963e-01 2.141405487060547008e-01 2.111637833714485046e-01 2.083993703126907349e-01 2.058390355110168435e-01 2.034754696488380310e-01 2.012986347079276928e-01 1.992943245172500710e-01 1.974449557065963701e-01 1.957310515642166071e-01 1.941337621212005649e-01 1.926354476809501726e-01 1.912208506464958269e-01 1.898772814869880698e-01 1.885943599045276642e-01 1.873639178276061967e-01
2.139919766783714428e-01 2.091798943281173717e-01 2.055076754093170255e-01 2.021700854599475794e-01 1.991496558487415303e-01 1.964250789582729362e-01 1.939695078134536788e-01 1.917536257207393680e-01 1.897490164637565535e-01 1.879292275011539559e-01 1.862708342075347911e-01 1.847536759078502733e-01 1.833604849874973242e-01 1.820768330991268114e-01 1.808903408050537009e-01 1.797905756533145771e-01 1.787685405462980381e-01 1.778165753930807114e-01 1.769280623644590433e-01 1.760971383750438712e-01
2.479003629088401828e-01 2.426328003406524603e-01 2.385344180464744612e-01 2.345695115625858196e-01 2.307431185245513994e-01 2.270736573636531752e-01 2.235816629230976127e-01 2.202875261008739594e-01 2.172089394927024797e-01 2.143589510023593825e-01 2.117451424896717171e-01 2.093672050535678730e-01 2.072168932855129320e-01 2.052779121696949038e-01 2.035276669263839655e-01 2.019401158392429285e-01 2.004883354902267378e-01 1.991474962234497104e-01 1.978964540362358193e-01 1.967183989286422630e-01
2.504918035864829862e-01 2.440300865471363156e-01 2.389007803797721929e-01 2.343938396871090013e-01 2.304317383468151015e-01 2.269538056850433361e-01 2.239002077281475045e-01 2.212099380791187342e-01 2.188240082561969668e-01 2.166873215138912234e-01 2.147521677613258295e-01 2.129775466024875774e-01 2.113294292986392930e-01 2.097796772420406353e-01 2.083063463866710596e-01 2.068923009932041035e-01 2.055244220793247256e-01 2.041938668489456099e-01 2.028940786421299103e-01 2.016214421391487044e-01
2.542567989230156145e-01 2.459006119146943115e-01 2.385217695683240768e-01 2.316739801317453384e-01 2.254229299724102020e-01 2.198085383325815156e-01 2.147871410846710072e-01 2.102628648281097412e-01 2.061479315161705017e-01 2.023908582329750072e-01 1.989713020622730366e-01 1.958833545446395930e-01 1.931209191679954529e-01 1.906696479022502999e-01 1.885052447021007549e-01 1.865954710543155648e-01 1.849035660922527247e-01 1.833920429646968830e-01 1.820258001983165730e-01 1.807738827168941520e-01
2.900596384704112740e-01 2.802702882885932945e-01 2.727759201824664914e-01 2.660655397176742709e-01 2.599758225679397738e-01 2.543959966301918008e-01 2.492513218522071916e-01 2.444913637638091997e-01 2.400822249054908875e-01 2.360016882419586071e-01 2.322343039512634322e-01 2.287684804201126076e-01 2.255943068861961387e-01 2.227016073465347412e-01 2.200790417194366522e-01 2.177117311954498424e-01 2.155814540386200018e-01 2.136664430797100001e-01 2.119419743120670441e-01 2.103826600313186690e-01
2.686083315312862152e-01 2.578477501869201882e-01 2.511215189099311740e-01 2.460520899295806918e-01 2.419554132223129261e-01 2.383791582286357846e-01 2.350479917228222027e-01 2.318067355453967970e-01 2.285805261135101241e-01 2.253480017185211237e-01 2.221207939088344629e-01 2.189270266890525896e-01 2.157996848225593456e-01 2.127684789896011341e-01 2.098565973341464941e-01 2.070790870487689839e-01 2.044443689286708776e-01 2.019549258053302820e-01 1.996097242832183816e-01 1.974049039185047094e-01
2.425671738386154241e-01 2.365548980236053533e-01 2.320453561842441559e-01 2.281606438755988953e-01 2.248002682626247528e-01 2.218264466524124123e-01 2.191151528060436282e-01 2.165761575102806147e-01 2.141545557975769176e-01 2.118200086057186182e-01 2.095597307384014230e-01 2.073708379268646151e-01 2.052557399868965016e-01 2.032196599245071345e-01 2.012674525380134527e-01 1.994032749533653226e-01 1.976297806203365370e-01 1.959480847418308136e-01 1.943574497103691123e-01 1.928564272820949554e-01
2.531190851330757385e-01 2.422338113188743647e-01 2.349218304455280293e-01 2.292427802085876543e-01 2.247193142771720942e-01 2.209941865503788072e-01 2.178216628730297033e-01 2.150375258922576915e-01 2.125331014394760132e-01 2.102343443036079340e-01 2.080899478495120969e-01 2.060644820332527272e-01 2.041337291896343220e-01 2.022816416621208147e-01 2.004982362687587616e-01 1.987776558101177204e-01 1.971168167889118250e-01 1.955141554772853729e-01 1.939692547917366006e-01 1.924816028773784771e-01
1.960585758090019337e-01 1.904111573100090160e-01 1.862169152498245328e-01 1.824593760073184856e-01 1.790810853242874034e-01 1.760536037385463659e-01 1.733633343875408128e-01 1.710010959208011494e-01 1.689526244997978099e-01 1.671933130919933397e-01 1.656906378269195623e-01 1.644090415537357297e-01 1.633138447999954168e-01 1.623739522695541448e-01 1.615624590218067147e-01 1.608570051193237427e-01 1.602391901612281733e-01 1.596939185261726513e-01 1.592089815437793821e-01 1.587744948267936773e-01
2.613856944441795283e-01 2.514429321885108815e-01 2.436049744486808721e-01 2.365826925635337863e-01 2.302186277508735668e-01 2.243758448958396989e-01 2.189640155434608437e-01 2.139389312267303556e-01 2.092884381115436565e-01 2.050151041150093112e-01 2.011218823492527119e-01 1.976047657430171911e-01 1.944497226178646121e-01 1.916342128813266765e-01 1.891301624476909582e-01 1.869065119326114577e-01 1.849320954084396340e-01 1.831771354377269845e-01 1.816140659153461512e-01 1.802183018624782529e-01
2.923063135147094815e-01 2.810749003291130310e-01 2.714126524329185663e-01 2.623072218894958452e-01 2.538646623492241128e-01 2.463208064436912537e-01 2.398322290182113570e-01 2.343947410583496205e-01 2.298795402050018422e-01 2.261058923602104198e-01 2.228956720232963540e-01 2.200972533226013272e-01 2.175905734300613292e-01 2.152836167812347545e-01 2.131068076193332606e-01 2.110079859197139807e-01 2.089484429359436124e-01 2.069003687798977031e-01 2.048446975648403057e-01 2.027699142694473211e-01
2.647616985440254256e-01 2.598637297749519237e-01 2.563396167755127020e-01 2.531087085604667442e-01 2.501126298308372631e-01 2.472988927364349332e-01 2.446174272894859336e-01 2.420189648866653553e-01 2.394571837782859813e-01 2.368894580006599415e-01 2.342790061235427990e-01 2.315977358818054332e-01 2.288279327750205872e-01 2.259647610783576954e-01 2.230173671245574973e-01 2.200098852813243966e-01 2.169793616235256295e-01 2.139709165692329496e-01 2.110324233770370372e-01 2.082073777914047186e-01
2.981272180378436998e-01 2.794418364763259777e-01 2.642194122076034768e-01 2.515078431367874234e-01 2.408582955598831121e-01 2.318183580040931724e-01 2.240481764078140203e-01 2.173206615447998147e-01 2.114885944128036543e-01 2.064523267745971558e-01 2.021342861652374312e-01 1.984605848789215143e-01 1.953530803322792164e-01 1.927287706732749850e-01 1.905055406689643849e-01 1.886069627106189694e-01 1.869669082760810896e-01 1.855301314592361361e-01 1.842520785331726030e-01 1.830981838703155395e-01
2.045366145670413915e-01 2.019454850256443001e-01 2.003534547984600067e-01 1.988219882547855311e-01 1.973344433307647749e-01 1.958842055499553647e-01 1.944685484468936798e-01 1.930874982476234458e-01 1.917429716885089841e-01 1.904383920133113917e-01 1.891779950261116006e-01 1.879658281803130992e-01 1.868043790757656086e-01 1.856943382322788216e-01 1.846336217224597842e-01 1.836185295879840806e-01 1.826437686383724224e-01 1.817037217319011633e-01 1.807925640046596505e-01 1.799054718017578103e-01
2.181360271573066778e-01 2.125776514410972484e-01 2.085397753119468678e-01 2.049692589044570801e-01 2.017702445387840327e-01 1.988717874884605441e-01 1.962193061411380834e-01 1.937707464396953572e-01 1.914938807487487904e-01 1.893639671802520852e-01 1.873617587983608113e-01 1.854723095893859863e-01 1.836841924488544497e-01 1.819885040819644861e-01 1.803782975673675626e-01 1.788483282923698514e-01 1.773943871259689442e-01 1.760130853950977459e-01 1.747016592323780149e-01 1.734575216472148962e-01
2.546444591879844510e-01 2.408666470646858293e-01 2.313691192865371671e-01 2.242910122871398793e-01 2.189345666766166765e-01 2.147623190283775296e-01 2.113981518149375960e-01 2.085867908596992504e-01 2.061567464470863420e-01 2.039931775629520438e-01 2.020190598070621402e-01 2.001836414635181360e-01 1.984532573819160484e-01 1.968067204952239913e-01 1.952306266129016921e-01 1.937173096835613229e-01 1.922621300816536039e-01 1.908631004393100683e-01 1.895193730294704448e-01 1.882307362556457642e-01
2.754925385117530934e-01 2.628009030222892561e-01 2.530127245187759333e-01 2.446142598986625616e-01 2.373406654596328658e-01 2.309794065356254589e-01 2.253654670715332098e-01 2.203719323873519764e-01 2.159008961915969971e-01 2.118778601288795471e-01 2.082448035478591808e-01 2.049557605385780301e-01 2.019737726449966353e-01 1.992674686014652141e-01 1.968095356225967318e-01 1.945752130448818173e-01 1.925415992736816406e-01 1.906868118047714278e-01 1.889904572069645017e-01 1.874334421753883484e-01
2.844052860140800498e-01 2.656934046745300093e-01 2.511569923162460527e-01 2.391943845152854908e-01 2.292130766808986586e-01 2.209139069914817788e-01 2.141315793991088734e-01 2.086945444345474354e-01 2.043813976645469654e-01 2.009478479623794667e-01 1.981678944826125999e-01 1.958580499887466464e-01 1.938823153078556016e-01 1.921452532708644856e-01 1.905819244682788738e-01 1.891487899422645558e-01 1.878167514503002178e-01 1.865659764409065280e-01 1.853828112781047699e-01 1.842572949826717377e-01
2.164476333558559284e-01 2.133148485422134422e-01 2.112496596574783281e-01 2.092992806434631481e-01 2.074252112209796772e-01 2.056030905246734597e-01 2.038153304159641133e-01 2.020492646098136780e-01 2.002968601882457733e-01 1.985541437566280265e-01 1.968213513493538014e-01 1.951019828021526292e-01 1.934018325805663963e-01 1.917280080914497420e-01 1.900874589383602098e-01 1.884860369563102767e-01 1.869281168282032057e-01 1.854163615405559629e-01 1.839517860114574521e-01 1.825345320999622323e-01
2.568241444230079384e-01 2.505352947115898066e-01 2.455951228737831005e-01 2.408926659822464011e-01 2.363863337039947554e-01 2.320628476142883312e-01 2.279155191779136669e-01 2.239397335052490112e-01 2.201338469982147272e-01 2.165000480413436790e-01 2.130436688661575262e-01 2.097721096873283453e-01 2.066920989751815929e-01 2.038086320459842615e-01 2.011229798197746166e-01 1.986324504017829840e-01 1.963302017748355943e-01 1.942058275640010934e-01 1.922467260062694638e-01 1.904386110603809301e-01
2.305178138613700745e-01 2.244352391362190169e-01 2.201436549425125067e-01 2.162900066375732511e-01 2.127635584771633281e-01 2.094988001883029971e-01 2.064550879597663868e-01 2.036048947274684828e-01 2.009273518621921550e-01 1.984048229455947776e-01 1.960217580199241638e-01 1.937644584476947707e-01 1.916216987371444636e-01 1.895846819877624601e-01 1.876468405127525441e-01 1.858039116859435957e-01 1.840530720353126537e-01 1.823924207687377952e-01 1.808207082748413130e-01 1.793368868529796600e-01
2.585746812820434726e-01 2.507117733359336964e-01 2.451122626662254333e-01 2.403590956330299289e-01 2.362437629699707109e-01 2.325849154591560497e-01 2.292354482412338190e-01 2.260812947154045016e-01 2.230382028222084034e-01 2.200480863451957647e-01 2.170744338631629966e-01 2.140988163650035803e-01 2.111174216866493203e-01 2.081375403702259153e-01 2.051746417582035187e-01 2.022498179972171684e-01 1.993858784437179676e-01 1.966061536967754486e-01 1.939318321645259746e-01 1.913811506330966861e-01
2.802924486994743392e-01 2.597667357325553761e-01 2.457766845822334234e-01 2.359904167056083579e-01 2.289924299716949441e-01 2.237641030550003018e-01 2.196782431006431557e-01 2.163642826676368813e-01 2.136005151271820057e-01 2.112480956315994363e-01 2.092145934700965770e-01 2.074351575970649619e-01 2.058612680435180642e-01 2.044560630619526032e-01 2.031905090808868442e-01 2.020415410399437062e-01 2.009909538924694039e-01 2.000239001214504375e-01 1.991281120479106992e-01 1.982940565049648163e-01
2.633418288826942510e-01 2.539980661869049028e-01 2.467012482881545954e-01 2.403273540735244851e-01 2.347441297769546631e-01 2.298242136836051996e-01 2.254540291428565879e-01 2.215374752879142872e-01 2.179955103993415910e-01 2.147653421759605497e-01 2.117982548475265403e-01 2.090575125813484147e-01 2.065154999494552557e-01 2.041516333818435558e-01 2.019499137997627369e-01 1.998975545167923085e-01 1.979836210608482416e-01 1.961981488764286130e-01 1.945319414138793890e-01 1.929759044945240087e-01
2.829371643066406206e-01 2.723070698976516879e-01 2.633393406867980957e-01 2.550414425134658880e-01 2.473589602112770125e-01 2.402882570028305187e-01 2.338458850979804882e-01 2.280330765247345071e-01 2.228242945671081443e-01 2.181732481718063332e-01 2.140239408612251149e-01 2.103179925680160600e-01 2.069992798566818171e-01 2.040174964070320118e-01 2.013282714784145333e-01 1.988938660919666312e-01 1.966820198297500599e-01 1.946656051278114197e-01 1.928210964798927340e-01 1.911282666027545873e-01
1.998210897296667232e-01 1.952278096973895927e-01 1.921414252370595988e-01 1.894481652975082420e-01 1.870673055946826813e-01 1.849416668713092793e-01 1.830277173221111220e-01 1.812923531234264252e-01 1.797096669673919622e-01 1.782589055597782191e-01 1.769229869544506062e-01 1.756878536939620872e-01 1.745415002107620350e-01 1.734738756716251440e-01 1.724762466549873419e-01 1.715410412847995780e-01 1.706615597009658869e-01 1.698323169350623996e-01 1.690481087565421925e-01 1.683047737181186665e-01
2.337403094768524259e-01 2.265964502096176059e-01 2.219163125753402799e-01 2.177976563572883717e-01 2.140634912252426247e-01 2.106302660703659180e-01 2.074622710049152385e-01 2.045430952310562100e-01 2.018615747988224129e-01 1.994042035937309276e-01 1.971548685431480374e-01 1.950954300165176347e-01 1.932071579992771237e-01 1.914712233841419087e-01 1.898703040182590507e-01 1.883883219957351585e-01 1.870113326609134652e-01 1.857269209623336748e-01 1.845240770280361098e-01 1.833935554325580586e-01
2.894581991434097556e-01 2.760495114326477206e-01 2.646935468912124390e-01 2.539401900768279985e-01 2.437092426419258107e-01 2.341221630573272761e-01 2.253387749195098766e-01 2.174525940418243486e-01 2.104815699160099141e-01 2.043954540789127416e-01 1.991385534405708257e-01 1.946393698453903198e-01 1.908116915822029025e-01 1.875590644776821136e-01 1.847827763855457439e-01 1.823916001617908456e-01 1.803075614571571228e-01 1.784675955772399847e-01 1.768237489461898793e-01 1.753398370742797752e-01
2.716787242889404097e-01 2.597446537017822354e-01 2.503893426060676553e-01 2.422224152088165161e-01 2.349578249454498391e-01 2.284001579880714505e-01 2.224462357163429216e-01 2.170545154809951915e-01 2.122098204493522711e-01 2.078970554471016030e-01 2.040883079171180725e-01 2.007429489493370023e-01 1.978117650747299172e-01 1.952421396970748790e-01 1.929816010594367914e-01 1.909802272915840093e-01 1.891928060352802143e-01 1.875801834464073115e-01 1.861093766987323705e-01 1.847535268962383348e-01
2.580758069455623693e-01 2.502715636789798470e-01 2.437928162515163311e-01 2.377145609259605497e-01 2.321317294239997886e-01 2.270649442076683178e-01 2.224838049709796928e-01 2.183388006687164429e-01 2.145785190165042933e-01 2.111554236710071475e-01 2.080280348658561651e-01 2.051612727344035991e-01 2.025259998440742393e-01 2.000984179973602228e-01 1.978593763709068365e-01 1.957939295470714491e-01 1.938902176916599274e-01 1.921384009718895003e-01 1.905307927727699358e-01 1.890597304701805148e-01
2.771638011932373025e-01 2.692985373735428123e-01 2.630047619342804066e-01 2.570755469799042015e-01 2.514690798521042048e-01 2.461953914165496693e-01 2.412876921892166127e-01 2.367763754725456249e-01 2.326749044656753473e-01 2.289761346578597923e-01 2.256537044048309293e-01 2.226693075895309348e-01 2.199803861975669905e-01 2.175451600551605302e-01 2.153265547752380438e-01 2.132934927940368652e-01 2.114204281568527188e-01 2.096867394447326782e-01 2.080758070945739613e-01 2.065734058618545477e-01
2.387442800402641285e-01 2.328289449214935303e-01 2.290872600674629112e-01 2.261450746655464250e-01 2.237564179301261835e-01 2.217431342601776101e-01 2.199814167618751592e-01 2.183875714242458355e-01 2.169047558307647672e-01 2.154955136775970337e-01 2.141350837051868572e-01 2.128080624341964766e-01 2.115052755177020960e-01 2.102223020792007568e-01 2.089573439955711431e-01 2.077113102376461073e-01 2.064855648577213210e-01 2.052827094495296434e-01 2.041050526499748330e-01 2.029549324512481823e-01
2.802527052164077714e-01 2.625678133964538530e-01 2.485075899958610612e-01 2.370149388909340016e-01 2.277731031179427990e-01 2.203672128915786788e-01 2.143565165996551558e-01 2.093570935726165871e-01 2.050905644893646351e-01 2.013819703459739652e-01 1.981266942620277527e-01 1.952565318346023426e-01 1.927188265323638849e-01 1.904672089219093256e-01 1.884588009119033680e-01 1.866552715003490515e-01 1.850231155753135626e-01 1.835342329740524414e-01 1.821655562520027027e-01 1.808982633054256328e-01
2.518076133728027188e-01 2.469090381264686662e-01 2.432563859224319558e-01 2.397246992588043246e-01 2.362615907192230358e-01 2.328306609392166160e-01 2.294069030880928062e-01 2.259777542948722961e-01 2.225437355041503806e-01 2.191175490617752186e-01 2.157221175730228424e-01 2.123873174190521185e-01 2.091458027064800329e-01 2.060290604829788097e-01 2.030635538697242726e-01 2.002680931985378332e-01 1.976536928117275105e-01 1.952233073115348938e-01 1.929732060432434171e-01 1.908956132829189301e-01
2.363587632775306646e-01 2.298903730511665244e-01 2.247738090157508917e-01 2.200342985987663313e-01 2.156192976236343262e-01 2.115294349193573009e-01 2.077831736207008395e-01 2.043912462890148107e-01 2.013421025872230430e-01 1.986017988622188479e-01 1.961213703453540680e-01 1.938468116521835372e-01 1.917273333668708668e-01 1.897205458581447679e-01 1.877944843471050229e-01 1.859275163710117362e-01 1.841061434149742215e-01 1.823236007988452978e-01 1.805773286521434873e-01 1.788676905632018976e-01
2.323198431730270352e-01 2.253627908229828003e-01 2.204228843748569366e-01 2.160616782307624717e-01 2.121946735680103335e-01 2.087465903162956105e-01 2.056540672481060039e-01 2.028668923676013869e-01 2.003460636734962497e-01 1.980602830648422186e-01 1.959834556281566664e-01 1.940928454697131988e-01 1.923681913316249714e-01 1.907912477850914057e-01 1.893452169001102470e-01 1.880150121450424316e-01 1.867869397997856118e-01 1.856485743820667222e-01 1.845888830721378326e-01 1.835981301963329204e-01
2.440762248635292009e-01 2.339510029554366932e-01 2.262173783779144187e-01 2.197273042798042197e-01 2.142972272634506292e-01 2.097395288944244318e-01 2.058733230829238869e-01 2.025409173965454224e-01 1.996161833405494801e-01 1.970011343061923992e-01 1.946224018931388966e-01 1.924265125393867515e-01 1.903765776753425509e-01 1.884483022987842593e-01 1.866267293691635243e-01 1.849036416411399819e-01 1.832753732800483648e-01 1.817405852675438027e-01 1.802990235388279017e-01 1.789500895142555337e-01
2.247659987211227395e-01 2.200614979863166898e-01 2.170733210444450445e-01 2.145221394300460827e-01 2.122947517037391540e-01 2.103106930851936229e-01 2.085116851329803511e-01 2.068560022115707442e-01 2.053142888844013136e-01 2.038651293516159091e-01 2.024942387640476238e-01 2.011912794411182537e-01 1.999492037296295155e-01 1.987630854547023651e-01 1.976292492449283622e-01 1.965455956757068690e-01 1.955102594196796439e-01 1.945214839279651720e-01 1.935784368216991458e-01 1.926794107258319733e-01
2.728150790929794178e-01 2.643895661830902299e-01 2.587635353207587974e-01 2.538547626137733215e-01 2.493459308147430442e-01 2.450477117300033647e-01 2.408533409237861578e-01 2.367077699303626881e-01 2.325898729264736231e-01 2.285022145509719715e-01 2.244639234244823478e-01 2.205070188641548024e-01 2.166707803308963731e-01 2.129975666105747290e-01 2.095270986855030104e-01 2.062916822731494793e-01 2.033127181231975666e-01 2.005988098680973053e-01 1.981465332210063934e-01 1.959425111114978801e-01
2.593044871091842452e-01 2.536751186847686634e-01 2.493908077478408924e-01 2.452761805057525613e-01 2.413432706892490454e-01 2.376057973504066556e-01 2.340719984471797965e-01 2.307426527142524830e-01 2.276091583073139302e-01 2.246555918455123979e-01 2.218618977069854725e-01 2.192081665992736683e-01 2.166768752038478740e-01 2.142552094161510601e-01 2.119341517984867085e-01 2.097081591188907634e-01 2.075737501680851027e-01 2.055288550257682867e-01 2.035718041658401423e-01 2.017010630667209758e-01
2.350782197713851829e-01 2.222142019867897056e-01 2.124177849292755160e-01 2.045679327845573436e-01 1.983969458937644981e-01 1.936009576916694619e-01 1.898860073089599643e-01 1.869932067394256547e-01 1.847109347581863403e-01 1.828765799105167289e-01 1.813706074655055955e-01 1.801068671047687531e-01 1.790245279669761547e-01 1.780806870758533389e-01 1.772446841001510676e-01 1.764946532249450639e-01 1.758145900070667289e-01 1.751924592256546009e-01 1.746192280948161979e-01 1.740877072513103418e-01
