2.681654872000217571e-01 2.628678020834922524e-01 2.582241527736187092e-01 2.538322062790394074e-01 2.497262647747993392e-01 2.459250386059284310e-01 2.424357229471206798e-01 2.392555932700634047e-01 2.363733479380607516e-01 2.337712381780147619e-01 2.314279067516326893e-01 2.293205285072326682e-01 2.274261489510536194e-01 2.257230585813522206e-01 2.241909685730934243e-01 2.228114229440689154e-01 2.215677925944328219e-01 2.204454517364501931e-01 2.194311803579330478e-01 2.185132881999015675e-01
3.009462900459766166e-01 2.944896385073662026e-01 2.892075520753860651e-01 2.845693171024322732e-01 2.804987454414367698e-01 2.769077107310294883e-01 2.737128224968909951e-01 2.708396679162979326e-01 2.682234737277031100e-01 2.658090880513191423e-01 2.635514509677887030e-01 2.614150294661521934e-01 2.593725836277008256e-01 2.574039012193679588e-01 2.554943305253982722e-01 2.536336320638656883e-01 2.518148493766784735e-01 2.500336220860481240e-01 2.482876029610633917e-01 2.465759488940238997e-01
3.639223913848400049e-01 3.525517119467258542e-01 3.426350589096546218e-01 3.338094685971736975e-01 3.260638824105262512e-01 3.193143123388290650e-01 3.134504494071006508e-01 3.083574828505515897e-01 3.039252543449401656e-01 3.000535845756530651e-01 2.966538295149803162e-01 2.936490541696548662e-01 2.909727582335472351e-01 2.885681453347206382e-01 2.863865831494331604e-01 2.843863421678543002e-01 2.825317630171775840e-01 2.807919052243232905e-01 2.791398853063583596e-01 2.775522074103355386e-01
2.273041909933090077e-01 2.254340568184852733e-01 2.239216414093971319e-01 2.225073358416557179e-01 2.211880290508270175e-01 2.199626508355140564e-01 2.188299614191055176e-01 2.177877745032310575e-01 2.168328660726547286e-01 2.159613391757011502e-01 2.151684877276420493e-01 2.144494521617889282e-01 2.137991264462471008e-01 2.132122454047203075e-01 2.126836231350898720e-01 2.122081547975540050e-01 2.117809039354324463e-01 2.113973179459571750e-01 2.110528680682182412e-01 2.107434707880020130e-01
2.194774089753627755e-01 2.183145374059677069e-01 2.176346988976001762e-01 2.170089004933833943e-01 2.164289581775665217e-01 2.158894512057304427e-01 2.153862769901752350e-01 2.149158401787281125e-01 2.144752636551857106e-01 2.140619374811649211e-01 2.136737380921840679e-01 2.133088326454162520e-01 2.129654195904731873e-01 2.126420205831527632e-01 2.123373371362686224e-01 2.120501619577407904e-01 2.117792946100235107e-01 2.115238028764724609e-01 2.112826399505138286e-01 2.110548974573612235e-01
2.396923494338989158e-01 2.385042159259319339e-01 2.377529694139957350e-01 2.370811069011688199e-01 2.364770722389221147e-01 2.359320966899395022e-01 2.354386478662490734e-01 2.349901685118675199e-01 2.345809876918792669e-01 2.342061427235603288e-01 2.338614347577095132e-01 2.335431012511253457e-01 2.332480376958847024e-01 2.329733435809612230e-01 2.327166961133479983e-01 2.324759237468242701e-01 2.322492834925651561e-01 2.320350731909275044e-01 2.318319076299667492e-01 2.316385798156261333e-01
2.633855035901069841e-01 2.613829532265662947e-01 2.596947483718395344e-01 2.580446608364582173e-01 2.564266656339168615e-01 2.548410478234290899e-01 2.532887320220470473e-01 2.517707276344299250e-01 2.502881273627280967e-01 2.488409322500228782e-01 2.474291805922985144e-01 2.460528145730495331e-01 2.447117811441421598e-01 2.434062024950981173e-01 2.421366520226001795e-01 2.409041185677051611e-01 2.397100712358951613e-01 2.385561119019985188e-01 2.374441875517368239e-01 2.363753688335418768e-01
2.349157528579235155e-01 2.337230549752712383e-01 2.330000528693199069e-01 2.323108211159706227e-01 2.316499561071395930e-01 2.310148091614246391e-01 2.304030326008796592e-01 2.298127177357673634e-01 2.292420740425586689e-01 2.286895275115966852e-01 2.281541690230369512e-01 2.276341904699802354e-01 2.271288530528545457e-01 2.266369962692260653e-01 2.261576886475086257e-01 2.256902568042278290e-01 2.252339009940624304e-01 2.247879607975482863e-01 2.243518055975437242e-01 2.239251065254211359e-01
3.187195609509945182e-01 3.156785917282104448e-01 3.132231363654136569e-01 3.109360426664352639e-01 3.088119229674339272e-01 3.068383622169494895e-01 3.050018331408500538e-01 3.032888072729110762e-01 3.016867378354072815e-01 3.001841792464256531e-01 2.987707218527793640e-01 2.974369600415229797e-01 2.961746600270271368e-01 2.949764671921730197e-01 2.938359060883521945e-01 2.927472463250160306e-01 2.917056471109390481e-01 2.907067918777465620e-01 2.897469463944435386e-01 2.888228690624237149e-01
2.446989119052886963e-01 2.438154372572898798e-01 2.434154468774795410e-01 2.430341288447380177e-01 2.426672834157943826e-01 2.423127838969230674e-01 2.419686096906661921e-01 2.416330027580261275e-01 2.413045310974121227e-01 2.409818357229232821e-01 2.406638479232788008e-01 2.403496697545051686e-01 2.400383129715919495e-01 2.397291934490203835e-01 2.394215777516364996e-01 2.391149225831031844e-01 2.388088625669479437e-01 2.385029891133308433e-01 2.381968876719474659e-01 2.378902971744537298e-01
2.666480107232928054e-01 2.624987735971808234e-01 2.586948549002409115e-01 2.551347502693533942e-01 2.518275960534810953e-01 2.487794995307922308e-01 2.459885341674089565e-01 2.434462705254554771e-01 2.411385188996791884e-01 2.390474969893693902e-01 2.371532940864563010e-01 2.354352725297212678e-01 2.338734534382820029e-01 2.324487580358982064e-01 2.311437378823757161e-01 2.299428215622901783e-01 2.288323175907135132e-01 2.278002691268920799e-01 2.268363523483276356e-01 2.259320002794265869e-01
3.586976172775029892e-01 3.430479551106691560e-01 3.286631421744823367e-01 3.154504808783531455e-01 3.035516825318336220e-01 2.929701340198516690e-01 2.836394490301609173e-01 2.754566256701946325e-01 2.683033648133277826e-01 2.620590241253376029e-01 2.566091808676719821e-01 2.518488290905952498e-01 2.476845175027847235e-01 2.440345710515975930e-01 2.408286735415458568e-01 2.380063137412071206e-01 2.355161362886428744e-01 2.333143451809883140e-01 2.313636040687561124e-01 2.296321833133697643e-01
4.050403426215052338e-01 3.878301690332591756e-01 3.704552397318184309e-01 3.532663663849234803e-01 3.368602079525589987e-01 3.216517566516995386e-01 3.078934620320796789e-01 2.956930458545684592e-01 2.850470419228077201e-01 2.758745727688073912e-01 2.680485776811838416e-01 2.614200590550899705e-01 2.558357867598533564e-01 2.511488734185695626e-01 2.472244307398795971e-01 2.439425076544284865e-01 2.411977240443229642e-01 2.388998638093471627e-01 2.369719804823398612e-01 2.353484737873077492e-01
2.515762372314929718e-01 2.499134150892496076e-01 2.486980259418487549e-01 2.476250634342432033e-01 2.466716159135103337e-01 2.458179115504026402e-01 2.450467394292354661e-01 2.443431100994348515e-01 2.436942252516746399e-01 2.430893982201814685e-01 2.425195275247097049e-01 2.419769839942455258e-01 2.414554017037153222e-01 2.409494202584028244e-01 2.404545794427394856e-01 2.399669885635375977e-01 2.394834940135479040e-01 2.390013018250465304e-01 2.385180035233497586e-01 2.380314974486827939e-01
4.028245786577462906e-01 3.876487647742032916e-01 3.723345224559306832e-01 3.570211269706487500e-01 3.421804097294807168e-01 3.281647691875695938e-01 3.152074883878230871e-01 3.034295764565467790e-01 2.928601931035518802e-01 2.834631344676017961e-01 2.751614350080490157e-01 2.678575262427330128e-01 2.614470677077770366e-01 2.558281028270721347e-01 2.509058879315853030e-01 2.465953864157199860e-01 2.428216579556465027e-01 2.395195414125919353e-01 2.366323345899581931e-01 2.341109174489975076e-01
2.536022166907787589e-01 2.514999501407146343e-01 2.499457065761089281e-01 2.486019572615623396e-01 2.474273794889449984e-01 2.463882930576801189e-01 2.454573513567447629e-01 2.446127296984195731e-01 2.438367287814617035e-01 2.431151697039604098e-01 2.424365095794200897e-01 2.417913286387920468e-01 2.411721155047416576e-01 2.405725707113742784e-01 2.399875809252262071e-01 2.394128914177417744e-01 2.388452394306659621e-01 2.382816696166992210e-01 2.377199006080627508e-01 2.371581986546516529e-01
2.975762885808944658e-01 2.937372812628746277e-01 2.908281856775283836e-01 2.882100087404251276e-01 2.858439391851425038e-01 2.836902391910552934e-01 2.817132589221000849e-01 2.798818513751030190e-01 2.781698486208915577e-01 2.765546929836273371e-01 2.750175902247428694e-01 2.735428208112716808e-01 2.721170055866241611e-01 2.707289177179336703e-01 2.693696615099906988e-01 2.680314636230468617e-01 2.667081746459007419e-01 2.653947699069976740e-01 2.640874007344246044e-01 2.627832388877868741e-01
3.556508168578147999e-01 3.441953735053539520e-01 3.339932383596896925e-01 3.247816324234008567e-01 3.166028292477131023e-01 3.094112460315227575e-01 3.031224492192268194e-01 2.976364839076995894e-01 2.928501996397971929e-01 2.886645749211311229e-01 2.849886941909789972e-01 2.817418089509010071e-01 2.788526272773742543e-01 2.762591594457626254e-01 2.739079228043556080e-01 2.717529466748237477e-01 2.697547090053558083e-01 2.678791376948356784e-01 2.660974198579788008e-01 2.643853658437728682e-01
2.395894837006926625e-01 2.364438812807202472e-01 2.336878342181444301e-01 2.311653160303831223e-01 2.288738375157117755e-01 2.268097403645515375e-01 2.249658498913049698e-01 2.233316165208816539e-01 2.218933896720409471e-01 2.206356889009475630e-01 2.195417413115501315e-01 2.185946185886859794e-01 2.177776260673999764e-01 2.170747925341129370e-01 2.164713440835475955e-01 2.159537371993064947e-01 2.155097928643226746e-01 2.151287910342216392e-01 2.148012810945510997e-01 2.145190140604972817e-01
2.277803766727447554e-01 2.271615880727767822e-01 2.269011470675468545e-01 2.266448518633842335e-01 2.263897135853767395e-01 2.261350196599960227e-01 2.258806371688842907e-01 2.256264859437942527e-01 2.253723949193954523e-01 2.251184457540512107e-01 2.248646682500839156e-01 2.246110624074935946e-01 2.243575987219810497e-01 2.241042715311050426e-01 2.238513323664665100e-01 2.235986500978469904e-01 2.233462226390838523e-01 2.230941584706306324e-01 2.228424873948097185e-01 2.225913220643997159e-01
3.177736116945743539e-01 3.106617374718189106e-01 3.048524549603462419e-01 2.997838771343231401e-01 2.953797465562820190e-01 2.915485557913780057e-01 2.882032364606857411e-01 2.852667659521103127e-01 2.826735615730285867e-01 2.803676524758338950e-01 2.783021149039268671e-01 2.764381417632102989e-01 2.747436586022377059e-01 2.731919473409652466e-01 2.717608189582824685e-01 2.704320871829986594e-01 2.691908591985702759e-01 2.680246192216872991e-01 2.669232708215713568e-01 2.658782267570495850e-01
2.343125937879085574e-01 2.313599601387977545e-01 2.292000204324722290e-01 2.273920327425003052e-01 2.258480076491832800e-01 2.245049802958965224e-01 2.233197535574436288e-01 2.222629168629646212e-01 2.213147437572479115e-01 2.204613406956195953e-01 2.196926593780517689e-01 2.190007209777831976e-01 2.183788883686065552e-01 2.178213068842888012e-01 2.173225253820419423e-01 2.168771249055862493e-01 2.164802208542823680e-01 2.161269173026084955e-01 2.158128669857978799e-01 2.155337926745414801e-01
3.503675094619393415e-01 3.349584517255425609e-01 3.205072513967752723e-01 3.071944312378764308e-01 2.952600719407200702e-01 2.847648195177316932e-01 2.756588197499513782e-01 2.678256446868181317e-01 2.611180245131254352e-01 2.553838849067687766e-01 2.504822383075952508e-01 2.462892879545688640e-01 2.426986983418464583e-01 2.396185906976461277e-01 2.369687251746654399e-01 2.346783858537674072e-01 2.326850084960460641e-01 2.309336453676223699e-01 2.293764054775238037e-01 2.279721188545227040e-01
2.442917045950889487e-01 2.422913062572479292e-01 2.408667492866516102e-01 2.395138943195342929e-01 2.382220795750618070e-01 2.369863712787628196e-01 2.358027973771095187e-01 2.346681937575340327e-01 2.335798838734626792e-01 2.325347104668617215e-01 2.315302562713623113e-01 2.305639290809631259e-01 2.296335464715957564e-01 2.287371480464935325e-01 2.278727063536644115e-01 2.270385238528251637e-01 2.262329837679862843e-01 2.254544802010059468e-01 2.247020865976810389e-01 2.239742244780063563e-01
2.228263163566589489e-01 2.213648940622806593e-01 2.200910884141921986e-01 2.187844422459602478e-01 2.174448689818382352e-01 2.160811784863471974e-01 2.147092670202255249e-01 2.133496023714542278e-01 2.120246201753616389e-01 2.107556992769241411e-01 2.095611456036567677e-01 2.084548372030258223e-01 2.074453625082969543e-01 2.065364852547645624e-01 2.057277587056159929e-01 2.050153422355651955e-01 2.043930646777153137e-01 2.038533437252044722e-01 2.033879128098487754e-01 2.029883632063865795e-01
2.432073150575161102e-01 2.417066414654255035e-01 2.405817434191703796e-01 2.395430526137352079e-01 2.385871480405330758e-01 2.377101117372512895e-01 2.369071497023105544e-01 2.361729767918586687e-01 2.355017679929733154e-01 2.348878714442253213e-01 2.343255057930946350e-01 2.338096614181995325e-01 2.333351887762546428e-01 2.328976084291934923e-01 2.324928842484950964e-01 2.321174339950084764e-01 2.317680001258849987e-01 2.314415864646434673e-01 2.311357204616069916e-01 2.308481015264987890e-01
2.825300322473049408e-01 2.773441714048385798e-01 2.726719161868095265e-01 2.682611979544162750e-01 2.640881943702697576e-01 2.601153168082237510e-01 2.563068597018718919e-01 2.526350001990795291e-01 2.490824000537395499e-01 2.456418517231941101e-01 2.423152947425842307e-01 2.391118952631950401e-01 2.360459750890731845e-01 2.331349125504493802e-01 2.303963309526443348e-01 2.278470772504806452e-01 2.254998579621315113e-01 2.233630383014678922e-01 2.214390388131141640e-01 2.197243359684944164e-01
2.720876414328813331e-01 2.625101450085640109e-01 2.546117409318685576e-01 2.480829992145300034e-01 2.427686806023120758e-01 2.384811362624168485e-01 2.350425305962562661e-01 2.322961175441742021e-01 2.301084280014037975e-01 2.283681881427764848e-01 2.269835700094699760e-01 2.258795201778411865e-01 2.249949854612350586e-01 2.242805331945419423e-01 2.236963079869747073e-01 2.232101689279079315e-01 2.227962458133697643e-01 2.224337832629680600e-01 2.221059094369411402e-01 2.217989876866340582e-01
2.715992800146341257e-01 2.705657902359962508e-01 2.698530209064483598e-01 2.691901983320713065e-01 2.685675858706235708e-01 2.679771432280540489e-01 2.674119549244642347e-01 2.668659975379705229e-01 2.663336738944053761e-01 2.658103804290294914e-01 2.652919437736273034e-01 2.647743757814168819e-01 2.642546078562736378e-01 2.637295322120189467e-01 2.631963564455508942e-01 2.626528592407703644e-01 2.620966896414756997e-01 2.615257774293422433e-01 2.609382617473602339e-01 2.603322225809097112e-01
3.543636012822389825e-01 3.411269350349903084e-01 3.289280048012733215e-01 3.176573763787746696e-01 3.074257527291774927e-01 2.982374286651611195e-01 2.900443203747272713e-01 2.827730599045753523e-01 2.763377891480922610e-01 2.706524039804935611e-01 2.656348219513893216e-01 2.612098851799964927e-01 2.573102489113807678e-01 2.538759505748748868e-01 2.508536392450332886e-01 2.481960126757621898e-01 2.458601963520050115e-01 2.438072493672370777e-01 2.420014330744743314e-01 2.404100155830383168e-01
2.540510275959968478e-01 2.491432923078537032e-01 2.452311694622039684e-01 2.417956885695457525e-01 2.388000231981277366e-01 2.361951014399528426e-01 2.339306482672691423e-01 2.319600096344947848e-01 2.302411299943923906e-01 2.287366926670074407e-01 2.274143061041832004e-01 2.262461480498313970e-01 2.252084040641784690e-01 2.242806270718574468e-01 2.234454786777496371e-01 2.226885175704955977e-01 2.219976022839546259e-01 2.213624003529548745e-01 2.207742714881897050e-01 2.202261286973953291e-01
3.438647494837641649e-01 3.319455586373806222e-01 3.200416464358568081e-01 3.084036556631326587e-01 2.974547289311885723e-01 2.874654407799244193e-01 2.785684514045715376e-01 2.707845040410756798e-01 2.640556064248085200e-01 2.582760401070117728e-01 2.533188809454440804e-01 2.490524132549762626e-01 2.453525112569332201e-01 2.421082964539527926e-01 2.392247074842452914e-01 2.366228984296321891e-01 2.342398677766323045e-01 2.320272092521190599e-01 2.299492307007312830e-01 2.279813314974308003e-01
4.103406551107764422e-01 3.970696778967976459e-01 3.844560124725103223e-01 3.724844436347484744e-01 3.614416933804750487e-01 3.514678744971752034e-01 3.426002946496009560e-01 3.348049415647983418e-01 3.280044415593147411e-01 3.220986068248749001e-01 3.169796153903007285e-01 3.125420370697974959e-01 3.086882382631301880e-01 3.053307855129241966e-01 3.023932409286498868e-01 2.998097026348113814e-01 2.975240042805671892e-01 2.954885515570640497e-01 2.936629995703697316e-01 2.920132964849472268e-01
3.517728795856237545e-01 3.418842078745364943e-01 3.315235088765621230e-01 3.209065487980842790e-01 3.103617348521947594e-01 3.001380071789025994e-01 2.904194273799657888e-01 2.813319951295852883e-01 2.729511952400207608e-01 2.653111646324395889e-01 2.584135208278894313e-01 2.522360584139823891e-01 2.467399786412715901e-01 2.418763901293277674e-01 2.375912882387637981e-01 2.338285404443740945e-01 2.305332322418689739e-01 2.276530085504054890e-01 2.251388345658779100e-01 2.229459184408187911e-01
2.740792953968048118e-01 2.714398595690727389e-01 2.688873380422592274e-01 2.662556901574134605e-01 2.636022534966468989e-01 2.609807655215263256e-01 2.584363278746604764e-01 2.560041126608848527e-01 2.537090140581130804e-01 2.515668684244156128e-01 2.495852077007293668e-01 2.477649915218353149e-01 2.461019414663314919e-01 2.445881900191307079e-01 2.432132190465927102e-01 2.419652384519576926e-01 2.408317017555236805e-01 2.398002171516418479e-01 2.388585442304611284e-01 2.379953151941299472e-01
2.656891912221908680e-01 2.630483451485634006e-01 2.604951485991477966e-01 2.578874108195304826e-01 2.552774646878242515e-01 2.527190122008323714e-01 2.502606907486915611e-01 2.479416713118553217e-01 2.457899135351181152e-01 2.438212850689888134e-01 2.420411533117294289e-01 2.404461205005645752e-01 2.390262407064437933e-01 2.377676543593406633e-01 2.366539865732192882e-01 2.356680549681186565e-01 2.347928594052791640e-01 2.340124894678592693e-01 2.333122275769710652e-01 2.326787975430488487e-01
2.103967235982417971e-01 2.097738896310329393e-01 2.095435149967670441e-01 2.093361411988735321e-01 2.091484221816062861e-01 2.089783568680286530e-01 2.088245838880538885e-01 2.086857497692108099e-01 2.085606822371482982e-01 2.084479752182960555e-01 2.083466327190399148e-01 2.082556053996086065e-01 2.081738838553428561e-01 2.081006094813346863e-01 2.080349215865135160e-01 2.079760634899139315e-01 2.079233056306838967e-01 2.078761193156242471e-01 2.078338551521301258e-01 2.077960088849067632e-01
3.617658170312643140e-01 3.485170485824346520e-01 3.354551203548908345e-01 3.226361461728811109e-01 3.104999662935734039e-01 2.993466731905937150e-01 2.893425557017326177e-01 2.805412225425243378e-01 2.729144424200057872e-01 2.663827824592590598e-01 2.608392544090747944e-01 2.561668533086776667e-01 2.522484856843948409e-01 2.489738404750823919e-01 2.462422776222228937e-01 2.439640691876411305e-01 2.420605853199958857e-01 2.404635113477706920e-01 2.391141945123672619e-01 2.379626810550689586e-01
2.173149031400680442e-01 2.165383312106132496e-01 2.162201237678527954e-01 2.159243401885032609e-01 2.156457576155662581e-01 2.153818824887275829e-01 2.151309123635292142e-01 2.148910397291183549e-01 2.146611475944519010e-01 2.144402295351028331e-01 2.142271390557289046e-01 2.140212553739547774e-01 2.138218668103218090e-01 2.136284902691841237e-01 2.134405755996704179e-01 2.132577586174011219e-01 2.130796790122985729e-01 2.129061466455459684e-01 2.127367347478866522e-01 2.125713366270065297e-01
2.149613061547279436e-01 2.134856438636779652e-01 2.125437685847282321e-01 2.117234793305396989e-01 2.110060274600982777e-01 2.103764927387237471e-01 2.098221313953399780e-01 2.093322837352752652e-01 2.088980823755264282e-01 2.085119518637657265e-01 2.081674492359161244e-01 2.078592258691787653e-01 2.075825089216232211e-01 2.073333993554115351e-01 2.071085473895072915e-01 2.069049978256225497e-01 2.067201989889144997e-01 2.065520229935645935e-01 2.063985332846641485e-01 2.062580877542495861e-01
2.469964697957038879e-01 2.450937756896018893e-01 2.436437040567397960e-01 2.422288781404495217e-01 2.408463515341282002e-01 2.394977153837680728e-01 2.381853488087654069e-01 2.369115124642849068e-01 2.356783962249755782e-01 2.344877378642559185e-01 2.333410985767841450e-01 2.322395440936088629e-01 2.311835682392120450e-01 2.301739354431629192e-01 2.292103511095046897e-01 2.282929052412509818e-01 2.274209541082382324e-01 2.265940588712692383e-01 2.258112467825412750e-01 2.250713792443275463e-01
2.915313042094930807e-01 2.866782118473201746e-01 2.814552917331457071e-01 2.758798197284340614e-01 2.701126512885093645e-01 2.643373322486877175e-01 2.587301600910723032e-01 2.534367831796407455e-01 2.485598002001643270e-01 2.441555461660027404e-01 2.402407673746347339e-01 2.368011078238487221e-01 2.338026022166013740e-01 2.312004075944423809e-01 2.289463042467832499e-01 2.269926878809928883e-01 2.252956055104732569e-01 2.238160729408264216e-01 2.225203543901443370e-01 2.213795663416385784e-01
2.297615835070609958e-01 2.280135649442672774e-01 2.268867290019989102e-01 2.258831104636192244e-01 2.249862965941429038e-01 2.241819009184837230e-01 2.234574303030967823e-01 2.228014710545539734e-01 2.222046101093292370e-01 2.216585013270378213e-01 2.211560860276222118e-01 2.206912729144096252e-01 2.202588248252868586e-01 2.198543995618820190e-01 2.194741255044937167e-01 2.191147905588149980e-01 2.187735411524772688e-01 2.184481155872345093e-01 2.181362780928611800e-01 2.178365546464920144e-01
2.452148285508155834e-01 2.429869553446769581e-01 2.413092997670173712e-01 2.397113314270973294e-01 2.381878754496574435e-01 2.367362058162689187e-01 2.353540679812431424e-01 2.340399208664894204e-01 2.327914574742317166e-01 2.316070985794067283e-01 2.304849007725715548e-01 2.294230967760086115e-01 2.284195879101753313e-01 2.274725428223609847e-01 2.265798580646515015e-01 2.257394522428512462e-01 2.249490895867347628e-01 2.242068588733673040e-01 2.235103720426559470e-01 2.228576508164405723e-01
4.221828378736972587e-01 4.072279017791152200e-01 3.921396090835332915e-01 3.772875694185495177e-01 3.632054655998945281e-01 3.502401605248451344e-01 3.385726635158061715e-01 3.282501818239688673e-01 3.192261902987956756e-01 3.113973318040371141e-01 3.046340095996856734e-01 2.987999796867370494e-01 2.937645915150642328e-01 2.894091096520423623e-01 2.856291407346725486e-01 2.823351314663887224e-01 2.794510746002197288e-01 2.769129970669746421e-01 2.746670722961425670e-01 2.726688772439956887e-01
2.491321521997451882e-01 2.475763839483261231e-01 2.464335897564887967e-01 2.453411236405372564e-01 2.442942100763320912e-01 2.432907199859619118e-01 2.423296466469764820e-01 2.414097160100937001e-01 2.405296719074249134e-01 2.396883499622345093e-01 2.388842287659645180e-01 2.381157195568084639e-01 2.373814144730568010e-01 2.366792118549346791e-01 2.360074746608734064e-01 2.353642335534095742e-01 2.347476318478584345e-01 2.341557285189628523e-01 2.335867041349410922e-01 2.330388972163200401e-01
2.493285655230283726e-01 2.466575730592012461e-01 2.443831948935985543e-01 2.422352362424135264e-01 2.402081505954265506e-01 2.382989136874675840e-01 2.365038482844829537e-01 2.348181377351284127e-01 2.332362918555736520e-01 2.317521332204341977e-01 2.303598907589912426e-01 2.290534260869026284e-01 2.278270687162876063e-01 2.266755338013172194e-01 2.255937665700912531e-01 2.245775547623634349e-01 2.236224852502345928e-01 2.227249906957149417e-01 2.218816064298153035e-01 2.210892151296138808e-01
3.359602075815200650e-01 3.268827694654464766e-01 3.190656104683876060e-01 3.120773757994175224e-01 3.059086683392524542e-01 3.004972441494465074e-01 2.957625204324722534e-01 2.916196489334106356e-01 2.879862567782401905e-01 2.847866573929786482e-01 2.819533210992812844e-01 2.794269239902496538e-01 2.771560707688331404e-01 2.750963696837425143e-01 2.732098880410194219e-01 2.714638331532478466e-01 2.698302933573722973e-01 2.682851105928421021e-01 2.668075242638587863e-01 2.653796896338462830e-01
2.119553078711032823e-01 2.110064883530139990e-01 2.105695347487926417e-01 2.101857683062553495e-01 2.098450884222984314e-01 2.095406629145145361e-01 2.092668057978153140e-01 2.090185880661010742e-01 2.087921868264675240e-01 2.085842026770114987e-01 2.083918765187263433e-01 2.082127963006496496e-01 2.080451638996601016e-01 2.078871138393879048e-01 2.077376189827918884e-01 2.075953790545463640e-01 2.074594649672508173e-01 2.073291891813278109e-01 2.072038418054580611e-01 2.070829580724239394e-01
2.644831562414765580e-01 2.606733452528715023e-01 2.572190221399068832e-01 2.539645858854055471e-01 2.509153978154063380e-01 2.480774957686662785e-01 2.454535400867462192e-01 2.430414850264787652e-01 2.408359268307685985e-01 2.388277164846658585e-01 2.370059067755937443e-01 2.353576052188873224e-01 2.338689329475164280e-01 2.325258337706327394e-01 2.313140904903411843e-01 2.302201108634471804e-01 2.292309209704398998e-01 2.283344206213951122e-01 2.275193811953067913e-01 2.267757546901702781e-01
