4.402703920379281155e-01 4.045921229477971726e-01 3.645280512608587986e-01 3.244990660995245024e-01 2.902115579694509728e-01 2.644971126317978150e-01 2.468479474633932247e-01 2.352398462593555395e-01 2.276526845991611592e-01 2.225976175069808993e-01 2.191042439639568351e-01 2.165744537115097124e-01 2.146496047079563263e-01 2.131147170066833574e-01 2.118412499129772308e-01 2.107506477832794267e-01 2.097949162125587463e-01 2.089428800344467207e-01 2.081734418869018444e-01 2.074732196331024181e-01
2.952279925346374401e-01 2.743452995270490580e-01 2.613965302705764659e-01 2.535964222252368727e-01 2.488296462595462888e-01 2.456862041354179460e-01 2.433599472045898382e-01 2.414271119236946206e-01 2.396781641244888350e-01 2.380120977759361267e-01 2.363854423165321350e-01 2.347798693180084273e-01 2.331911551952361994e-01 2.316203629970550459e-01 2.300704482197761525e-01 2.285455372929573181e-01 2.270496240258216836e-01 2.255859801173210055e-01 2.241578981280326899e-01 2.227676829695701688e-01
2.556345136463641921e-01 2.436106835305690832e-01 2.366048981249332384e-01 2.316842317581176702e-01 2.281379607319831970e-01 2.254939317703247015e-01 2.234529185295104914e-01 2.218264672160148721e-01 2.204950225353241033e-01 2.193805795907974310e-01 2.184316918253898510e-01 2.176116988062858637e-01 2.168954828381538524e-01 2.162633135914802662e-01 2.157006001472473178e-01 2.151957175135612577e-01 2.147394672036170848e-01 2.143242099881172147e-01 2.139439207315445013e-01 2.135930457711219810e-01
4.694623087719083099e-01 4.385484554991125883e-01 4.026208893209695661e-01 3.674139959365129715e-01 3.377247739583253971e-01 3.149740616977214636e-01 2.983041542768478660e-01 2.861337347328662961e-01 2.770127423107623943e-01 2.698666633665561809e-01 2.639754772186279075e-01 2.588874414563179238e-01 2.543293976783752575e-01 2.501401418447494751e-01 2.462265491485595703e-01 2.425357599556446087e-01 2.390395231544971411e-01 2.357215474545955591e-01 2.325738495588302590e-01 2.295920906960964292e-01
3.929133461136370964e-01 3.594351775385439263e-01 3.263465251028537795e-01 2.960924319177866137e-01 2.718739205598831310e-01 2.545370225608348802e-01 2.429106619954109203e-01 2.352544039487838856e-01 2.301165616512298451e-01 2.265164738893508944e-01 2.238524076342582603e-01 2.217697113752365168e-01 2.200621232390403692e-01 2.186094737052917403e-01 2.173389756679534879e-01 2.162058126926422186e-01 2.151812180876731817e-01 2.142457246780395397e-01 2.133849877119064209e-01 2.125894591212272589e-01
2.984335166215896784e-01 2.881444642692804203e-01 2.790083412081003078e-01 2.705391576886176930e-01 2.627966217696666718e-01 2.558733703196048870e-01 2.498353067040443298e-01 2.446879641711711961e-01 2.403764246404170857e-01 2.368037714064121224e-01 2.338553237915038940e-01 2.314168190956115700e-01 2.293881458044052246e-01 2.276851177215576116e-01 2.262413385510444741e-01 2.250051975250244030e-01 2.239372649788856640e-01 2.230065909028053350e-01 2.221900331974029641e-01 2.214692637324333080e-01
2.963291665911674255e-01 2.885034906864166193e-01 2.845070508122444219e-01 2.817741578817367643e-01 2.798890995979309015e-01 2.785536643862724371e-01 2.775665038824081665e-01 2.767940792441367925e-01 2.761494845151901134e-01 2.755748561024665699e-01 2.750326600670814359e-01 2.744969883561134139e-01 2.739491653442382990e-01 2.733765593171119668e-01 2.727685785293579301e-01 2.721167916059494263e-01 2.714139339327812372e-01 2.706537121534347556e-01 2.698295569419860707e-01 2.689360201358795277e-01
3.411046777223236681e-01 3.175015280116349481e-01 2.932286369614303112e-01 2.708551302552223428e-01 2.524237000942230469e-01 2.383639274537563413e-01 2.280044399201869854e-01 2.203846980631351538e-01 2.146886962652206354e-01 2.103357963263988439e-01 2.069398668408393982e-01 2.042425435036420711e-01 2.020677645504474762e-01 2.002890898287296162e-01 1.988131330907344785e-01 1.975709716975689034e-01 1.965101685374975315e-01 1.955909684300422557e-01 1.947842060774564732e-01 1.940677350014448077e-01
2.583917458355426966e-01 2.481269446387887045e-01 2.405443195998668571e-01 2.350059920549392722e-01 2.311072516441345093e-01 2.283786755800247259e-01 2.264267471432685752e-01 2.249707807600498100e-01 2.238280192017555181e-01 2.228858464956283703e-01 2.220769076049327884e-01 2.213618791103363070e-01 2.207172691822051891e-01 2.201289272308349643e-01 2.195880815386772045e-01 2.190889966487884477e-01 2.186268347501754694e-01 2.181985306739807062e-01 2.178008130192756742e-01 2.174310824275016707e-01
2.303005570173263516e-01 2.164946174621582009e-01 2.082505345344543568e-01 2.035883580148220018e-01 2.010807056725025244e-01 1.997354559600353352e-01 1.989722353219985918e-01 1.984846989810466755e-01 1.981212389469146629e-01 1.978102688491344407e-01 1.975207798182964380e-01 1.972394834458827961e-01 1.969618894159793909e-01 1.966870984435081515e-01 1.964154592156410195e-01 1.961477892100811082e-01 1.958848141133785192e-01 1.956270614266395480e-01 1.953751897811889515e-01 1.951288819313049261e-01
2.715269464999437443e-01 2.639131096750497729e-01 2.590481485426425756e-01 2.546899259090423806e-01 2.507288561761379375e-01 2.470863766968250386e-01 2.437057444453239463e-01 2.405467453598976180e-01 2.375805258750915416e-01 2.347866375744342704e-01 2.321495145559310802e-01 2.296574123203754536e-01 2.273007719218730904e-01 2.250719220936298337e-01 2.229640045762062150e-01 2.209711861610412498e-01 2.190882067382335652e-01 2.173102612793445521e-01 2.156329332292079848e-01 2.140519233047962211e-01
3.238181346654891990e-01 3.209667259454727084e-01 3.202149942517280579e-01 3.194547706842422730e-01 3.186702430248260498e-01 3.178568202257156528e-01 3.170120742917060808e-01 3.161341896653175332e-01 3.152218201756477600e-01 3.142746615409851008e-01 3.132918223738670460e-01 3.122727528214454540e-01 3.112167119979858398e-01 3.101237040758133001e-01 3.089929702877998174e-01 3.078239509463310264e-01 3.066170620918273748e-01 3.053714734315872148e-01 3.040871962904930226e-01 3.027646249532699452e-01
4.016025190614163631e-01 3.691242140904069102e-01 3.409112730249762580e-01 3.181829805672168887e-01 3.011161224544048332e-01 2.886807784438133462e-01 2.795665119588375269e-01 2.726574760675430364e-01 2.671530432999134064e-01 2.625274123251438163e-01 2.584516690671443961e-01 2.547225056588649506e-01 2.512165729701518746e-01 2.478584814071655151e-01 2.446036736667156208e-01 2.414262974262237627e-01 2.383146835863590163e-01 2.352645978331565912e-01 2.322794015705585413e-01 2.293655505776405201e-01
4.792235347768291631e-01 4.406042617419734797e-01 3.903329537436366348e-01 3.400686010718345642e-01 2.987362924963236077e-01 2.683380647748708769e-01 2.471140291541814860e-01 2.326664953678846404e-01 2.229474161565303814e-01 2.163950806856155262e-01 2.119021522998809914e-01 2.087282526493072499e-01 2.063982012867927596e-01 2.046157588064670685e-01 2.031970514357089863e-01 2.020289243757724673e-01 2.010403224080800910e-01 2.001854748278856233e-01 1.994337450712919124e-01 1.987641063332557800e-01
4.787018669070676191e-01 4.468476558569818846e-01 4.076369484607130222e-01 3.673350604064762326e-01 3.325733740627765389e-01 3.062423933297395706e-01 2.878872600197792120e-01 2.756203151866793433e-01 2.675136280804872313e-01 2.620972737669944874e-01 2.583776063472032480e-01 2.557179543375969200e-01 2.537169727683067366e-01 2.521221429109573586e-01 2.507711511850356789e-01 2.495572669804096144e-01 2.484071901440620400e-01 2.472685404121875707e-01 2.461015899479389313e-01 2.448743374645709903e-01
2.663740499503910453e-01 2.393527235183864899e-01 2.208536284975707586e-01 2.086198453605175029e-01 2.008333633467555002e-01 1.959230490401387137e-01 1.927936384454369545e-01 1.907488485425710700e-01 1.893659971281886067e-01 1.883922513201832794e-01 1.876778347417712156e-01 1.871328695118427143e-01 1.867031253874301966e-01 1.863543296977877572e-01 1.860653921589255355e-01 1.858220353350043264e-01 1.856146438047289737e-01 1.854359748214483294e-01 1.852810875698923943e-01 1.851460092514753408e-01
3.728442615817766370e-01 3.485192676587030025e-01 3.201289728935807766e-01 2.918011752888560184e-01 2.680397491902112850e-01 2.504378207772970377e-01 2.382483436167240065e-01 2.299898017942905437e-01 2.243292313814163330e-01 2.203091140091419098e-01 2.173073032498359647e-01 2.149385677278041751e-01 2.129719212651252636e-01 2.112692663073539867e-01 2.097497834265232008e-01 2.083645077049732230e-01 2.070848280191421587e-01 2.058923602104187067e-01 2.047759421169757788e-01 2.037269409000873610e-01
4.294224215671419986e-01 3.952298222109675296e-01 3.642959734052419463e-01 3.388095632195472495e-01 3.196318458020687148e-01 3.060227036476135254e-01 2.966846314072608681e-01 2.903739494085311734e-01 2.861167904734611689e-01 2.832202780246734775e-01 2.812147638201713540e-01 2.797895318269729703e-01 2.787412604689598061e-01 2.779371985793113731e-01 2.772900727391243159e-01 2.767426389455795444e-01 2.762565448880195396e-01 2.758061790466308505e-01 2.753738886117935158e-01 2.749471917748451122e-01
3.334276032075285667e-01 3.124227230623364271e-01 2.941796445101499402e-01 2.805119669437408647e-01 2.713344017416238763e-01 2.653542435169219948e-01 2.612266096472740107e-01 2.580167303979397087e-01 2.551895056664943429e-01 2.524750106036662833e-01 2.497600136697292195e-01 2.470185764133930317e-01 2.442725008726119862e-01 2.415676581859588501e-01 2.389578823745250602e-01 2.364919120073318559e-01 2.342081132531166066e-01 2.321288561820983865e-01 2.302637034654617387e-01 2.286094528436660722e-01
4.187472219951450803e-01 3.839195864275097847e-01 3.510400675237178580e-01 3.227636078745126924e-01 3.003447447717189633e-01 2.833602535724639715e-01 2.706735225021839053e-01 2.610882070660591192e-01 2.536283807456493622e-01 2.475875799357891149e-01 2.424893179535865806e-01 2.380256399512291066e-01 2.340052610635757480e-01 2.303113026916980832e-01 2.268756721913814667e-01 2.236595682799816243e-01 2.206411634385585796e-01 2.178085190057754417e-01 2.151547542214393705e-01 2.126745650172233715e-01
3.752365988120436868e-01 3.435235265642404556e-01 3.159645560383796958e-01 2.940723878145217740e-01 2.781838047504425204e-01 2.671543464064597972e-01 2.595288234949111872e-01 2.541135224699974104e-01 2.500851815938949785e-01 2.469211497902870089e-01 2.443045130372047402e-01 2.420463728904723999e-01 2.400347638130188033e-01 2.382038244605064470e-01 2.365143927931785683e-01 2.349429464340209994e-01 2.334740939736366372e-01 2.320976811647415261e-01 2.308067205548286482e-01 2.295953708887100153e-01
2.495475740730762615e-01 2.341157537698745628e-01 2.246703471988439615e-01 2.183539447188377336e-01 2.140542052686214558e-01 2.110044402629137061e-01 2.087249471247196175e-01 2.069268966466188409e-01 2.054395648837089583e-01 2.041608646512031444e-01 2.030305650830268871e-01 2.020103698223829347e-01 2.010766234993934531e-01 2.002134489268064532e-01 1.994095139205455669e-01 1.986575116217136339e-01 1.979510342329740546e-01 1.972854645550251029e-01 1.966574067622423039e-01 1.960637669265270222e-01
5.041470767348072979e-01 4.734383322484791434e-01 4.272691341117024200e-01 3.776460408419370918e-01 3.361105691641569360e-01 3.064024245738983243e-01 2.867018726468086309e-01 2.737857404351234369e-01 2.650342947244644365e-01 2.587602868676185386e-01 2.539780017733573869e-01 2.501317813992500194e-01 2.469030171632766724e-01 2.440959063172340460e-01 2.415791276097297713e-01 2.392575973272323686e-01 2.370607632398605280e-01 2.349363046884536677e-01 2.328477638959884632e-01 2.307707321643829301e-01
3.552566308341920109e-01 3.342806732840836181e-01 3.130500705912709347e-01 2.907757931575178922e-01 2.694165901094675020e-01 2.511367934569716520e-01 2.368052175268530735e-01 2.260797248780727353e-01 2.181346242129802715e-01 2.121661417931318405e-01 2.075634842365980115e-01 2.039109732210636072e-01 2.009382526576518890e-01 1.984722770750522725e-01 1.964010334759950516e-01 1.946490702033042974e-01 1.931625528633594546e-01 1.919004378467798200e-01 1.908302405476570152e-01 1.899235624074935846e-01
3.391456429474055678e-01 3.000759154558181874e-01 2.697542899847030773e-01 2.482617646455764771e-01 2.340098642557859321e-01 2.248088085651397672e-01 2.188615289330482494e-01 2.149338756501674719e-01 2.122443050146102794e-01 2.103163132071494967e-01 2.088654181361198348e-01 2.077219548821449269e-01 2.067847710847854625e-01 2.059914445877075173e-01 2.053039795160293557e-01 2.046971181035041887e-01 2.041541774570941881e-01 2.036631764471530937e-01 2.032153785228729137e-01 2.028040739893913202e-01
2.886569005250930742e-01 2.806073051691055364e-01 2.756524971127510271e-01 2.715432247519493081e-01 2.679851269721985063e-01 2.647769427299499490e-01 2.617895048856735407e-01 2.589441531896591320e-01 2.561953207850456438e-01 2.535173848271369823e-01 2.508963662385940707e-01 2.483239659667015042e-01 2.457942610979080289e-01 2.433035683631896984e-01 2.408503198623657138e-01 2.384364685416221485e-01 2.360662621259689287e-01 2.337454688549041870e-01 2.314813056588173046e-01 2.292798872292041712e-01
3.798537649959325968e-01 3.371219826396554820e-01 3.010539680346846492e-01 2.738196514546871185e-01 2.549901207908987777e-01 2.424823827296495315e-01 2.341650027036666915e-01 2.284365969151258557e-01 2.242453054338693630e-01 2.209468227624893089e-01 2.181598351150751125e-01 2.156654558330774185e-01 2.133417667448520572e-01 2.111241629719734225e-01 2.089821970462799050e-01 2.069053009152412304e-01 2.048939388245344106e-01 2.029546511173248302e-01 2.010967911779880657e-01 1.993303364515304488e-01
3.820486018061637901e-01 3.416188479959964552e-01 3.077022042870521390e-01 2.820342844724655351e-01 2.640774200856685905e-01 2.519124901294708119e-01 2.436126273870468095e-01 2.377321404218673828e-01 2.333217188715934753e-01 2.298018290102481764e-01 2.268330121040344205e-01 2.242225976288318712e-01 2.218630225956439994e-01 2.196951951086521249e-01 2.176870279014110621e-01 2.158208446204662456e-01 2.140853317081928275e-01 2.124728170037269714e-01 2.109759631752967934e-01 2.095875407755374842e-01
3.393655499164014988e-01 3.112236641999334141e-01 2.840574554353952341e-01 2.618798382580280193e-01 2.462791892886161682e-01 2.363310842216014840e-01 2.302466046810150158e-01 2.264799578487873000e-01 2.240083530545234625e-01 2.222341623902320817e-01 2.208313259482383717e-01 2.196275326609611611e-01 2.185350751876831144e-01 2.175088280439376742e-01 2.165270665287971630e-01 2.155795705318450939e-01 2.146613302826881342e-01 2.137700423598289379e-01 2.129045072197914001e-01 2.120648944377899192e-01
2.644536550343036807e-01 2.592075552791356929e-01 2.548208940029144109e-01 2.502760876715183214e-01 2.453772194683551677e-01 2.400267000496387471e-01 2.342512838542461506e-01 2.282345615327358301e-01 2.223141230642795563e-01 2.169011655449867293e-01 2.123331981897354226e-01 2.087501546740531955e-01 2.060832437872886780e-01 2.041421493887901339e-01 2.027181853353977325e-01 2.016407099366188116e-01 2.007909914851188637e-01 2.000931882858276445e-01 1.995013123750686568e-01 1.989869007468223483e-01
3.576119131408631580e-01 3.259837728738784746e-01 3.040521753579378261e-01 2.911863739788532190e-01 2.844787557423114621e-01 2.812325266003608548e-01 2.797342783212661832e-01 2.790623351931572071e-01 2.787588241696357660e-01 2.786062958836555414e-01 2.785050341486930980e-01 2.784102126955986245e-01 2.783030512928962863e-01 2.781767258048057356e-01 2.780284696817398316e-01 2.778577017784118475e-01 2.776642200350761258e-01 2.774482402205467046e-01 2.772084194421768344e-01 2.769436690211296015e-01
3.075116229802369872e-01 2.891834713518619537e-01 2.770435650646686510e-01 2.680634526908397541e-01 2.613200441002845875e-01 2.560798832774162093e-01 2.518372055888176142e-01 2.482664763927459606e-01 2.451650756597519021e-01 2.424087107181548961e-01 2.399204465746879456e-01 2.376525202393531822e-01 2.355727097392082137e-01 2.336586332321166914e-01 2.318939110636711043e-01 2.302650415897369296e-01 2.287602192163467330e-01 2.273697790503501903e-01 2.260839566588401794e-01 2.248944467306137063e-01
3.031022364122327173e-01 2.828195905731991089e-01 2.591615156643092832e-01 2.365265962854027626e-01 2.189771904051303897e-01 2.074702338129282009e-01 2.006856065988540661e-01 1.968627312779426541e-01 1.946903938055038474e-01 1.933867259323596988e-01 1.925313312560320012e-01 1.919094504415989055e-01 1.914138561487197798e-01 1.909922202676534730e-01 1.906182433664798670e-01 1.902787657082080919e-01 1.899666488915681961e-01 1.896780931949615390e-01 1.894103547930717502e-01 1.891615284979343281e-01
3.360868383944034532e-01 3.126523654907941707e-01 2.948913449048995994e-01 2.812641237676143380e-01 2.710725110769272028e-01 2.634370216727257019e-01 2.575884124636649841e-01 2.529523804783820884e-01 2.491368752717971757e-01 2.458900788426399142e-01 2.430555453896522389e-01 2.405376687645912059e-01 2.382767769694328353e-01 2.362342625856399536e-01 2.343824893236160223e-01 2.327007260918617371e-01 2.311716574430465743e-01 2.297800853848457336e-01 2.285125529766082741e-01 2.273568984866142229e-01
4.716130895214155072e-01 4.257887163758277693e-01 3.682721835374831998e-01 3.173131045699119634e-01 2.817333306372165613e-01 2.596728549897670546e-01 2.463666017353534632e-01 2.380779266357421764e-01 2.325617653131485107e-01 2.285911360383033886e-01 2.255146297812461731e-01 2.229856914281845015e-01 2.208169642090797302e-01 2.189034205675125244e-01 2.171837371587753418e-01 2.156202852725982722e-01 2.141879063844680797e-01 2.128690722584724304e-01 2.116506719589233421e-01 2.105220037698745661e-01
2.707566869258880571e-01 2.593204885721206443e-01 2.528965544700622625e-01 2.481404408812522833e-01 2.443867018818855208e-01 2.412305790185928223e-01 2.384416893124580439e-01 2.358905261754989657e-01 2.335067912936210632e-01 2.312515574693679854e-01 2.291033235192298789e-01 2.270509347319603077e-01 2.250872647762298673e-01 2.232091253995895364e-01 2.214134475588798445e-01 2.196987144649028834e-01 2.180632099509239308e-01 2.165055933594703663e-01 2.150236065685749154e-01 2.136155810952186651e-01
2.778727960586547807e-01 2.685113402456045240e-01 2.633427073061466173e-01 2.595654325932264528e-01 2.566304978728294328e-01 2.541437946259975655e-01 2.518382720649242623e-01 2.495438492298126254e-01 2.471609604358672996e-01 2.446413052082061779e-01 2.419702486693859067e-01 2.391542302072048320e-01 2.362128946185111933e-01 2.331721843779087089e-01 2.300620532035827503e-01 2.269133294373750775e-01 2.237582898885011606e-01 2.206274586170911822e-01 2.175503360480069981e-01 2.145547688752412752e-01
2.299619302153587397e-01 2.231832062453031618e-01 2.189594189822673675e-01 2.155504243075847537e-01 2.127246901392936818e-01 2.103361143171787184e-01 2.082874709367752153e-01 2.065128125250339508e-01 2.049647235870361295e-01 2.036068353056907643e-01 2.024103890359401636e-01 2.013522370159626096e-01 2.004123038053512440e-01 1.995743902027606875e-01 1.988240623474121227e-01 1.981493566930294103e-01 1.975409120321273693e-01 1.969898927211761464e-01 1.964892216026782878e-01 1.960329033434390911e-01
3.178398308157920904e-01 3.136521002650261014e-01 3.115855714678764099e-01 3.094066536426544056e-01 3.071074613928794772e-01 3.046891191601753257e-01 3.021536374092101962e-01 2.995035928487777555e-01 2.967428341507911682e-01 2.938771054148673900e-01 2.909125515818595797e-01 2.878575298190116927e-01 2.847220319509506381e-01 2.815166205167770608e-01 2.782534506916999884e-01 2.749463137984275996e-01 2.716096687316894576e-01 2.682585257291794090e-01 2.649096921086311340e-01 2.615787979960441656e-01
2.882915863394737155e-01 2.855796441435813904e-01 2.847574394941330134e-01 2.839733257889747731e-01 2.831999656558036871e-01 2.824264973402023093e-01 2.816464444994926652e-01 2.808571735024452121e-01 2.800570982694625677e-01 2.792456850409507640e-01 2.784227713942527549e-01 2.775883543491363681e-01 2.767429241538048035e-01 2.758865582942962580e-01 2.750198432803154236e-01 2.741428819298744046e-01 2.732560777664184704e-01 2.723598542809486656e-01 2.714547321200370678e-01 2.705411738157272317e-01
3.979079605359583938e-01 3.557393254525959558e-01 3.152886991202831224e-01 2.829520182311535126e-01 2.606016910076141557e-01 2.462910239398479473e-01 2.373158255219459667e-01 2.315853223204612787e-01 2.277720600366592296e-01 2.250959345698356762e-01 2.231109854578971763e-01 2.215615919232368503e-01 2.202997153997421353e-01 2.192368292808532793e-01 2.183190757036209129e-01 2.175110420584678572e-01 2.167896765470504750e-01 2.161385276913642961e-01 2.155461263656616167e-01 2.150029850006103527e-01
2.332208513468503885e-01 2.233516041934490159e-01 2.172707366198301238e-01 2.131664541363716137e-01 2.102095675468444724e-01 2.078866372257471007e-01 2.059164208918810024e-01 2.041560308635234910e-01 2.025365639477968160e-01 2.010264975577592816e-01 1.996119518578052532e-01 1.982873044908046722e-01 1.970493158698082004e-01 1.958966550230979986e-01 1.948274041712284022e-01 1.938392347097396828e-01 1.929292776435613532e-01 1.920940206944942441e-01 1.913300377875566394e-01 1.906331981718540070e-01
2.719857022166252136e-01 2.617022947967052593e-01 2.546724717319011622e-01 2.486027313768863767e-01 2.431772746145725306e-01 2.382497000694275002e-01 2.337795580923557326e-01 2.297571815550327190e-01 2.261627006530761708e-01 2.229569512605667214e-01 2.200918468832969710e-01 2.175207699835300379e-01 2.152032586932182412e-01 2.131050623953342493e-01 2.111993466317653723e-01 2.094637587666511591e-01 2.078800801932811637e-01 2.064327494800090868e-01 2.051083400845527538e-01 2.038954101502895300e-01
3.771066362224519408e-01 3.417442537657916501e-01 3.117191890627145634e-01 2.870864321663975649e-01 2.679026009142398967e-01 2.533063446730375312e-01 2.422237943112850178e-01 2.337145525217056152e-01 2.270714052021503560e-01 2.217957349121570665e-01 2.175426112115383115e-01 2.140723389387130804e-01 2.112149327993392833e-01 2.088464717566967110e-01 2.068738454580306974e-01 2.052247099578380640e-01 2.038409394025802734e-01 2.026755420863628476e-01 2.016900674998760301e-01 2.008516512811183985e-01
2.250166851282119629e-01 2.205520027875900180e-01 2.186886438727378978e-01 2.170865067839622409e-01 2.156560555100441035e-01 2.143477305769920238e-01 2.131313773989677307e-01 2.119895446300506525e-01 2.109105986356735185e-01 2.098875075578689464e-01 2.089152312278747536e-01 2.079901684820651964e-01 2.071099391579628024e-01 2.062719391286373105e-01 2.054740032553672713e-01 2.047148554027080625e-01 2.039928779006004445e-01 2.033061873912811179e-01 2.026534023880958435e-01 2.020331081748008850e-01
2.918282214924692863e-01 2.783521559834480352e-01 2.660931816697120755e-01 2.556975072622298950e-01 2.475578881055116587e-01 2.415388786792755094e-01 2.372206901013851066e-01 2.341356229782104448e-01 2.318923196196556180e-01 2.302062882483005557e-01 2.288864007592201211e-01 2.278107127547264188e-01 2.269026371836662392e-01 2.261144268512725874e-01 2.254165118932723866e-01 2.247895964980125560e-01 2.242213758826255843e-01 2.237031385302543640e-01 2.232286122441291820e-01 2.227929028868675110e-01
2.451903484761714935e-01 2.382077243924140830e-01 2.334531910717487224e-01 2.292563486099243042e-01 2.255808827280998130e-01 2.223838096857070901e-01 2.196128031611442599e-01 2.172137269377708568e-01 2.151347050070762656e-01 2.133293366432189864e-01 2.117556536197662265e-01 2.103788599371910206e-01 2.091680195927619890e-01 2.080976587533950872e-01 2.071457391977310214e-01 2.062936976552009471e-01 2.055261644721031178e-01 2.048301145434379689e-01 2.041940942406654247e-01 2.036087706685066334e-01
3.464592276513576707e-01 3.234138311445712843e-01 3.066937458515167081e-01 2.944831442832946955e-01 2.857505232095718384e-01 2.794331443309783780e-01 2.746901151537894936e-01 2.709277287125587685e-01 2.677533248066902294e-01 2.649150800704955788e-01 2.622557172179222351e-01 2.596795383095741316e-01 2.571286571025848122e-01 2.545712864398956277e-01 2.519906145334243619e-01 2.493803974986076311e-01 2.467418035864830106e-01 2.440797951817512412e-01 2.414034876227378890e-01 2.387234100699424655e-01
2.876164396107196985e-01 2.666050542891025277e-01 2.517880553007125766e-01 2.414342451095581044e-01 2.344446444511413541e-01 2.297224584221840005e-01 2.264412465691566512e-01 2.240511292219161954e-01 2.222105595469474892e-01 2.207131081819534435e-01 2.194363254308700495e-01 2.183068218827247664e-01 2.172808778285980347e-01 2.163314956426620472e-01 2.154420971870422419e-01 2.146015360951423756e-01 2.138026052713394298e-01 2.130404618382454041e-01 2.123112994432449219e-01 2.116120618581771862e-01
2.651578979566693306e-01 2.549298570305109091e-01 2.496673313528299243e-01 2.465027990192174834e-01 2.445977326482534353e-01 2.434290056675672553e-01 2.426881523430347576e-01 2.421955890953540746e-01 2.418484124541282754e-01 2.415859609842300471e-01 2.413724628090858360e-01 2.411859808862209242e-01 2.410127137601375535e-01 2.408438405394554005e-01 2.406728792190551691e-01 2.404952989518642503e-01 2.403073273599147797e-01 2.401057751476764757e-01 2.398881390690803528e-01 2.396515518426895197e-01
