3.231028131768107214e-01 3.013820566982030602e-01 2.791849793493747511e-01 2.590206867456436024e-01 2.429739370942115839e-01 2.313174869120120936e-01 2.233107800781726771e-01 2.179756146669387940e-01 2.144668409228324968e-01 2.121635171771049377e-01 2.106426766514778171e-01 2.096268421411514316e-01 2.089372175931930586e-01 2.084593659639358554e-01 2.081198954582214322e-01 2.078717595338821500e-01 2.076842683553695723e-01 2.075377449393272511e-01 2.074192494153976329e-01 2.073200079798698525e-01
4.186654387880116568e-01 3.882499962486326561e-01 3.575027165189385570e-01 3.288129959255456924e-01 3.039588358998298601e-01 2.835467834025621192e-01 2.673663645982742310e-01 2.548041950166225478e-01 2.451436452567577473e-01 2.377244620025157906e-01 2.320003740489482991e-01 2.275445696711540233e-01 2.240342195332050423e-01 2.212284328043460924e-01 2.189496544003486644e-01 2.170679929852485646e-01 2.154878249764442533e-01 2.141386112570762557e-01 2.129687236249446780e-01 2.119399283826351177e-01
2.571834872663021354e-01 2.523922674357891305e-01 2.483658884465694550e-01 2.442845515906810760e-01 2.401836366951465573e-01 2.361323608458042178e-01 2.322172564268112083e-01 2.285243682563304901e-01 2.251233448088169053e-01 2.220572528243064947e-01 2.193402022123336903e-01 2.169625008106231823e-01 2.148965358734130915e-01 2.131073299050331160e-01 2.115573111176490828e-01 2.102103346586227384e-01 2.090345728397369485e-01 2.080031204223632690e-01 2.070930820703506536e-01 2.062856641411781322e-01
3.301982340216636502e-01 3.206229567527770774e-01 3.138495847582817300e-01 3.084992864727973960e-01 3.043242412805557406e-01 3.010785090923309149e-01 2.985510006546974182e-01 2.965719360113143743e-01 2.950078684091568260e-01 2.937565782666206604e-01 2.927409341931342945e-01 2.919024616479873879e-01 2.911970880627632319e-01 2.905919679999351413e-01 2.900621205568313377e-01 2.895891204476356284e-01 2.891589021682739458e-01 2.887608724832534945e-01 2.883869048953056069e-01 2.880311191082000621e-01
2.823168514668941698e-01 2.693239991366863095e-01 2.599214521050453031e-01 2.525908634066581504e-01 2.469101768732070989e-01 2.424766676127910747e-01 2.389603066444397073e-01 2.361096937954425823e-01 2.337377193570137068e-01 2.317094142735004469e-01 2.299292100965976693e-01 2.283291466534137781e-01 2.268611760437488634e-01 2.254923786222934601e-01 2.241990895569324627e-01 2.229649965465068939e-01 2.217789429426193226e-01 2.206328539550304335e-01 2.195213429629802593e-01 2.184404240548610820e-01
3.839955490827560158e-01 3.764119213819503984e-01 3.705213838815689109e-01 3.652656508982181638e-01 3.606597247719764976e-01 3.566788223385810586e-01 3.532772105932235895e-01 3.503969866037368597e-01 3.479747006297111422e-01 3.459462812542915544e-01 3.442518195509910450e-01 3.428357440233230635e-01 3.416486367583274619e-01 3.406487786769866744e-01 3.397996905446052374e-01 3.390716132521629511e-01 3.384392258524894781e-01 3.378824058175087242e-01 3.373839685320854098e-01 3.369305706024169900e-01
2.415395003557205267e-01 2.363711237907409612e-01 2.333416455984115567e-01 2.309840869903564409e-01 2.291131734848022572e-01 2.275893649458885226e-01 2.263107773661613420e-01 2.252064749598503002e-01 2.242263102531433239e-01 2.233350577950477533e-01 2.225088715553283636e-01 2.217304328083992138e-01 2.209880745410919278e-01 2.202736058831215038e-01 2.195811292529106229e-01 2.189066541194915894e-01 2.182471847534179776e-01 2.176007750630378768e-01 2.169657206535339222e-01 2.163411954045295627e-01
2.273910463135689619e-01 2.178089546505361795e-01 2.111194170359522171e-01 2.059751268755644626e-01 2.019855702854692903e-01 1.988536821119487319e-01 1.963664092868566413e-01 1.943713608570396822e-01 1.927582405693828993e-01 1.914451195485890045e-01 1.903696799464523748e-01 1.894845087826252106e-01 1.887518819794058722e-01 1.881419857963919640e-01 1.876315893605351448e-01 1.872016943618655116e-01 1.868374359607696544e-01 1.865266678854823057e-01 1.862600126117467947e-01 1.860296015813946713e-01
3.756233303621411279e-01 3.491290496289730094e-01 3.261072778701782360e-01 3.068685866892337799e-01 2.916642330586910470e-01 2.800610683858394401e-01 2.713515129685402094e-01 2.648178586363792442e-01 2.598521122336387434e-01 2.559868869185447648e-01 2.528812220692634449e-01 2.502965414524078169e-01 2.480670341849326999e-01 2.460816201567649908e-01 2.442641860246658192e-01 2.425639742612838712e-01 2.409477341175079446e-01 2.393925115466117859e-01 2.378841283917426941e-01 2.364129468798637501e-01
4.756756332516670072e-01 4.621058545028791098e-01 4.422644229698926011e-01 4.150721104443073073e-01 3.842216337472200149e-01 3.540323761478066378e-01 3.271863633394241355e-01 3.047259148210287316e-01 2.866940188407898216e-01 2.726409814506769447e-01 2.619035887718200728e-01 2.537756304442882471e-01 2.476163518428802501e-01 2.429001487791538350e-01 2.392234525084495633e-01 2.362897926568985063e-01 2.338873179256916179e-01 2.318678174912929546e-01 2.301283796131610992e-01 2.285984891653060902e-01
2.432435747981071539e-01 2.391581767797470170e-01 2.367346848547458582e-01 2.347604700922966137e-01 2.331276807188987776e-01 2.317539027333259671e-01 2.305776694416999950e-01 2.295544210076332081e-01 2.286515080928802623e-01 2.278450104594230696e-01 2.271177452802658203e-01 2.264564552903175487e-01 2.258517515659332342e-01 2.252959102392196600e-01 2.247835060954093966e-01 2.243096038699149974e-01 2.238708955049514837e-01 2.234640240669250599e-01 2.230864599347114618e-01 2.227359029650688160e-01
3.991725398972630345e-01 3.749111630581319354e-01 3.526928362250327798e-01 3.330239841714501270e-01 3.164451997354626456e-01 3.029304572194814749e-01 2.921419314667582645e-01 2.836210326105356172e-01 2.769051580876111807e-01 2.715864308923482962e-01 2.673311854898929862e-01 2.638771940022707208e-01 2.610241579264402367e-01 2.586216260492801844e-01 2.565570960938930445e-01 2.547470529377460213e-01 2.531288440525532035e-01 2.516557494550943352e-01 2.502918228507041709e-01 2.490092052519321530e-01
2.531298178434371882e-01 2.404078057408332858e-01 2.315221390128135714e-01 2.249276323616504758e-01 2.200747562944889157e-01 2.164801694452762604e-01 2.137720473110675812e-01 2.116816367208957661e-01 2.100209940969944011e-01 2.086603344976901975e-01 2.075122778117656774e-01 2.065170074999332361e-01 2.056345821917057171e-01 2.048379661142826214e-01 2.041083239018917084e-01 2.034326393902301799e-01 2.028021551668643951e-01 2.022100636363029502e-01 2.016518121957778797e-01 2.011236935853958074e-01
2.530168601870536604e-01 2.511830964684486633e-01 2.502289074659347357e-01 2.492909505963325500e-01 2.483629330992698780e-01 2.474425026774406400e-01 2.465285381674766629e-01 2.456207093596458335e-01 2.447183862328529413e-01 2.438225317001342651e-01 2.429332622885704007e-01 2.420512425899505604e-01 2.411771589517593406e-01 2.403116473555564903e-01 2.394558948278427135e-01 2.386103850603103760e-01 2.377760401368141097e-01 2.369537922739982649e-01 2.361442747712135248e-01 2.353482940793037437e-01
3.076780809462070221e-01 2.980118308961391405e-01 2.911281694471836157e-01 2.854258400201797330e-01 2.806737574934959345e-01 2.766561713814735257e-01 2.731936895847320579e-01 2.701470267772674294e-01 2.674096214771271018e-01 2.649029102921485745e-01 2.625686261057853521e-01 2.603650411963462918e-01 2.582625600695609980e-01 2.562398758530616827e-01 2.542820605635642828e-01 2.523797976970672541e-01 2.505257081985473588e-01 2.487156760692596502e-01 2.469468346238136158e-01 2.452169516682624895e-01
3.767715629376471309e-01 3.541870088316499965e-01 3.338676691800355756e-01 3.155508075654506750e-01 2.994796302914619623e-01 2.856174041703343214e-01 2.737930278852582222e-01 2.637517359852790677e-01 2.552110803127288774e-01 2.479052198678255159e-01 2.416073458641767591e-01 2.361351279169321138e-01 2.313453859835863102e-01 2.271261163800954719e-01 2.233885646611452058e-01 2.200621324777603249e-01 2.170885360985994328e-01 2.144203744828701019e-01 2.120175766944885354e-01 2.098471719026565596e-01
2.480732594430446747e-01 2.456907860934734456e-01 2.443700423836707991e-01 2.431165029108524334e-01 2.419138631224632130e-01 2.407549846172332697e-01 2.396346405148506165e-01 2.385500918328762043e-01 2.374990655481815371e-01 2.364807870984077520e-01 2.354948055744171265e-01 2.345408441126346499e-01 2.336187647283077262e-01 2.327286197245120869e-01 2.318707191944122392e-01 2.310449923574924569e-01 2.302514955401420704e-01 2.294903178513049979e-01 2.287612478435039620e-01 2.280643048882484425e-01
2.904673471220303171e-01 2.826362944277934774e-01 2.741018740646541385e-01 2.648931364342570483e-01 2.554806542210281139e-01 2.464080121740698792e-01 2.381571791321039078e-01 2.310432222113013301e-01 2.251752592623233740e-01 2.204863806068897147e-01 2.168015326559543654e-01 2.139078605920076426e-01 2.116038147360086441e-01 2.097207640111446447e-01 2.081319603323936451e-01 2.067456537485122814e-01 2.054992830753326338e-01 2.043513960391283024e-01 2.032747741043567646e-01 2.022524327784776810e-01
2.296704332530498383e-01 2.243312373757362366e-01 2.204036536812782332e-01 2.170576174557209137e-01 2.142112554609775510e-01 2.117851552367210344e-01 2.097045187652110954e-01 2.079043705761432770e-01 2.063311010599136464e-01 2.049417178332805511e-01 2.037033200263977106e-01 2.025903154909610704e-01 2.015834596753120489e-01 2.006677141785621621e-01 1.998315472900867584e-01 1.990660725533962283e-01 1.983635404706001193e-01 1.977181316912174358e-01 1.971243867278099082e-01 1.965780515968799658e-01
2.844411614630371066e-01 2.721733666583895928e-01 2.600717083737253965e-01 2.490080356970429398e-01 2.398140030354261321e-01 2.327799972891807512e-01 2.277387186884879955e-01 2.242930673062801250e-01 2.220112454891204901e-01 2.205263394117355225e-01 2.195648992061615123e-01 2.189382305741310042e-01 2.185214491188526287e-01 2.182350507378578164e-01 2.180286610126495328e-01 2.178714254498481662e-01 2.177450120449066218e-01 2.176377865672111389e-01 2.175427892804145946e-01 2.174564835429191600e-01
3.142437326908111839e-01 3.123957344889640719e-01 3.115244120359420554e-01 3.106482866406440890e-01 3.097586724162101901e-01 3.088521435856819153e-01 3.079260039329528853e-01 3.069782778620719910e-01 3.060073032975196838e-01 3.050113102793693409e-01 3.039891302585601696e-01 3.029397597908973783e-01 3.018621480464935281e-01 3.007552286982536072e-01 2.996184369921684465e-01 2.984505769610404924e-01 2.972514256834983826e-01 2.960203176736831421e-01 2.947569596767425359e-01 2.934612411260604792e-01
3.564852398633956976e-01 3.476406657695770286e-01 3.413467520475387817e-01 3.360816490650176958e-01 3.316904765367507668e-01 3.280089783668518333e-01 3.248906007409095853e-01 3.222110036015510826e-01 3.198683038353919983e-01 3.177812960743904291e-01 3.158854275941848644e-01 3.141299718618392744e-01 3.124756935238838240e-01 3.108917045593261874e-01 3.093541234731674305e-01 3.078444948792457558e-01 3.063485479354858265e-01 3.048551914095878335e-01 3.033561190962791310e-01 3.018451219797134155e-01
3.867897370571153903e-01 3.776977844629436643e-01 3.676021862559719078e-01 3.552235482377000264e-01 3.395404488360509454e-01 3.206983919534832084e-01 3.006650306656956650e-01 2.822875327989459171e-01 2.675297671556473023e-01 2.567646555602550729e-01 2.493195664882660034e-01 2.442432764172554061e-01 2.407224665582179957e-01 2.381818112730979820e-01 2.362507823109626648e-01 2.347006455063819774e-01 2.333934655785560586e-01 2.322469133138656550e-01 2.312118831276893660e-01 2.302580472826957769e-01
4.251832069456577545e-01 4.123704250901937263e-01 4.008236445859074681e-01 3.898344941437244526e-01 3.795968560874461994e-01 3.702150632441043587e-01 3.617280694097280702e-01 3.541264824569225200e-01 3.473652374744415350e-01 3.413752923905849501e-01 3.360740420222282365e-01 3.313726191222667872e-01 3.271834376454353377e-01 3.234233276546001346e-01 3.200165826082229659e-01 3.168957559764385423e-01 3.140033525228500544e-01 3.112894032895565100e-01 3.087125149369239763e-01 3.062376448512077465e-01
3.393510438350494929e-01 3.151924633467569903e-01 2.898070411942899050e-01 2.656751267984509557e-01 2.453419738262891669e-01 2.297510654479265335e-01 2.185426838696002960e-01 2.107906338199972973e-01 2.055284204334020537e-01 2.019699272513389710e-01 1.995455618202686410e-01 1.978671790659427554e-01 1.966776700317859616e-01 1.958098932355642197e-01 1.951549434661865312e-01 1.946426813304424353e-01 1.942271360754966869e-01 1.938785194605588957e-01 1.935770561546087398e-01 1.933094690740108368e-01
2.979389659874140950e-01 2.879768786951899529e-01 2.794247157499193945e-01 2.720318819209933126e-01 2.658119131997227491e-01 2.607141964882612184e-01 2.566209827363490903e-01 2.533736153692007220e-01 2.508026605844497769e-01 2.487494823336601213e-01 2.470784600079059534e-01 2.456795583665370986e-01 2.444673296809196372e-01 2.433768422901630424e-01 2.423593617975711711e-01 2.413787828385829948e-01 2.404091964662075087e-01 2.394320388138294342e-01 2.384348008036613342e-01 2.374095937609672635e-01
3.088817708566785059e-01 2.932029487937689027e-01 2.797204029560089178e-01 2.686153582483530311e-01 2.598307031393051192e-01 2.530418579280376279e-01 2.478219048678874936e-01 2.437617856264114313e-01 2.405252127349376545e-01 2.378606462478637662e-01 2.355895316600799538e-01 2.335899531841278132e-01 2.317803964018821661e-01 2.301075443625450190e-01 2.285366231203079246e-01 2.270451489090919428e-01 2.256191343069076649e-01 2.242495852708816517e-01 2.229306912422180098e-01 2.216585969924926847e-01
3.592544467514380835e-01 3.473961358238011332e-01 3.349096761271357359e-01 3.219413349032402283e-01 3.090261034294962683e-01 2.967825083434581512e-01 2.857325977087020741e-01 2.761853490024804847e-01 2.682149153202771918e-01 2.617144086956977866e-01 2.564767135679721921e-01 2.522650121152401059e-01 2.488565666973590884e-01 2.460637709498405545e-01 2.437384767830371723e-01 2.417680689692497387e-01 2.400687059760093778e-01 2.385797792673111095e-01 2.372562843561172585e-01 2.360660073161125194e-01
4.469651382975280418e-01 4.238255878165364532e-01 4.005431517213582926e-01 3.784446872770786396e-01 3.588170423358678640e-01 3.422044160962104953e-01 3.285980691015720212e-01 3.176825816929340629e-01 3.090349477529525934e-01 3.022366723418235535e-01 2.969220352172851629e-01 2.927859640121460161e-01 2.895787310600280717e-01 2.870980629324912936e-01 2.851812192797660850e-01 2.836995488405227861e-01 2.825526362657547197e-01 2.816627135872840637e-01 2.809692755341529624e-01 2.804265099763870173e-01
3.916719124093651638e-01 3.847805291786789983e-01 3.785870576649904007e-01 3.728654077649116716e-01 3.675822740048170223e-01 3.626929771155119053e-01 3.581418966501951351e-01 3.538671854883432277e-01 3.498071464896201910e-01 3.459058888256549835e-01 3.421184936165809765e-01 3.384113922715187295e-01 3.347619155049323947e-01 3.311542722582817011e-01 3.275758543610572948e-01 3.240134315192699233e-01 3.204515106976032479e-01 3.168705441057682037e-01 3.132471285760402568e-01 3.095566831529140694e-01
3.984756748750805655e-01 3.767318714782595390e-01 3.536401483230292575e-01 3.291454099863767579e-01 3.039323226548731327e-01 2.793502771481871649e-01 2.574188530072569758e-01 2.396935751289129279e-01 2.264316364005208027e-01 2.169734379649162215e-01 2.103887251019477822e-01 2.058372864127159252e-01 2.026760347187518962e-01 2.004505245387554202e-01 1.988514961302280393e-01 1.976728867739439011e-01 1.967781725525855896e-01 1.960771365463733762e-01 1.955100736021995467e-01 1.950366278737783454e-01
1.990167754888534646e-01 1.968292555212974582e-01 1.955992528051137824e-01 1.944713693112135044e-01 1.934345860034227260e-01 1.924825014173984494e-01 1.916096623986959513e-01 1.908103501051664486e-01 1.900796835869550672e-01 1.894128079339861825e-01 1.888050750643014974e-01 1.882517652213573367e-01 1.877489765733480476e-01 1.872923722863197304e-01 1.868785213679075297e-01 1.865035017207264945e-01 1.861642976850271247e-01 1.858575723320245732e-01 1.855805126577615705e-01 1.853305314481258348e-01
2.368370237946510193e-01 2.275337559729814496e-01 2.209586311131715719e-01 2.158997852355241664e-01 2.120511055737733797e-01 2.091267784684896491e-01 2.068917789310217026e-01 2.051631016284227449e-01 2.038040314614772697e-01 2.027133574336767163e-01 2.018184801191091615e-01 2.010669314116239614e-01 2.004211141914129246e-01 1.998546994477510552e-01 1.993482330441475048e-01 1.988883554935455267e-01 1.984649399667978154e-01 1.980709899961948517e-01 1.977011511474847660e-01 1.973516955226659875e-01
3.141343578696250693e-01 3.078546106815338024e-01 3.028576247394084708e-01 2.984749570488929860e-01 2.945875075459480352e-01 2.910955037176609084e-01 2.879106609523296445e-01 2.849590715765952798e-01 2.821819710731506281e-01 2.795359192788600677e-01 2.769899642467498757e-01 2.745238757133484087e-01 2.721257817745208474e-01 2.697897155582904549e-01 2.675139860808849468e-01 2.652989649772644065e-01 2.631455440819263636e-01 2.610535879433155126e-01 2.590208871662616485e-01 2.570429350435733951e-01
2.333649650216102489e-01 2.290580199658870664e-01 2.260298855602741186e-01 2.236868377029895827e-01 2.219031798839569136e-01 2.205641090869903675e-01 2.195698668062686931e-01 2.188379269838333085e-01 2.183023695647716422e-01 2.179123522341251395e-01 2.176291581988334667e-01 2.174233604967594213e-01 2.172739148139953558e-01 2.171648877859115589e-01 2.170847001671790955e-01 2.170249459147453319e-01 2.169799169898033175e-01 2.169451102614402827e-01 2.169175693392753623e-01 2.168949258327484142e-01
2.957165135443210469e-01 2.814659683033823856e-01 2.704791265726089744e-01 2.615683067217469127e-01 2.543205298483371957e-01 2.483503867685794841e-01 2.433507049828767810e-01 2.390886979550123081e-01 2.353893839567899604e-01 2.321233272552490345e-01 2.291958695650100630e-01 2.265400397777557473e-01 2.241095913946628548e-01 2.218728144466876884e-01 2.198091600835323234e-01 2.179040156304836162e-01 2.161467316746711609e-01 2.145284070074558180e-01 2.130406972765922502e-01 2.116753005981445446e-01
2.911184842139482587e-01 2.823704667389392853e-01 2.763544602692127317e-01 2.720257815718650773e-01 2.689060294628143333e-01 2.666237539052963013e-01 2.649051167070865520e-01 2.635572566092014291e-01 2.624475416541099393e-01 2.614869028329849243e-01 2.606160283088684304e-01 2.597959974408149963e-01 2.590010547637939253e-01 2.582145491242408553e-01 2.574252581596374601e-01 2.566259995102882496e-01 2.558113014698028542e-01 2.549777358770370372e-01 2.541221585869788968e-01 2.532423675060272439e-01
3.218781820125877768e-01 3.040506040304899460e-01 2.894658830016851314e-01 2.775304155051708244e-01 2.680805891007185249e-01 2.607474063336849279e-01 2.551098492741584733e-01 2.507711794227361901e-01 2.473944602906703871e-01 2.447099061310291368e-01 2.425096119940280959e-01 2.406374967098235951e-01 2.389795213937759288e-01 2.374546100199222687e-01 2.360077197849750619e-01 2.346042348444461745e-01 2.332249660789966483e-01 2.318626795709133048e-01 2.305178415775299139e-01 2.291968499124050207e-01
3.297098632901906967e-01 3.097303979843855082e-01 2.932007040083408622e-01 2.792134908586740294e-01 2.676557191461324536e-01 2.582027927786111898e-01 2.504715782403945656e-01 2.440975002944469341e-01 2.387720969319343522e-01 2.342489394545555215e-01 2.303398367762565513e-01 2.269046102464199188e-01 2.238404968380928173e-01 2.210732784867286693e-01 2.185489544272422868e-01 2.162282459437847026e-01 2.140825463831424746e-01 2.120904146134853230e-01 2.102355615794658794e-01 2.085054850578308139e-01
2.790748801827430681e-01 2.763243830204010210e-01 2.746157917380332991e-01 2.729395684599876248e-01 2.712883391976356751e-01 2.696586430072784313e-01 2.680486810207367010e-01 2.664571267366409035e-01 2.648838356137275807e-01 2.633296698331832886e-01 2.617952197790145985e-01 2.602814504504203930e-01 2.587901335954665982e-01 2.573226243257522583e-01 2.558800977468490556e-01 2.544637155532836759e-01 2.530751910805701943e-01 2.517152315378188843e-01 2.503848701715469249e-01 2.490848729014396579e-01
5.052716109546599998e-01 4.860694395797326983e-01 4.516978518292307787e-01 4.078457826375961326e-01 3.645453893393277855e-01 3.287103147804736891e-01 3.021612644195556530e-01 2.836426761746406733e-01 2.710354351997375510e-01 2.624455705285072549e-01 2.564812836050986977e-01 2.522045722603797890e-01 2.490065348148345903e-01 2.464993461966514532e-01 2.444362229108810458e-01 2.426606437563896268e-01 2.410729563236236606e-01 2.396090731024742015e-01 2.382279428839683411e-01 2.369034409523010365e-01
2.871353854238987147e-01 2.834127295017242476e-01 2.808101615309715471e-01 2.784018240869045036e-01 2.761059048771858371e-01 2.738684985041618392e-01 2.716508878767490143e-01 2.694243247807026065e-01 2.671670302748679893e-01 2.648620077967643871e-01 2.624950696527957872e-01 2.600542055070400038e-01 2.575290322303772084e-01 2.549102747440338268e-01 2.521906051039695673e-01 2.493635305762290921e-01 2.464256808161735535e-01 2.433767281472682953e-01 2.402203877270221721e-01 2.369667699933052096e-01
2.820923551917076111e-01 2.724346181750297302e-01 2.654353715479373932e-01 2.598630279302597268e-01 2.554412561655044489e-01 2.519118756055832020e-01 2.490592738986015242e-01 2.467125901579856895e-01 2.447396972775459367e-01 2.430400177836418152e-01 2.415382587909698509e-01 2.401783052086830239e-01 2.389185017347335849e-01 2.377281525731086698e-01 2.365842872858047452e-01 2.354703944921493486e-01 2.343743783235549827e-01 2.332865470647811912e-01 2.322008356451988331e-01 2.311122596263885387e-01
3.546808613836765489e-01 3.478333532810211071e-01 3.435009694099426247e-01 3.399920386075973577e-01 3.371503499150276251e-01 3.348288962244987399e-01 3.329027643799781777e-01 3.312709704041481018e-01 3.298535624146461398e-01 3.285889926552772455e-01 3.274293825030326621e-01 3.263385477662086309e-01 3.252881896495818936e-01 3.242569679021835571e-01 3.232283824682235518e-01 3.221893349289894348e-01 3.211294496059417525e-01 3.200406718254089622e-01 3.189161205291747847e-01 3.177502518892288408e-01
4.863661010074429303e-01 4.777206055959686837e-01 4.664261543797328935e-01 4.518101960700005026e-01 4.332014477998018531e-01 4.103617150522768653e-01 3.847107987105846671e-01 3.587771944701671489e-01 3.348641837388277032e-01 3.142900691181421124e-01 2.973804983496666221e-01 2.838316360116004966e-01 2.730810733139514834e-01 2.645410645008087203e-01 2.577050848305225128e-01 2.521734313666820770e-01 2.476438474655151267e-01 2.438923160731792383e-01 2.407526123523712203e-01 2.381003871560096741e-01
2.591349641978740737e-01 2.488011007010936804e-01 2.415294662117958013e-01 2.360325440764427241e-01 2.319108523428440038e-01 2.288206876814365409e-01 2.264954261481761932e-01 2.247355392575264010e-01 2.233937391638755876e-01 2.223618914186954454e-01 2.215605124831199757e-01 2.209312441945076033e-01 2.204311034083366316e-01 2.200283268094062883e-01 2.196992820501327548e-01 2.194265884160995495e-01 2.191971543431281977e-01 2.190012857317924500e-01 2.188314902782440285e-01 2.186822843551635698e-01
4.674239285066141836e-01 4.603700591012602761e-01 4.505480593233369135e-01 4.376121884677559026e-01 4.219499363657087110e-01 4.045979984663427009e-01 3.870246093720197678e-01 3.707220991328358806e-01 3.567637480795383675e-01 3.455728838592767582e-01 3.370073762536048845e-01 3.306172838807105996e-01 3.258779674768447765e-01 3.223219348490238279e-01 3.195837688446044877e-01 3.173974716663360840e-01 3.155771785974502697e-01 3.139970678091049128e-01 3.125714036822319075e-01 3.112440225481987177e-01
2.632426016032695659e-01 2.595977272838354000e-01 2.569988969713449256e-01 2.549217848479747861e-01 2.532299833744764417e-01 2.518060269951820640e-01 2.505561907589435311e-01 2.494111594557762157e-01 2.483221217989921570e-01 2.472552748024463565e-01 2.461887113749980927e-01 2.451090201735496577e-01 2.440084245800971940e-01 2.428831665217876523e-01 2.417330439388752084e-01 2.405594690144061965e-01 2.393654334545135542e-01 2.381555122137069824e-01 2.369350114464759960e-01 2.357095411419868336e-01
3.372388458251953103e-01 3.351028645038604536e-01 3.342517271637916454e-01 3.335403162240981878e-01 3.329240226745605602e-01 3.323716428875923001e-01 3.318604192137717956e-01 3.313732993602752641e-01 3.308977437019348100e-01 3.304245406389236250e-01 3.299469256401061923e-01 3.294596618413925260e-01 3.289589324593544251e-01 3.284420180320739568e-01 3.279065984487533614e-01 3.273506906628608770e-01 3.267731359601021013e-01 3.261722794175148099e-01 3.255470180511474410e-01 3.248964253067970209e-01
3.175037463009357519e-01 3.069297330081462993e-01 2.988345777243375800e-01 2.926629766821861045e-01 2.880538348853587949e-01 2.846491254866123088e-01 2.821368516981601626e-01 2.802666218578815371e-01 2.788484187424182803e-01 2.777434109151363240e-01 2.768513900041580378e-01 2.761026212573051697e-01 2.754475048184394925e-01 2.748525050282478177e-01 2.742934426665306069e-01 2.737545138597488603e-01 2.732241627573966936e-01 2.726943841576576211e-01 2.721598538756370700e-01 2.716161978244781561e-01
