2.027938007563352685e-01 2.006976954638957922e-01 1.993761671334505214e-01 1.982545713335275572e-01 1.973000208288431256e-01 1.964833708107471544e-01 1.957806984335184186e-01 1.951717983186244953e-01 1.946405754983425163e-01 1.941736264526844058e-01 1.937603076547384229e-01 1.933915267139673100e-01 1.930603190511465117e-01 1.927607458084821812e-01 1.924878483265638485e-01 1.922377762943506263e-01 1.920071437954902760e-01 1.917932829260826089e-01 1.915939550846815220e-01 1.914071295410394724e-01
3.364073777198791637e-01 3.339712661504745661e-01 3.325151598453521817e-01 3.312222433090210028e-01 3.300735765695572144e-01 3.290504670143127308e-01 3.281355914473533808e-01 3.273137539625167736e-01 3.265717366337776428e-01 3.258981034159660339e-01 3.252830946445465221e-01 3.247183591127395519e-01 3.241966402530669922e-01 3.237117391824722024e-01 3.232584038376808411e-01 3.228319591283798085e-01 3.224286389350891069e-01 3.220448920130729586e-01 3.216778367757797130e-01 3.213250085711479298e-01
2.816758405184373037e-01 2.746799596678465849e-01 2.680612245667725602e-01 2.616662919148802779e-01 2.555587480962276392e-01 2.498018974252045055e-01 2.444432725012302410e-01 2.395092666521668467e-01 2.350071422010660271e-01 2.309270422905683462e-01 2.272470430284738441e-01 2.239365676790475712e-01 2.209609576314687795e-01 2.182844596356153521e-01 2.158722309768199843e-01 2.136918684840202198e-01 2.117137040197849263e-01 2.099119688570499354e-01 2.082638964056968689e-01 2.067502760887146018e-01
3.077370790392160438e-01 3.003269250690936976e-01 2.944157922267913730e-01 2.892455708980560258e-01 2.847840818017721154e-01 2.809679063409566968e-01 2.777245938032865680e-01 2.749804471433162645e-01 2.726661109924316539e-01 2.707172530889511153e-01 2.690769119560718625e-01 2.676951400935649872e-01 2.665284843742847243e-01 2.655397179722785994e-01 2.646973711252212369e-01 2.639749404788017118e-01 2.633495356142521171e-01 2.628026530146598816e-01 2.623180922865867570e-01 2.618828064203262418e-01
3.671019282191991806e-01 3.636598993092775567e-01 3.607074736803770332e-01 3.580181822180747986e-01 3.555587237328290962e-01 3.533002225309610500e-01 3.512158909440040722e-01 3.492811101675033503e-01 3.474733461439609705e-01 3.457726144790649325e-01 3.441611246764659793e-01 3.426233263313770427e-01 3.411461797356605263e-01 3.397193908691406028e-01 3.383349469304084978e-01 3.369874452054500424e-01 3.356738471984863081e-01 3.343931417167186892e-01 3.331455397605895818e-01 3.319319510459899925e-01
3.249126603268087110e-01 3.130068643949925900e-01 3.018120647594332850e-01 2.912797682359814511e-01 2.815768470801413015e-01 2.727759625762701257e-01 2.648900260403752593e-01 2.578896962106227986e-01 2.517175550386309690e-01 2.462998812645673663e-01 2.415560767799615760e-01 2.374057263880968160e-01 2.337721583619713772e-01 2.305851922929287035e-01 2.277821572124958116e-01 2.253081654757261298e-01 2.231156359612941620e-01 2.211637181788682904e-01 2.194176990538835581e-01 2.178482162952423140e-01
3.119324924610555327e-01 3.029331815056502952e-01 2.943911257758736744e-01 2.863205517083406426e-01 2.788221560046076908e-01 2.719716500490904076e-01 2.658069995045662104e-01 2.603276661783456847e-01 2.555029417574405937e-01 2.512812119722366289e-01 2.475990249961614598e-01 2.443883895874023326e-01 2.415824770927429144e-01 2.391191036999225639e-01 2.369420616328716256e-01 2.350035518407821711e-01 2.332622466981411069e-01 2.316829112172126837e-01 2.302372631430625871e-01 2.289019265770912137e-01
3.141612982749938943e-01 3.127804827690124356e-01 3.118719154596328869e-01 3.109536769986152582e-01 3.100229340791702537e-01 3.090793830156326472e-01 3.081231871247291365e-01 3.071548965573310808e-01 3.061746749281883395e-01 3.051832473278045521e-01 3.041811689734458812e-01 3.031689944863319441e-01 3.021472969651222140e-01 3.011169439554214344e-01 3.000783842802047796e-01 2.990324591100215756e-01 2.979800663888454437e-01 2.969217571616172835e-01 2.958584861457347892e-01 2.947910578548908478e-01
2.717373938858508864e-01 2.647079023346304849e-01 2.587058581039309302e-01 2.534397394210100019e-01 2.488581229001283757e-01 2.449001891911029849e-01 2.414951456338167157e-01 2.385682480037212283e-01 2.360466340929269768e-01 2.338626183569431360e-01 2.319562165439128798e-01 2.302757667005062014e-01 2.287778988480567988e-01 2.274264791607856773e-01 2.261922343075275510e-01 2.250515532493591320e-01 2.239855602383613586e-01 2.229792286455631323e-01 2.220209850370883919e-01 2.211015282571315854e-01
3.611399280931800737e-01 3.479555522650480404e-01 3.354371140524745054e-01 3.235180988162755789e-01 3.124300490319729118e-01 3.022887863218784443e-01 2.931365348398685677e-01 2.849625884741544546e-01 2.777193686738610445e-01 2.713360935449600220e-01 2.657303081452846438e-01 2.608156145364046163e-01 2.565069846063852133e-01 2.527247019112109916e-01 2.493963508307933674e-01 2.464568096399307184e-01 2.438498652726411864e-01 2.415259338170289982e-01 2.394431346654891934e-01 2.375654503703117371e-01
3.366537889838218667e-01 3.331797340512275829e-01 3.306179197132587677e-01 3.282013186812400840e-01 3.259247148036956698e-01 3.237809109687805331e-01 3.217614243924618034e-01 3.198567901551723214e-01 3.180571721494198090e-01 3.163528192043304488e-01 3.147338190674781599e-01 3.131911434233188851e-01 3.117159660160541690e-01 3.103000053763389499e-01 3.089358210563659668e-01 3.076164308190345587e-01 3.063354417681694031e-01 3.050872461497783905e-01 3.038667124509811246e-01 3.026692129671573750e-01
2.192981490679085377e-01 2.140518963150680187e-01 2.098915088921785299e-01 2.063135082833468803e-01 2.032713859155774183e-01 2.007010375894606180e-01 1.985370324552059307e-01 1.967191676050424609e-01 1.951932006515562645e-01 1.939122291281819288e-01 1.928355777263641435e-01 1.919293072447180726e-01 1.911642671376466707e-01 1.905162853002548284e-01 1.899654566124081567e-01 1.894947520643472660e-01 1.890906763821840197e-01 1.887416796386242046e-01 1.884384023398160968e-01 1.881730796769261471e-01
2.692205483466386662e-01 2.653870588541030751e-01 2.622596158087253659e-01 2.594677963852882185e-01 2.569703404605388486e-01 2.547317409515381104e-01 2.527192373573780015e-01 2.509028692543506800e-01 2.492563451826572407e-01 2.477558656036853713e-01 2.463809436559677157e-01 2.451139013469219308e-01 2.439397552609443576e-01 2.428456822037696750e-01 2.418212009966373421e-01 2.408572459220886253e-01 2.399464353919029125e-01 2.390827900171279830e-01 2.382610478997230496e-01 2.374773409962654125e-01
2.135174129158258494e-01 2.092951547354459652e-01 2.057815480977296940e-01 2.027067016065120797e-01 2.000308243930339902e-01 1.977162596583366405e-01 1.957257267087698094e-01 1.940228150039911281e-01 1.925726236402988401e-01 1.913425103574991348e-01 1.903028925508260805e-01 1.894269418343901557e-01 1.886908348277211156e-01 1.880736573040485415e-01 1.875570987910032406e-01 1.871254190430045039e-01 1.867650508508086338e-01 1.864644688367843584e-01 1.862137822061777082e-01 1.860046526417136192e-01
3.935426781326532564e-01 3.875212018191814267e-01 3.824707826972007507e-01 3.777656248956918761e-01 3.734189894795417741e-01 3.694216160476207489e-01 3.657551106810569830e-01 3.623969806730747423e-01 3.593228693306446120e-01 3.565082786977291085e-01 3.539287628233432903e-01 3.515609887242316933e-01 3.493829815089702362e-01 3.473740205168723838e-01 3.455152149498462721e-01 3.437888483703136489e-01 3.421789556741714478e-01 3.406709718704223899e-01 3.392517122626304560e-01 3.379091629385947981e-01
2.808545035123825029e-01 2.784378707408904918e-01 2.771263027191162021e-01 2.760063388943672091e-01 2.750431644916534468e-01 2.742062360048294067e-01 2.734700360894203319e-01 2.728136867284775002e-01 2.722201186418533592e-01 2.716758346557617276e-01 2.711700734496116372e-01 2.706940039992332681e-01 2.702407667040824801e-01 2.698046693205833346e-01 2.693814697861671714e-01 2.689674860239029131e-01 2.685598778724670455e-01 2.681565508246421814e-01 2.677554410696029730e-01 2.673552560806274347e-01
2.350302519835531789e-01 2.287856838479638000e-01 2.236438500881195168e-01 2.192424764111638169e-01 2.155045512691140253e-01 2.123461246863007634e-01 2.096887681633234080e-01 2.074614845961332277e-01 2.056008943356573693e-01 2.040506688132882052e-01 2.027610528282821067e-01 2.016884472221135982e-01 2.007947579398751126e-01 2.000470818951725904e-01 1.994172528572380476e-01 1.988813534937798888e-01 1.984192098863422904e-01 1.980139746516942911e-01 1.976515725813806079e-01 1.973204810358583916e-01
2.284801983088254884e-01 2.251019178703427270e-01 2.224527148902416263e-01 2.200487471744418111e-01 2.178491865843534547e-01 2.158243907988071364e-01 2.139510154724121038e-01 2.122102106362581120e-01 2.105865855515003104e-01 2.090675467997789305e-01 2.076426875591278198e-01 2.063032651320099720e-01 2.050420109555125270e-01 2.038526947051286786e-01 2.027300658077001438e-01 2.016695187613367912e-01 2.006671786680817582e-01 1.997195281088352259e-01 1.988233187049627260e-01 1.979758908599615064e-01
2.905697964876889916e-01 2.818055782467127068e-01 2.733864136412739732e-01 2.653299494460225061e-01 2.578155540302395909e-01 2.509859181195497335e-01 2.449270252883434251e-01 2.396670547872781776e-01 2.351850877702236220e-01 2.314240306615829579e-01 2.283064602315425795e-01 2.257458586990833405e-01 2.236555525660514909e-01 2.219550047814846105e-01 2.205723854899406533e-01 2.194464512169361226e-01 2.185252831876277890e-01 2.177668349444866203e-01 2.171367338299751149e-01 2.166081014275550720e-01
4.252717097751883557e-01 4.219259855111886504e-01 4.185703847431068159e-01 4.150511208222451565e-01 4.112996471210499383e-01 4.072400005738745499e-01 4.027799939390388495e-01 3.978091678029159195e-01 3.922018125158501789e-01 3.858272210886934950e-01 3.785682518244721240e-01 3.703486868459731074e-01 3.611650304379873111e-01 3.511142694065347292e-01 3.404045164585113303e-01 3.293379663955420256e-01 3.182687069289386050e-01 3.075446683913469204e-01 2.974546171724796184e-01 2.881952669471502526e-01
3.078059460967779160e-01 3.033896417170762749e-01 2.995943136140704066e-01 2.959897292405366809e-01 2.925699891149997622e-01 2.893187886476516479e-01 2.862192205339670337e-01 2.832559393346309462e-01 2.804155255109071487e-01 2.776872182637453168e-01 2.750616132467985087e-01 2.725314079970121428e-01 2.700908811390400066e-01 2.677343899011612183e-01 2.654586121439933555e-01 2.632602117210626758e-01 2.611368599534034662e-01 2.590862707793712416e-01 2.571071469783782759e-01 2.551980164647102423e-01
3.094252909719943934e-01 2.992820467799902073e-01 2.901931281387806205e-01 2.820623045414686336e-01 2.748934873938560508e-01 2.686570262908935525e-01 2.632896003127098150e-01 2.587057332694530642e-01 2.548089595139026442e-01 2.515012894570827218e-01 2.486896821856498796e-01 2.462898240983486253e-01 2.442280393838882346e-01 2.424413639307022028e-01 2.408772723376750857e-01 2.394924272596836157e-01 2.382515266537666432e-01 2.371259799599647611e-01 2.360929527878761203e-01 2.351343083381652876e-01
2.701898396015167125e-01 2.690491142868995933e-01 2.685640886425971763e-01 2.680795353651046486e-01 2.675911203026771767e-01 2.670971879363059909e-01 2.665966549515724204e-01 2.660882350802421525e-01 2.655711677670478665e-01 2.650447753071785151e-01 2.645084890723228277e-01 2.639617881178855652e-01 2.634044629335403620e-01 2.628362396359443798e-01 2.622568529844284124e-01 2.616660279035568082e-01 2.610636693239212214e-01 2.604499521851539878e-01 2.598245561122894398e-01 2.591877198219299516e-01
3.923983401080385902e-01 3.886556467116815683e-01 3.847778770333297738e-01 3.806209192942697217e-01 3.761529207008607045e-01 3.713554101833869692e-01 3.662143221302540108e-01 3.607159701573982580e-01 3.548433604851015666e-01 3.485736731553333856e-01 3.418767698988085524e-01 3.347174913226627080e-01 3.270643484464381134e-01 3.189072987390682012e-01 3.102849420532584057e-01 3.013105931598692999e-01 2.921822658553719365e-01 2.831618864461779572e-01 2.745279760658740908e-01 2.665201866254210405e-01
2.945421820878982300e-01 2.901088708639145142e-01 2.867441597580909773e-01 2.836278291046619437e-01 2.807416641712188743e-01 2.780622452497482078e-01 2.755655971169471696e-01 2.732300572097301483e-01 2.710352987051010132e-01 2.689638540148734935e-01 2.670012103021144889e-01 2.651337972283363542e-01 2.633507613837718919e-01 2.616422878205776348e-01 2.600004374980926514e-01 2.584183526039123269e-01 2.568902964890003027e-01 2.554111543297767906e-01 2.539773000776767709e-01 2.525849589705467246e-01
4.426865173876285420e-01 4.269618100672960548e-01 4.106031002849340195e-01 3.940269527584314146e-01 3.779005165398121036e-01 3.627423898875713482e-01 3.489107072353362926e-01 3.366014726459979900e-01 3.258724631369113722e-01 3.166773959994316212e-01 3.089002880454063682e-01 3.023881766200065546e-01 2.969746398925781072e-01 2.924956271052360779e-01 2.887996083498001187e-01 2.857521778345107899e-01 2.832366839051246865e-01 2.811543381214141601e-01 2.794231009483337247e-01 2.779751223325729326e-01
2.328425511717796270e-01 2.312229621410369917e-01 2.301875689625740018e-01 2.291477671265602090e-01 2.281026177108287922e-01 2.270529924333095639e-01 2.259999693930149212e-01 2.249445065855980030e-01 2.238880121707916282e-01 2.228315624594688349e-01 2.217765949666500036e-01 2.207241486012935516e-01 2.196756266057491302e-01 2.186324322223663352e-01 2.175958175957203034e-01 2.165670564770698636e-01 2.155474381148815288e-01 2.145379696786403612e-01 2.135402287542819966e-01 2.125549213588237840e-01
2.522695696353912109e-01 2.501745478808879986e-01 2.487486736476421378e-01 2.474000559747219219e-01 2.461082299053669042e-01 2.448627859354019221e-01 2.436568662524223328e-01 2.424869132041931052e-01 2.413507340848445870e-01 2.402473020553588801e-01 2.391764509677886952e-01 2.381386670470237721e-01 2.371343231201171742e-01 2.361639273166656616e-01 2.352280247211456232e-01 2.343270266056060869e-01 2.334614506363868747e-01 2.326308354735374395e-01 2.318349513411522012e-01 2.310730859637260548e-01
4.995122135625569837e-01 4.909511134005151711e-01 4.789638431719504541e-01 4.634625385887921056e-01 4.450411703530698926e-01 4.246826691180467517e-01 4.034876210987567990e-01 3.824492292106151381e-01 3.623331867158413044e-01 3.436553441733121717e-01 3.267120795696973889e-01 3.116269795596599557e-01 2.983959868550300487e-01 2.869262085855007194e-01 2.770699456334114186e-01 2.686513006687164529e-01 2.614871487021446228e-01 2.553994072973728158e-01 2.502227669954300016e-01 2.458105553686618927e-01
3.838647649759605041e-01 3.795115478962725053e-01 3.749701732293033163e-01 3.700926554281249725e-01 3.648568259356397836e-01 3.592529088632727685e-01 3.532721384544856846e-01 3.469016040180576965e-01 3.401223299524281374e-01 3.329118456714786345e-01 3.252535044145770105e-01 3.171539431530982500e-01 3.086658228468149856e-01 2.999072236567735805e-01 2.910640469565987654e-01 2.823684546537697515e-01 2.740589690208434792e-01 2.663384267687797791e-01 2.593458394333720274e-01 2.531473033502698033e-01
2.118396336399018809e-01 2.074345713667571645e-01 2.040485709533095271e-01 2.011739392392337400e-01 1.987462938018143277e-01 1.966988687589764639e-01 1.949714761786162931e-01 1.935131604410708084e-01 1.922803040221333637e-01 1.912361825816333294e-01 1.903509393148124229e-01 1.895984690077602841e-01 1.889580652676522698e-01 1.884114627540111608e-01 1.879442532360553753e-01 1.875438213348388783e-01 1.872000739723443941e-01 1.869040266051888444e-01 1.866487136483192533e-01 1.864279934391379345e-01
4.329912586696446075e-01 4.220479390211403503e-01 4.110182715207338355e-01 3.998873407021165116e-01 3.889673685654997937e-01 3.785078167915344460e-01 3.686973267793655640e-01 3.596607400476932725e-01 3.514610910415649214e-01 3.441101044416427501e-01 3.375801335275173121e-01 3.318175867199897877e-01 3.267540644109249159e-01 3.223146088421344757e-01 3.184243220090866022e-01 3.150117263197899087e-01 3.120106559991836503e-01 3.093622976541519076e-01 3.070148190855979675e-01 3.049228185415268078e-01
4.464655221160501175e-01 4.331343265390023567e-01 4.175707716122269431e-01 3.997305929567664950e-01 3.801806729659438222e-01 3.597328260447830162e-01 3.392255372088402443e-01 3.194410404004156545e-01 3.010278720967471400e-01 2.844138687476515659e-01 2.697876182012259871e-01 2.571467566303908825e-01 2.463672005385160457e-01 2.372612789459526417e-01 2.296190850250423021e-01 2.232317566499114059e-01 2.179064827412366956e-01 2.134718514978885540e-01 2.097789296880364363e-01 2.067017053440213248e-01
2.354381038248538893e-01 2.282864197343587864e-01 2.224606328830122937e-01 2.174644062668085187e-01 2.132172151282429595e-01 2.096207942068576691e-01 2.065812899544835213e-01 2.040134266018867604e-01 2.018429315090179421e-01 2.000060727447271480e-01 1.984484611451625691e-01 1.971245794743299584e-01 1.959960896521806828e-01 1.950309643894433953e-01 1.942025181651115540e-01 1.934887151420116302e-01 1.928709064424037889e-01 1.923340132087469068e-01 1.918652071058750130e-01 1.914539054781198568e-01
3.121465775370597662e-01 3.028528349101543560e-01 2.949376125633716428e-01 2.878334876894950711e-01 2.815545478463172824e-01 2.760571986436843872e-01 2.712742707133293241e-01 2.671294471621513122e-01 2.635444775223731995e-01 2.604437145590782210e-01 2.577572718262672313e-01 2.554221963882446489e-01 2.533833870291710144e-01 2.515931567549705705e-01 2.500108620524406633e-01 2.486015293002128701e-01 2.473364040255546514e-01 2.461913594603538646e-01 2.451461857557296620e-01 2.441843706369400124e-01
2.994980876147746995e-01 2.942888780683279304e-01 2.896511198580264956e-01 2.853707850724458428e-01 2.814407990872859755e-01 2.778502468764781907e-01 2.745814029872417628e-01 2.716119444370269642e-01 2.689158894121647103e-01 2.664661222696304566e-01 2.642351943254470648e-01 2.621971717476844765e-01 2.603279192745685533e-01 2.586052258312702135e-01 2.570098333060741314e-01 2.555245628952980130e-01 2.541347034275531769e-01 2.528277201950550057e-01 2.515927977859974130e-01 2.504210844635963440e-01
2.865155212581157462e-01 2.802590156719088621e-01 2.747403120994567627e-01 2.697506091743707701e-01 2.652673129364848115e-01 2.612630912661552673e-01 2.577002403140067899e-01 2.545341154932975747e-01 2.517157585173845358e-01 2.491962151229381583e-01 2.469287279248237599e-01 2.448710992932319752e-01 2.429868425428867440e-01 2.412454782426357303e-01 2.396230839192867168e-01 2.381013609468936865e-01 2.366673444211483124e-01 2.353124850988388139e-01 2.340312473475933130e-01 2.328205782175064020e-01
4.404973709769546830e-01 4.280836342647671433e-01 4.146786158718168691e-01 4.001942492276430174e-01 3.849473186582326734e-01 3.693844493478536384e-01 3.540692657977342339e-01 3.395722302794456637e-01 3.263404853641986847e-01 3.146321961283684021e-01 3.045218488574027993e-01 2.959462422132492221e-01 2.887603792548179560e-01 2.827832752466201693e-01 2.778266710042953669e-01 2.737152975797653154e-01 2.702932792901993064e-01 2.674278622865676747e-01 2.650093379616737521e-01 2.629473757743835405e-01
4.864292736322386457e-01 4.792336086692375874e-01 4.696676706188009365e-01 4.572417270875303030e-01 4.415563159366138191e-01 4.223376782564446374e-01 3.999970659380778781e-01 3.759366244263946943e-01 3.519630680046975657e-01 3.295613469742238455e-01 3.096112392656504841e-01 2.924434264376759574e-01 2.780142003297805808e-01 2.660734080523252665e-01 2.562856650352478005e-01 2.483043344318866807e-01 2.418085476756095809e-01 2.365196103602647815e-01 2.322034143656492300e-01 2.286682939529418868e-01
2.559503351151943273e-01 2.531047038733958976e-01 2.509268064796924547e-01 2.487823742628097468e-01 2.466661091148853180e-01 2.445763929188251584e-01 2.425131697952747356e-01 2.404769404232501850e-01 2.384688730537891377e-01 2.364901576936244976e-01 2.345424571633338839e-01 2.326274065673351321e-01 2.307468152046203702e-01 2.289025057852268341e-01 2.270961579680442766e-01 2.253292079269886006e-01 2.236034014821052518e-01 2.219198969006538347e-01 2.202798783779144343e-01 2.186845655739307337e-01
4.587808005779516196e-01 4.517114838084671513e-01 4.438501974602695466e-01 4.348044323036447389e-01 4.244747285544872017e-01 4.128018234018236421e-01 3.997981364838779084e-01 3.855766192218288979e-01 3.703827042970806449e-01 3.546085296384990371e-01 3.387631572969257987e-01 3.233925986662506968e-01 3.089783087559044295e-01 2.958627880364656515e-01 2.842242842540144698e-01 2.740945682302117214e-01 2.653996787965297588e-01 2.580034551769495033e-01 2.517411538958549411e-01 2.464444717019796394e-01
3.425179482996463798e-01 3.342445478588342844e-01 3.272862912714481487e-01 3.210745896399020971e-01 3.156137734651565663e-01 3.108579796552657926e-01 3.067411446571350342e-01 3.031899717450141640e-01 3.001299317181110315e-01 2.974901300668716386e-01 2.952064076066017173e-01 2.932214584946632452e-01 2.914851248264312966e-01 2.899551251530647078e-01 2.885945871472358482e-01 2.873729926347732277e-01 2.862649574875831826e-01 2.852492845058441362e-01 2.843078535795211526e-01 2.834260541200637751e-01
2.624967363476753412e-01 2.571890461444854559e-01 2.530724123120308144e-01 2.494797259569168091e-01 2.463654907047748699e-01 2.436717604100704093e-01 2.413413822650909424e-01 2.393216991424560458e-01 2.375670044124126301e-01 2.360366450250148684e-01 2.346961748600006059e-01 2.335166506469249781e-01 2.324732975661754630e-01 2.315453460812568753e-01 2.307152044773101707e-01 2.299684768915176425e-01 2.292927601933479331e-01 2.286781316995620816e-01 2.281159475445747320e-01 2.275991404056549039e-01
2.481540938466787471e-01 2.442439863830804803e-01 2.407868022471666425e-01 2.374021849036216658e-01 2.341128265112638607e-01 2.309397288411855764e-01 2.278999745845794733e-01 2.250055877864360898e-01 2.222643736749887466e-01 2.196799216419458300e-01 2.172522301226854358e-01 2.149781005829572711e-01 2.128529167920351073e-01 2.108700560778379307e-01 2.090221138298511416e-01 2.073013256490230660e-01 2.056996980309486467e-01 2.042093842476606358e-01 2.028230743110179812e-01 2.015335491299629078e-01
3.532184292015154159e-01 3.485512692725751815e-01 3.438569241249933572e-01 3.390284402272664144e-01 3.340434901556000313e-01 3.288976169703528019e-01 3.235994591237977280e-01 3.181718271411955179e-01 3.126526853535324113e-01 3.070959128811955319e-01 3.015695693343877770e-01 2.961527898907661549e-01 2.909293878078460516e-01 2.859804617613553868e-01 2.813757560774683975e-01 2.771660551801323757e-01 2.733787953853606956e-01 2.700172161310911423e-01 2.670639026165008700e-01 2.644856589287519211e-01
2.761128094512969033e-01 2.727769285626709395e-01 2.697877344302833102e-01 2.669472302310168521e-01 2.642811977490782671e-01 2.618125934526324139e-01 2.595567208901047862e-01 2.575203775614500201e-01 2.557024438306689240e-01 2.540953876078128615e-01 2.526867166161537170e-01 2.514606998115778147e-01 2.503996307402849286e-01 2.494852536171674739e-01 2.486996502429247025e-01 2.480257804691791412e-01 2.474480831623077359e-01 2.469524018466472681e-01 2.465262319892644882e-01 2.461587589979171709e-01
2.341854320466518480e-01 2.290420308709144592e-01 2.247099085897207305e-01 2.209098866581916676e-01 2.175765635818243116e-01 2.146521795541048161e-01 2.120821200311183985e-01 2.098172594606876329e-01 2.078140878677368075e-01 2.060341073572635739e-01 2.044451269507408242e-01 2.030196575820445992e-01 2.017347176373004980e-01 2.005703411996364594e-01 1.995108425617218018e-01 1.985427322983741860e-01 1.976546666026115506e-01 1.968375866860151424e-01 1.960833793878555276e-01 1.953855067491531428e-01
1.852180197276175055e-01 1.845901953242719273e-01 1.844053804315626544e-01 1.842468840070068947e-01 1.841099964827299096e-01 1.839914687722921383e-01 1.838885976374149411e-01 1.837987285479903143e-01 1.837201137095689774e-01 1.836511891707778010e-01 1.835903362557292084e-01 1.835363133996724960e-01 1.834882248193025478e-01 1.834453839808702358e-01 1.834067947417497568e-01 1.833718566223979107e-01 1.833403213322162550e-01 1.833115496113896237e-01 1.832850882411003191e-01 1.832608889415860143e-01
2.525627151131629722e-01 2.470114443451166264e-01 2.426206693798303726e-01 2.387664361298084126e-01 2.354034300893545206e-01 2.324724209308624279e-01 2.299143125861883297e-01 2.276761415600776772e-01 2.257106597721576791e-01 2.239772669970989116e-01 2.224410055577754897e-01 2.210721407830715246e-01 2.198459546267986231e-01 2.187414622306823597e-01 2.177407473325729259e-01 2.168293106555938821e-01 2.159948715567588939e-01 2.152269876003265470e-01 2.145170599222183117e-01 2.138580451905727486e-01
4.282386672589927890e-01 4.103308403119445003e-01 3.907837187312543370e-01 3.702970686927437582e-01 3.498014384508132957e-01 3.301116379350423902e-01 3.118646834045648575e-01 2.954778918623924278e-01 2.811510814726352891e-01 2.689020574092865212e-01 2.586178398132324419e-01 2.501062478125095634e-01 2.431394366919994443e-01 2.374834236502647300e-01 2.329184083640575276e-01 2.292480994760990043e-01 2.263037525117397308e-01 2.239436468482017550e-01 2.220512574911117643e-01 2.205317428708076510e-01
