2.086884441971778692e+00 1.881311594247818020e+00 1.627133711054921106e+00 1.346003964177798551e+00 1.056435344298952250e+00 7.856392419047187881e-01 5.678948595654219611e-01 4.150901828566566087e-01 3.164084080125212362e-01 2.549714608059821530e-01 2.169774595648050197e-01 1.932512694131582887e-01 1.781635328731499546e-01 1.683534645136751384e-01 1.618169389490503873e-01 1.573427537103242180e-01 1.541888128215214149e-01 1.518909867016736692e-01 1.501555875374742666e-01 1.487929061149406984e-01
9.574914100914611037e-01 7.803091936191777211e-01 6.427040327794384389e-01 5.422588626790093569e-01 4.713891213538590752e-01 4.219891115184873365e-01 3.875395854935049789e-01 3.633022501692175776e-01 3.459851262718439124e-01 3.333367291837930901e-01 3.238291258364915937e-01 3.164215224981308250e-01 3.104047957062721075e-01 3.052939277887344316e-01 3.007560572028160073e-01 2.965646572411060333e-01 2.925654254853725655e-01 2.886568687856197468e-01 2.847724790871143385e-01 2.808739320933819061e-01
6.696684764232486708e-01 5.335225347103551563e-01 4.352035942176007421e-01 3.677576563548063948e-01 3.220030460529960670e-01 2.904393458191771304e-01 2.679710681355754742e-01 2.513329676432112803e-01 2.384696378355147250e-01 2.280912630152306386e-01 2.193904050003038786e-01 2.118605451961047825e-01 2.051848954096203714e-01 1.991661471204133615e-01 1.936803815461462241e-01 1.886507329076994310e-01 1.840257685526739684e-01 1.797701329964911665e-01 1.758575196593301360e-01 1.722655459534143951e-01
1.590462535349070006e+00 1.363136235459242007e+00 1.119385396540165001e+00 8.878418865869752707e-01 6.911363156454172207e-01 5.385465565498452900e-01 4.277803600282641394e-01 3.507156159169335097e-01 2.982804762176238245e-01 2.628494531922865307e-01 2.388103930116630969e-01 2.223014261807202407e-01 2.107525447255466089e-01 2.024801433458924271e-01 1.963826036360114824e-01 1.917371172760613252e-01 1.880686040944419823e-01 1.850610779679845996e-01 1.825046881592061188e-01 1.802583485865034141e-01
1.029192038937544629e+00 8.257548854645574421e-01 6.481553922093371556e-01 5.051364338291023381e-01 3.983024079097958747e-01 3.230672492807935003e-01 2.719211588983307393e-01 2.376466086067375860e-01 2.146400958788581281e-01 1.989975621551275387e-01 1.881407916918396983e-01 1.804086250066757324e-01 1.747387258335947879e-01 1.704504454880952924e-01 1.671053228527307477e-01 1.644167485460638900e-01 1.621968316659331277e-01 1.603200018033385243e-01 1.587018405273556698e-01 1.572832153365016084e-01
2.364387590793194382e-01 1.983633688045665644e-01 1.763716318360638857e-01 1.634676350400513789e-01 1.557250088933506138e-01 1.508905235218117036e-01 1.477203786652444284e-01 1.455287236417643626e-01 1.439337777160108189e-01 1.427195254201069352e-01 1.417614219523966324e-01 1.409858441166579601e-01 1.403466329071670904e-01 1.398143747542053561e-01 1.393684463202953250e-01 1.389934444427490257e-01 1.386782249342650153e-01 1.384122558869421427e-01 1.381887521222233683e-01 1.380003498774021731e-01
2.129957257509231372e+00 1.908784075975417993e+00 1.599362707063555655e+00 1.256412954544648519e+00 9.464463301589784994e-01 7.060015234944876372e-01 5.365767562815745295e-01 4.226735346368514223e-01 3.470497672841884040e-01 2.964542576572421484e-01 2.619815794355235816e-01 2.379383236882858799e-01 2.207273375326622156e-01 2.080624269245890945e-01 1.984705396677600153e-01 1.909901798916689708e-01 1.849838601255032744e-01 1.800249742693267874e-01 1.758255437493790041e-01 1.721905582325416739e-01
3.586825042963027732e-01 3.545760378241539224e-01 3.534404021501540982e-01 3.526773825287818909e-01 3.521371442079543890e-01 3.517319414019584589e-01 3.514080286026001199e-01 3.511332160234451050e-01 3.508872777223587258e-01 3.506579130887985118e-01 3.504354634881019503e-01 3.502156981825828574e-01 3.499936002492904930e-01 3.497668117284774558e-01 3.495324051380157560e-01 3.492890176177024797e-01 3.490355318784713612e-01 3.487694483995437689e-01 3.484899297356605641e-01 3.481958001852035745e-01
2.578757655620574907e-01 2.553014734387397677e-01 2.550957402586936928e-01 2.550399814546108201e-01 2.550303867459297047e-01 2.550268059968948120e-01 2.550145234167575659e-01 2.549902194738388195e-01 2.549547453224658700e-01 2.549103423953056335e-01 2.548589481413364166e-01 2.548019739985465937e-01 2.547415277361869679e-01 2.546779504418373308e-01 2.546122187376022583e-01 2.545446597039699443e-01 2.544754368066787786e-01 2.544049423933029130e-01 2.543329828977584639e-01 2.542599019408225969e-01
3.313352780113927865e-01 2.751082515438610931e-01 2.418980358781118445e-01 2.224711900320835434e-01 2.110015159007161967e-01 2.039946888200938613e-01 1.994881589896976837e-01 1.963936444744467658e-01 1.941081923618912797e-01 1.922948600351810367e-01 1.907641320489346926e-01 1.894092914275825046e-01 1.881667395867407389e-01 1.870012373663484939e-01 1.858898957073688574e-01 1.848190042749047191e-01 1.837793526984751180e-01 1.827628524787724140e-01 1.817642300343141060e-01 1.807777114445343614e-01
2.808797533810138969e-01 2.628467079997062750e-01 2.537898859381675920e-01 2.483049844205379442e-01 2.447582492232322771e-01 2.422728744149208191e-01 2.403773209452629012e-01 2.388152667880058255e-01 2.374433654546737604e-01 2.361810252070427052e-01 2.349817937612533603e-01 2.338172860443591961e-01 2.326716867089271557e-01 2.315333876013755676e-01 2.303963264822959933e-01 2.292554146051406783e-01 2.281079654395580247e-01 2.269508445262908847e-01 2.257825544476509128e-01 2.246015076339244743e-01
1.578365727439522637e+00 1.322154877586290134e+00 1.057270708736032239e+00 8.190982744266511739e-01 6.269003606163460196e-01 4.831785606875200756e-01 3.812615275965072215e-01 3.114611139023327202e-01 2.645475458131841262e-01 2.331941737944726034e-01 2.121443994191940796e-01 1.978322692317487919e-01 1.879111603545607079e-01 1.808587549231015223e-01 1.756924331409391027e-01 1.717777716173441160e-01 1.687051815525046627e-01 1.662084828535444203e-01 1.641142127648345106e-01 1.623091918646241416e-01
1.967261499911546752e-01 1.856073471531271835e-01 1.790778320282697678e-01 1.740132750757038549e-01 1.698495704494416836e-01 1.663378855213522856e-01 1.633506800048053209e-01 1.608038140088319801e-01 1.586277580261230558e-01 1.567601344548165687e-01 1.551463034003973118e-01 1.537397279776632764e-01 1.525027017109095995e-01 1.514058594964444726e-01 1.504248976707458496e-01 1.495418584905564841e-01 1.487420501001179285e-01 1.480135872773826189e-01 1.473468084633350328e-01 1.467341338656842631e-01
3.588180346824810796e-01 3.070690897473832837e-01 2.751806106884032710e-01 2.546840386970871117e-01 2.410779763635218786e-01 2.315536282118410005e-01 2.244431369559606593e-01 2.187574305785619788e-01 2.139010681323270657e-01 2.095076347285794449e-01 2.053483260935172472e-01 2.012819914403371491e-01 1.972285620894399516e-01 1.931529795128153759e-01 1.890548227413091920e-01 1.849612432287540409e-01 1.809169801336247552e-01 1.769763612211681936e-01 1.731933828303590384e-01 1.696152872894890473e-01
1.940595448240637788e+00 1.771613042168319163e+00 1.557088131317868829e+00 1.313268082253453040e+00 1.064348969367056252e+00 8.356955652355100295e-01 6.453994137693370714e-01 4.992310345772421054e-01 3.931671608169562959e-01 3.188319831808985594e-01 2.675932985562030630e-01 2.323919569059216816e-01 2.080643086272175313e-01 1.910442800910823191e-01 1.789381467236671464e-01 1.701581315693329044e-01 1.636533296006382476e-01 1.587251951360667546e-01 1.549072954902658283e-01 1.518846953115644272e-01
2.089918695837259310e+00 1.941121618747711164e+00 1.721105840690434041e+00 1.458952075638808354e+00 1.197120340187102450e+00 9.647802540965494389e-01 7.723840343134361630e-01 6.189983400999335972e-01 4.997035455382319857e-01 4.088210963072196891e-01 3.408043912987341328e-01 2.906178844596243316e-01 2.539702166873030187e-01 2.273932479901122905e-01 2.081927718483348178e-01 1.943387240607989952e-01 1.843325260067675275e-01 1.770842893110239069e-01 1.718094638799084473e-01 1.679451872850768190e-01
9.261126105650328011e-01 7.414216798893176197e-01 5.862547968444414836e-01 4.670221889577805818e-01 3.811057273855567584e-01 3.216609392125974187e-01 2.814048366983956662e-01 2.543197546596820957e-01 2.360068712214706543e-01 2.234534431067368154e-01 2.146635443164268409e-01 2.083370931982062857e-01 2.036291712149977673e-01 1.999915734818205337e-01 1.970660163275897436e-01 1.946172252111136869e-01 1.924895826820284261e-01 1.905791167914867301e-01 1.888166937511414345e-01 1.871557684405706912e-01
1.275695071144291370e+00 1.032964480367954740e+00 8.143199938675388383e-01 6.388175361692861598e-01 5.094923285082768594e-01 4.194187569152563744e-01 3.587285347096622057e-01 3.184889929741621106e-01 2.919294783845544083e-01 2.743441656231880299e-01 2.625993497669696919e-01 2.546501130610704378e-01 2.491707856953143951e-01 2.453008922189474084e-01 2.424811466038226948e-01 2.403448787331581016e-01 2.386505965888500169e-01 2.372378356754779871e-01 2.359996011853218167e-01 2.348639553785324130e-01
1.973468421772122339e+00 1.772776454240083677e+00 1.514525928637012742e+00 1.221218125581508440e+00 9.368480397664364911e-01 7.009983396524330779e-01 5.260296240134629819e-01 4.042647846980253479e-01 3.219481006050304295e-01 2.666995455278083904e-01 2.294317932020774609e-01 2.040070847180322777e-01 1.864141736668534499e-01 1.740536178680485990e-01 1.652343502081930759e-01 1.588459330517798529e-01 1.541497476026415792e-01 1.506479313597083036e-01 1.480002454482018948e-01 1.459717232733964976e-01
6.415673292707652076e-01 4.918890893379830320e-01 3.830497174500487878e-01 3.088710046379128382e-01 2.599770347631419898e-01 2.281080218660463399e-01 2.073044896149076610e-01 1.936073161987587887e-01 1.844801592863223039e-01 1.783155961561715130e-01 1.740917611960321743e-01 1.711553316726349416e-01 1.690816582582192473e-01 1.675916363562282574e-01 1.664983506995486029e-01 1.656748187373159320e-01 1.650327414058847253e-01 1.645097660541068874e-01 1.640602534846402616e-01 1.636498492961982187e-01
5.437398914478762668e-01 4.171467873280562122e-01 3.296056135522667518e-01 2.730572251323610811e-01 2.376346300516161136e-01 2.154859919898444720e-01 2.013739437392541853e-01 1.920636473948252321e-01 1.856256211947766022e-01 1.809257210849318787e-01 1.773008640453918039e-01 1.743633680662605989e-01 1.718838404305279288e-01 1.697259271977236417e-01 1.678052991081494805e-01 1.660682388427085210e-01 1.644797195386490662e-01 1.630149058239476201e-01 1.616557205047865764e-01 1.603886449184301344e-01
5.858123328849614841e-01 4.544084158941404938e-01 3.635308756839776834e-01 3.000008760464333846e-01 2.552324972875066877e-01 2.236045543143700409e-01 2.012072862089922254e-01 1.852644737104128525e-01 1.738164408697048247e-01 1.654972690228896648e-01 1.593645274918526478e-01 1.547714536054991263e-01 1.512754383822902948e-01 1.485731761343777046e-01 1.464544295985251710e-01 1.447727433871477953e-01 1.434236002806573984e-01 1.423317828122526441e-01 1.414420008938759576e-01 1.407120306417345978e-01
2.257294546067714625e-01 2.175119656324386586e-01 2.118176224827766352e-01 2.076444254815578427e-01 2.044480131566524528e-01 2.018208509683608876e-01 1.995027394592762127e-01 1.973450009524822246e-01 1.952700021862983637e-01 1.932406772673130047e-01 1.912416742742061582e-01 1.892691352963447593e-01 1.873238427937030659e-01 1.854093742370605535e-01 1.835300645232200711e-01 1.816907814145088118e-01 1.798947681486606498e-01 1.781469415128230926e-01 1.764497558772563923e-01 1.748064014315605097e-01
1.837985839841421720e+00 1.626585757208231398e+00 1.350448291018256031e+00 1.067238301055040139e+00 8.272423553015687547e-01 6.488899630343075708e-01 5.266396231087856483e-01 4.463462144823279187e-01 3.944881621119566417e-01 3.610053563211113037e-01 3.391683749761432165e-01 3.246790382312610967e-01 3.148371126064648529e-01 3.079503592604305728e-01 3.029499838431365943e-01 2.991558467457071102e-01 2.961302201449871330e-01 2.935864447336644090e-01 2.913374589662998670e-01 2.892569462489336662e-01
6.031048818052932026e-01 5.156279951456235189e-01 4.475366967654554329e-01 3.951798847551845073e-01 3.552758650085888759e-01 3.247588360070949309e-01 3.011965325835150864e-01 2.827790954995725858e-01 2.681952283717691787e-01 2.564991302511770987e-01 2.470041111565660641e-01 2.392044361561420363e-01 2.327210357078001723e-01 2.272640511322333579e-01 2.226103589637205005e-01 2.185851696714234960e-01 2.150509438208246249e-01 2.118975058696014324e-01 2.090368064180529450e-01 2.063970123329181561e-01
1.523325037155300432e+00 1.293494327900116314e+00 1.066484474408907701e+00 8.639480583149997672e-01 6.959756621185079206e-01 5.625588463558233165e-01 4.591264675185084410e-01 3.803196527925319925e-01 3.213032132387161344e-01 2.778454168140888081e-01 2.462557074544020064e-01 2.234299682918935992e-01 2.069071471737697621e-01 1.948357719226021245e-01 1.858782361865451149e-01 1.790955197656876330e-01 1.738402832677030663e-01 1.696683154865604726e-01 1.662787006733560669e-01 1.634651387704070535e-01
4.641413219808601109e-01 3.713420684702578023e-01 3.082677199190947959e-01 2.667190781072713568e-01 2.398736269067739957e-01 2.225607170470721152e-01 2.113177966530201957e-01 2.039319493943548833e-01 1.990112992987269624e-01 1.956808327157159577e-01 1.933843032007280249e-01 1.917644251225283369e-01 1.905862125649582517e-01 1.896933180582709710e-01 1.889767353842034814e-01 1.883582736598327645e-01 1.877784511912614085e-01 1.871888038376346153e-01 1.865460406430065610e-01 1.858090962376445499e-01
9.893828739646415293e-01 7.610212664160644902e-01 5.743101440597092600e-01 4.368114771443651900e-01 3.423295735567444265e-01 2.799231394654089211e-01 2.394308588493731793e-01 2.132360962837992757e-01 1.961769298760918934e-01 1.849176790891215172e-01 1.773491766792721913e-01 1.721429878549679549e-01 1.684631210885709218e-01 1.657800403219880647e-01 1.637560944177675892e-01 1.621743506845086946e-01 1.608941432228311874e-01 1.598235240136273161e-01 1.589018000336363812e-01 1.580886524356901746e-01
1.739517818577587527e-01 1.712624582252465222e-01 1.694296402443433158e-01 1.675800186251945045e-01 1.655947767592442776e-01 1.633838117435516268e-01 1.608984119589695061e-01 1.581467248123772096e-01 1.551991893728131844e-01 1.521806566731311317e-01 1.492458277357084639e-01 1.465436649709135897e-01 1.441819142006716126e-01 1.422088713094126489e-01 1.406155714581837080e-01 1.393550924694864079e-01 1.383656732935923950e-01 1.375869208690710388e-01 1.369680208154022694e-01 1.364704657322727277e-01
4.022185171977616935e-01 3.311211794891278370e-01 2.826769513217732288e-01 2.497831005830084827e-01 2.272716008918359842e-01 2.114919479982927397e-01 2.000509473378770109e-01 1.914333594086929102e-01 1.846933594267375078e-01 1.792416486467118264e-01 1.747089820186374653e-01 1.708622315723914709e-01 1.675492399581708092e-01 1.646666170936077755e-01 1.621410618769004996e-01 1.599173205159604427e-01 1.579525045491755042e-01 1.562109956331551031e-01 1.546637064497917990e-01 1.532857297454029433e-01
9.919865553546697301e-01 7.630903056368697479e-01 5.792490576086128939e-01 4.443411018213373476e-01 3.507479402313438688e-01 2.878507176448601990e-01 2.462144498631823886e-01 2.187482852925313748e-01 2.005465425457805262e-01 1.883567206189036281e-01 1.800640099681913853e-01 1.743064476922154549e-01 1.702054816484451227e-01 1.671944259479641870e-01 1.649059572815895214e-01 1.631015764549374469e-01 1.616258616000413872e-01 1.603762294352054640e-01 1.592860521748661884e-01 1.583112350851297312e-01
7.206062212446704418e-01 6.414481735172740118e-01 5.586640180752147078e-01 4.571178753440108267e-01 3.467955343588255412e-01 2.574597504688426741e-01 2.013030874880496479e-01 1.706392902469997253e-01 1.547081214704849050e-01 1.464294488999575983e-01 1.420335085038095801e-01 1.396296797474496920e-01 1.382715744861457152e-01 1.374766007960715741e-01 1.369925040101225011e-01 1.366841564561036559e-01 1.364774415914689620e-01 1.363307466229002340e-01 1.362209450323916826e-01 1.361340159376868419e-01
2.653264342508919182e-01 2.139895523701215996e-01 1.846819364104885508e-01 1.679202838635319439e-01 1.581672384345438331e-01 1.522949084160791222e-01 1.486018148958828666e-01 1.461607801605714352e-01 1.444601448578760050e-01 1.432130691502243314e-01 1.422560367174446616e-01 1.414940235018730119e-01 1.408695281203836136e-01 1.403476128168404113e-01 1.399059858545660950e-01 1.395289878360927160e-01 1.392059440724551789e-01 1.389284355379641067e-01 1.386896555684506982e-01 1.384844064526259966e-01
1.647188113154297806e+00 1.409884408424841196e+00 1.159166413820348573e+00 9.276384066644822735e-01 7.358027696110616134e-01 5.887130605312995701e-01 4.813881559728179216e-01 4.051209663553163587e-01 3.514038217221968630e-01 3.134172916738316439e-01 2.861965251003857902e-01 2.662943639719742572e-01 2.513738008463405893e-01 2.398663295013830077e-01 2.307206399226561233e-01 2.232312794122844890e-01 2.169243945041671451e-01 2.114802951598540037e-01 2.066830540820956130e-01 2.023858907539397567e-01
5.528593178577648759e-01 4.045800720038823517e-01 3.082077065983321318e-01 2.493884465564042419e-01 2.141997003182768700e-01 1.930158309265971317e-01 1.800044002011418343e-01 1.717831265553831921e-01 1.664084037393331605e-01 1.627543652802705687e-01 1.601602697372436490e-01 1.582319357246160518e-01 1.567299818992614613e-01 1.555073676258325599e-01 1.544724112004041694e-01 1.535680178552865927e-01 1.527573026716709248e-01 1.520165919512510289e-01 1.513307694345712717e-01 1.506895913183688984e-01
1.246544433459639611e+00 9.739039739032807619e-01 7.303418245597277370e-01 5.393138424825155708e-01 4.036463249822366817e-01 3.134232368634548016e-01 2.555997357580054308e-01 2.191189463549852723e-01 1.961458350531756767e-01 1.815854368463624136e-01 1.722511769746415677e-01 1.661790838446177143e-01 1.621594469918636594e-01 1.594427688361611251e-01 1.575604634266346560e-01 1.562166201556101364e-01 1.552225879067554992e-01 1.544575227191671840e-01 1.538428592868149314e-01 1.533279469003900886e-01
1.433173182372411147e-01 1.411687511377385795e-01 1.405139988556038666e-01 1.400266136066056766e-01 1.396386293601244721e-01 1.393179012567270503e-01 1.390468515688553508e-01 1.388143605680670634e-01 1.386135057243518542e-01 1.384390048973727916e-01 1.382871109322877656e-01 1.381547807401511951e-01 1.380393063338124227e-01 1.379386654598056261e-01 1.378508556475571689e-01 1.377743506327533396e-01 1.377076431190653316e-01 1.376494535222627658e-01 1.375988923872546454e-01 1.375545677921371501e-01
5.009991739262477095e-01 3.789867879636585890e-01 2.907170375448185906e-01 2.328010935964994199e-01 1.968534691954118843e-01 1.750415907352726175e-01 1.618267195574298878e-01 1.537364998102566382e-01 1.487011059754877462e-01 1.455046288541052557e-01 1.434308285685256257e-01 1.420541833830065992e-01 1.411170333297923074e-01 1.404620127810631003e-01 1.399911231512669385e-01 1.396424806065624524e-01 1.393767987409955944e-01 1.391686719612334755e-01 1.390010452103160876e-01 1.388630019107676972e-01
2.139211673522368184e-01 2.042126644868403618e-01 1.955125934258103437e-01 1.877143417974002637e-01 1.810842367295481259e-01 1.757018909566704645e-01 1.714178776423796180e-01 1.679618941782973773e-01 1.650700038950890236e-01 1.625475119240581967e-01 1.602743896562606185e-01 1.581857443321496304e-01 1.562499374896287874e-01 1.544525639666244343e-01 1.527875334490090553e-01 1.512524411105550803e-01 1.498450417048297900e-01 1.485621321835788045e-01 1.473997842450626150e-01 1.463525482699697122e-01
3.685743611026555122e-01 3.423407109407707871e-01 3.111734841763973414e-01 2.796601471304893671e-01 2.540489143878221778e-01 2.370115278661251157e-01 2.269574570655822632e-01 2.210014025866985365e-01 2.170219601690769329e-01 2.139070650935173123e-01 2.111673882603645191e-01 2.086093379557132643e-01 2.061609394848346599e-01 2.037972036004066512e-01 2.015088280290365241e-01 1.992928434908390056e-01 1.971474626660346952e-01 1.950712796300649587e-01 1.930618569999933143e-01 1.911177156120538734e-01
3.081733560562133767e-01 3.037692081928253240e-01 3.007325130701065108e-01 2.979190614819526850e-01 2.953007188439369379e-01 2.928515511751175193e-01 2.905418139696120949e-01 2.883415725827216947e-01 2.862275782227516330e-01 2.841839528083801025e-01 2.821969071030616671e-01 2.802559280395507946e-01 2.783521234989166371e-01 2.764780902862548628e-01 2.746268641948699796e-01 2.727933570742607228e-01 2.709716907143592812e-01 2.691573333740234220e-01 2.673459234833717169e-01 2.655327656865120178e-01
1.308051688298583093e+00 1.036704117096960642e+00 7.981414594873785795e-01 6.047827263292856470e-01 4.564822425486818047e-01 3.495883199600898217e-01 2.770526440595858508e-01 2.299140859773615431e-01 2.000234938581706978e-01 1.812527022277936328e-01 1.694519862718880110e-01 1.619692791160196044e-01 1.571569566428661358e-01 1.540028860978782110e-01 1.518853185884654622e-01 1.504215381853282463e-01 1.493732272274792272e-01 1.485916213132441044e-01 1.479828301258385159e-01 1.474866972118616115e-01
1.688718731552362406e+00 1.424131975546479190e+00 1.134961642604321197e+00 8.607873124128673226e-01 6.346258237304098770e-01 4.694011833332478734e-01 3.586264077440137199e-01 2.876537733431905330e-01 2.427858953760005656e-01 2.142318668458028652e-01 1.957344297290546931e-01 1.834663540360634282e-01 1.751071303966455217e-01 1.692407911177724600e-01 1.649940519407391559e-01 1.618174039013683674e-01 1.593621587380766869e-01 1.574032524600625094e-01 1.557931161299347944e-01 1.544343017041683308e-01
1.477890453086583955e+00 1.288355434210971096e+00 1.084954243997344747e+00 8.853403926754436215e-01 7.073655828027404224e-01 5.622982333676190825e-01 4.525801257784041742e-01 3.740875864860572775e-01 3.199444978020619668e-01 2.833347502456308731e-01 2.587472522456664703e-01 2.421768179582431957e-01 2.308740706648677588e-01 2.230098138470202607e-01 2.173848795518279198e-01 2.132159778289496876e-01 2.099921508878469512e-01 2.073786341119557564e-01 2.051547663845121883e-01 2.031748764961957832e-01
1.971295557916164509e-01 1.914648130908608303e-01 1.889873929321765900e-01 1.870388265326619059e-01 1.853724772483110461e-01 1.838650844618678060e-01 1.824529843404888996e-01 1.811032136902213097e-01 1.797983084991574276e-01 1.785288909077644426e-01 1.772894582152366727e-01 1.760774482414126374e-01 1.748911774903535721e-01 1.737296782992780175e-01 1.725926523283123903e-01 1.714800252392888191e-01 1.703915671631693884e-01 1.693275610730052005e-01 1.682876505702733949e-01 1.672720408067107090e-01
4.559076848237054724e-01 3.717621752159903092e-01 3.192204240645696856e-01 2.866513601398037459e-01 2.663287458871491098e-01 2.532146977819502154e-01 2.443008008226752181e-01 2.378386535681784042e-01 2.328133616596460287e-01 2.286318536102771859e-01 2.249433125555515278e-01 2.215373343601822753e-01 2.182865133881568831e-01 2.151142793893814076e-01 2.119743213057518061e-01 2.088407091051339981e-01 2.056999361515045033e-01 2.025477243959903639e-01 1.993869809061288856e-01 1.962251792848110077e-01
9.315607536133029276e-01 7.880563412592437311e-01 6.612758784898323805e-01 5.547501004161312643e-01 4.687263912241905750e-01 4.011666206922381850e-01 3.490449114649709639e-01 3.091820243148674652e-01 2.787136551370531512e-01 2.552857878159556781e-01 2.370694845664547690e-01 2.226985076582059242e-01 2.111739705596119288e-01 2.017761431098915592e-01 1.939901436469517737e-01 1.874477073561865714e-01 1.818841042671920094e-01 1.771072330106835679e-01 1.729743032658007107e-01 1.693777876382228098e-01
1.705703845620155368e-01 1.622137771546840745e-01 1.566209032386541300e-01 1.528012987971305858e-01 1.502614989876747131e-01 1.485360750555992093e-01 1.472927991300821415e-01 1.463296975940465983e-01 1.455352782458066985e-01 1.448514264449477229e-01 1.442478064820170436e-01 1.437077381834387657e-01 1.432215067744254944e-01 1.427817362174391702e-01 1.423833495005965288e-01 1.420218377932906118e-01 1.416933848336338897e-01 1.413941832259297260e-01 1.411214536055922508e-01 1.408722401410341385e-01
2.586052960157394498e-01 2.491482819616794575e-01 2.435246989130973871e-01 2.399604818224906899e-01 2.376406151056289773e-01 2.360206329822540361e-01 2.347672297060489632e-01 2.336882117390632618e-01 2.326785272359848111e-01 2.316828553378582067e-01 2.306730584800243400e-01 2.296354626119136710e-01 2.285636831820011261e-01 2.274557009339332470e-01 2.263103772699832927e-01 2.251281018555164326e-01 2.239089752733707528e-01 2.226535032689571370e-01 2.213623191416263514e-01 2.200362870097160306e-01
1.827668418781831783e-01 1.752115576493088189e-01 1.716282585629960444e-01 1.692720188281964522e-01 1.675830663763918094e-01 1.662660702629364107e-01 1.651653410657308862e-01 1.641964373580412917e-01 1.633134378009708509e-01 1.624900663166772563e-01 1.617116071796044774e-01 1.609688623342662994e-01 1.602564515802077927e-01 1.595708180614747174e-01 1.589093699259683523e-01 1.582706539006903668e-01 1.576536171720363255e-01 1.570568787609226968e-01 1.564797183871269315e-01 1.559214694588445249e-01
