2.716320311505114882e-01 2.379036799212917719e-01 2.139259025920182411e-01 1.968768557347357340e-01 1.848097581416368596e-01 1.762206532061099951e-01 1.700427879393100750e-01 1.655379410088062275e-01 1.621989157050847952e-01 1.596781587600707986e-01 1.577361840009689209e-01 1.562072093039751086e-01 1.549755918979644764e-01 1.539605867117643245e-01 1.531046550720930044e-01 1.523669713735580356e-01 1.517183022946119175e-01 1.511382979154586859e-01 1.506109635531902302e-01 1.501255398988723677e-01
3.500033297917252706e-01 3.400838455374469160e-01 3.291965075276675479e-01 3.169374818634241864e-01 3.033006284269504360e-01 2.885655617760494174e-01 2.732912333309650554e-01 2.582262229360640093e-01 2.441441839374601797e-01 2.316659137979149852e-01 2.211416086554527372e-01 2.126308388635516078e-01 2.059660293161869049e-01 2.008516156300902411e-01 1.969549350440502056e-01 1.939676745235919819e-01 1.916344512905925612e-01 1.897586856968700997e-01 1.881976949516683817e-01 1.868508212221786369e-01
1.870558677043300255e-01 1.810656689548341136e-01 1.748288586354465324e-01 1.685381066356785584e-01 1.625815035030245825e-01 1.572805170714855205e-01 1.528232816932723059e-01 1.492555242730304599e-01 1.465140984201570851e-01 1.444749532633613776e-01 1.429947586431808415e-01 1.419381043652538088e-01 1.411912426131311793e-01 1.406647250871901622e-01 1.402920151698162921e-01 1.400250614386459314e-01 1.398300673940684746e-01 1.396838463825406385e-01 1.395704562909668434e-01 1.394792212487664107e-01
3.101764766126871020e-01 2.986119320243597053e-01 2.902233675494790277e-01 2.834935291856527373e-01 2.780177155137061873e-01 2.734695220738649346e-01 2.696023068577051429e-01 2.662347389012575394e-01 2.632336749881505900e-01 2.605015294998884179e-01 2.579662672430276804e-01 2.555763834714889771e-01 2.532934979349374949e-01 2.510893841832876339e-01 2.489434327930211965e-01 2.468410913646221228e-01 2.447715610265731867e-01 2.427266781032085541e-01 2.407017645984887988e-01 2.386927273869514365e-01
2.822263002442195745e-01 2.729947357159108190e-01 2.633966496307402760e-01 2.534316015429795010e-01 2.433805215544998513e-01 2.335812751203775461e-01 2.243620758503675483e-01 2.159899851679801808e-01 2.086311224848031998e-01 2.023418958485126429e-01 1.970815536379814104e-01 1.927411824464798085e-01 1.891773635149002208e-01 1.862395074963569541e-01 1.837880694866180498e-01 1.817051835358142742e-01 1.798967702686786740e-01 1.782913380861282371e-01 1.768360106647014485e-01 1.754927428066730410e-01
1.873128850683569935e+00 1.733876581266522443e+00 1.579500912018120262e+00 1.418566801995039039e+00 1.258931546178937433e+00 1.106946579424547883e+00 9.671471773986559661e-01 8.422435037902323840e-01 7.333230781730526449e-01 6.401932436227798506e-01 5.617803044605534923e-01 4.965091278511681860e-01 4.426094393772473379e-01 3.983221032651749760e-01 3.620285662059904985e-01 3.323047241602034574e-01 3.079395384708186745e-01 2.879239271895494556e-01 2.714289630947132603e-01 2.577809888799674765e-01
2.258601107448339473e-01 2.213858721405267682e-01 2.177370776608586189e-01 2.144551417231559676e-01 2.114857521653175365e-01 2.087821484915912129e-01 2.063019867986440603e-01 2.040076134540140529e-01 2.018664859235286824e-01 1.998512334190309103e-01 1.979391287732869265e-01 1.961119419429451227e-01 1.943549177190288801e-01 1.926564178615808587e-01 1.910072333179414217e-01 1.893999886186793491e-01 1.878288342454470794e-01 1.862892484990879838e-01 1.847774228476919134e-01 1.832904663076624363e-01
1.162001491702103539e+00 1.046655191576574051e+00 9.358688420944963893e-01 8.326525229455729038e-01 7.386391105339862317e-01 6.548180326436704446e-01 5.815171667869435401e-01 5.184331590309738669e-01 4.647925273515284283e-01 4.195554191619157991e-01 3.815814130124636216e-01 3.497613634295703156e-01 3.230830045579932697e-01 3.006641089991899385e-01 2.817581343033816466e-01 2.657435611989057977e-01 2.521120744762083699e-01 2.404457118077971134e-01 2.304067296505672990e-01 2.217182669235626125e-01
4.281624130480486401e-01 4.004775364904810675e-01 3.763369031553156496e-01 3.552141202427446798e-01 3.371598929911852061e-01 3.219693399965762870e-01 3.093127141892910159e-01 2.988141368329524927e-01 2.901025149226188482e-01 2.828405220806598508e-01 2.767369733750820182e-01 2.715499265491962411e-01 2.670838433504104659e-01 2.631829196214676148e-01 2.597257018089294545e-01 2.566171020269393810e-01 2.537844312191009366e-01 2.511721724271774314e-01 2.487377151846885681e-01 2.464481958746910228e-01
5.150973144457384745e-01 4.592506903717730737e-01 4.155696196090866712e-01 3.816664279263932147e-01 3.554576911783078885e-01 3.350892273485146511e-01 3.191020274232141407e-01 3.063943071488756664e-01 2.961503110236185510e-01 2.877677670193952708e-01 2.808022270665969655e-01 2.749231053749099374e-01 2.698847703635692818e-01 2.655022777058184125e-01 2.616349455993622342e-01 2.581753146275878041e-01 2.550410774350166387e-01 2.521682272851467066e-01 2.495069322176277637e-01 2.470180734619498164e-01
7.159617454151157023e-01 6.510811198374721886e-01 5.912578151602064791e-01 5.365990598578491699e-01 4.879648268874734462e-01 4.459155402891337716e-01 4.104444790631532891e-01 3.810742438584566183e-01 3.570662754774093783e-01 3.375956191122531647e-01 3.218663670122623444e-01 3.091668525338173157e-01 2.988907402753829823e-01 2.905393059551715784e-01 2.837081964313983851e-01 2.780757558345794411e-01 2.733865702152252219e-01 2.694400614500045976e-01 2.660782077908516174e-01 2.631783765554427945e-01
4.632679520361125403e-01 4.453963482379913463e-01 4.295926303416490732e-01 4.152598760277033119e-01 4.024565114825964240e-01 3.911385565251112029e-01 3.812108822166919708e-01 3.725494959950447216e-01 3.650157637894153595e-01 3.584675946831702986e-01 3.527658300101756961e-01 3.477797308564186118e-01 3.433901658654213152e-01 3.394900222122669287e-01 3.359850978851318115e-01 3.327931568026542553e-01 3.298433530330657781e-01 3.270752842724323206e-01 3.244374263286590732e-01 3.218864470720291249e-01
1.654669425636529911e-01 1.600711614172905806e-01 1.566203840915113554e-01 1.540054351813159861e-01 1.519871019246056554e-01 1.503955970398965225e-01 1.491117423435207590e-01 1.480521080165496661e-01 1.471581807086476956e-01 1.463882886765350000e-01 1.457130687558310378e-01 1.451110908236012131e-01 1.445672749004006663e-01 1.440703216291331079e-01 1.436121096877030767e-01 1.431864935865815036e-01 1.427888897369848642e-01 1.424158788956992883e-01 1.420647707050375075e-01 1.417335285077570006e-01
1.694179976135492316e+00 1.597160112410783706e+00 1.501523540690541170e+00 1.404516372699290416e+00 1.296228734673932292e+00 1.164033303535543462e+00 1.008650316644052580e+00 8.474222946021473524e-01 6.993154762117774759e-01 5.749840957461855862e-01 4.766894147463608400e-01 4.017980204447758052e-01 3.458908529800828746e-01 3.045265613153242401e-01 2.739546871435595832e-01 2.512618409772403583e-01 2.342814267752691970e-01 2.214398137014359225e-01 2.116047334857285023e-01 2.039647755585610733e-01
2.242390358145348594e-01 2.196472905273549325e-01 2.157163500972092141e-01 2.118700715666636814e-01 2.081099901115521789e-01 2.044498072331771277e-01 2.009047898091375906e-01 1.974897320847958382e-01 1.942169247940182808e-01 1.910962005518376805e-01 1.881331864092498918e-01 1.853304903861135167e-01 1.826871507614850898e-01 1.802001739293336846e-01 1.778641610872000456e-01 1.756728477403521615e-01 1.736184321157634158e-01 1.716937080863863152e-01 1.698905272781848774e-01 1.682010908424854401e-01
1.257610865267015487e+00 1.157286892098782216e+00 1.055453048460185617e+00 9.562779190950095876e-01 8.634882141734123717e-01 7.795562886376865563e-01 7.056430598569568557e-01 6.418404693836964325e-01 5.875411499266385285e-01 5.417702000078133961e-01 5.034229169553146033e-01 4.714078318700194448e-01 4.447201928123831749e-01 4.224739490449428425e-01 4.039079134166240759e-01 3.883789901435374947e-01 3.753512346744537487e-01 3.643810304999351435e-01 3.551030728220939681e-01 3.472178341448307060e-01
4.888855407154187316e-01 4.436544555619275076e-01 4.080626938678324489e-01 3.799850751645862945e-01 3.579560717567801253e-01 3.406310492753982788e-01 3.269254668056965074e-01 3.159994512796401867e-01 3.072107414901256717e-01 3.000708666443824835e-01 2.942074127495288849e-01 2.893356105685234159e-01 2.852366523444652691e-01 2.817421691119670890e-01 2.787214612960815519e-01 2.760730123519897217e-01 2.737181366980075969e-01 2.715946838259696849e-01 2.696543343365192524e-01 2.678586585819721089e-01
2.100290581630542830e-01 1.990147999837063308e-01 1.909461614879546798e-01 1.846291652595391519e-01 1.796236154231155568e-01 1.755885210699489052e-01 1.722737446158134900e-01 1.694990305066676195e-01 1.671345011606172326e-01 1.650867496003320389e-01 1.632881854139850430e-01 1.616896621159685243e-01 1.602549924510822121e-01 1.589572703770318063e-01 1.577762199363655915e-01 1.566961659312073596e-01 1.557046748112770607e-01 1.547918945894343756e-01 1.539496591835632089e-01 1.531711746228393289e-01
1.447735426484941801e+00 1.320873967001225502e+00 1.181922978925867840e+00 1.040354449790902525e+00 9.062514394240861471e-01 7.868481868601520102e-01 6.855539967174990590e-01 6.025925534754059676e-01 5.362425088256713712e-01 4.839464651339221990e-01 4.430361190228723212e-01 4.111053301859646791e-01 3.861469538882374986e-01 3.665573722124099709e-01 3.510883697122335612e-01 3.387824811786412926e-01 3.289103914797306127e-01 3.209172338247299194e-01 3.143802213668823176e-01 3.089777000248432048e-01
1.837221139371395084e+00 1.700091168284416199e+00 1.548330488204956001e+00 1.389296022802591235e+00 1.230282646715640915e+00 1.077748730778694153e+00 9.366944807767868530e-01 8.103203354403376579e-01 7.000740684848278939e-01 6.059744261333253057e-01 5.270450527984940070e-01 4.617334588757117109e-01 4.082474401951913245e-01 3.647845580353168971e-01 3.296610638778656455e-01 3.013832854945212580e-01 2.786675652861594910e-01 2.604383473657071457e-01 2.458066121488809708e-01 2.340503244474530231e-01
1.163346666127326845e+00 1.034468509051075680e+00 9.124128118440058000e-01 8.028659250457167440e-01 7.083941649534972740e-01 6.291956224013119936e-01 5.640626902575605062e-01 5.111133324634283825e-01 4.682994396226422551e-01 4.336998517675715314e-01 4.056518331309780234e-01 3.827824871405027807e-01 3.639917908656207235e-01 3.484118659840896859e-01 3.353663027854054124e-01 3.243292140117409739e-01 3.148917400150094137e-01 3.067357272445224159e-01 2.996122551779262788e-01 2.933268241639598317e-01
4.179692608641926155e-01 3.616533168129535403e-01 3.159465645742602913e-01 2.796001054870430602e-01 2.511106236813793746e-01 2.289233029641536687e-01 2.116856902954168673e-01 1.982886792789213259e-01 1.878526872786460411e-01 1.796928666897974758e-01 1.732812174778825820e-01 1.682138619536999724e-01 1.641833596490323566e-01 1.609547256812220439e-01 1.583490639203046224e-01 1.562299969173182035e-01 1.544927315911172605e-01 1.530565374184516270e-01 1.518589256032282786e-01 1.508521339631624936e-01
3.254969197511672907e-01 3.234999349713325589e-01 3.223396214842796370e-01 3.211522197723388761e-01 3.199325537681579346e-01 3.186777734756469638e-01 3.173873451352119401e-01 3.160612440109252796e-01 3.146995669603347978e-01 3.133023047447204834e-01 3.118693476915359586e-01 3.104009428620338462e-01 3.088971617817878879e-01 3.073582774400711037e-01 3.057848575711250572e-01 3.041770192980766119e-01 3.025352990627288574e-01 3.008603492379188782e-01 2.991527694463729792e-01 2.974131482839584284e-01
1.828275123786488598e-01 1.754260980922845159e-01 1.706430016283411455e-01 1.671479654870927367e-01 1.645269071240909320e-01 1.624978266761172574e-01 1.608712980640120693e-01 1.595199935459368223e-01 1.583575752437309248e-01 1.573254999295750078e-01 1.563835980801377423e-01 1.555047008639667272e-01 1.546703388227615439e-01 1.538681908871512849e-01 1.530903088650666100e-01 1.523317898903042145e-01 1.515897197043523104e-01 1.508630398288369201e-01 1.501513940328732255e-01 1.494552770070731729e-01
1.492877746969461406e+00 1.393740420714020711e+00 1.276396252447739244e+00 1.145325128344120369e+00 1.008022930878250900e+00 8.726440978585742192e-01 7.462169650651049313e-01 6.335536755874636716e-01 5.369985486261430463e-01 4.568027003275710873e-01 3.917876406303548720e-01 3.400238019655080213e-01 2.993328937380829169e-01 2.676161619229242006e-01 2.430192973665543932e-01 2.239897704056784400e-01 2.092722170003980808e-01 1.978743994591059263e-01 1.890257489756913822e-01 1.821309616891812755e-01
4.450715782675251919e-01 3.844062518588179933e-01 3.343226858973503135e-01 2.941561497304792105e-01 2.625565712065144885e-01 2.379634908353909784e-01 2.189368272811407223e-01 2.042508839257061448e-01 1.929105107765644866e-01 1.841313487105071534e-01 1.773052553040906920e-01 1.719664082420058471e-01 1.677610230352729603e-01 1.644206912096706219e-01 1.617420355812328181e-01 1.595712995851732707e-01 1.577919156009374990e-01 1.563156665943824797e-01 1.550749428148265052e-01 1.540185100544476937e-01
1.422307913160184345e+00 1.294117042724683309e+00 1.163876354898093268e+00 1.037539314967580228e+00 9.196427115052938639e-01 8.129325269721447977e-01 7.186500381003133597e-01 6.368690651375800149e-01 5.668757761642336801e-01 5.075093081779777915e-01 4.574280674196779528e-01 4.152849808335304371e-01 3.798307404015213162e-01 3.499608474224805699e-01 3.247287665959447400e-01 3.033375688575324358e-01 2.851287098135799059e-01 2.695603809133171880e-01 2.561878211342263900e-01 2.446476539823925211e-01
6.758080219849944559e-01 6.022456561587751223e-01 5.379779829151811743e-01 4.826991717744386068e-01 4.358100929416832692e-01 3.963286147092003331e-01 3.632137461124602673e-01 3.354834269109414624e-01 3.122550344024784819e-01 2.927599456236930631e-01 2.763433246139902488e-01 2.624556192486488526e-01 2.506417908849835063e-01 2.405270888439463295e-01 2.318050387010953395e-01 2.242263207724317919e-01 2.175891956500708990e-01 2.117306469718459871e-01 2.065199215826578338e-01 2.018505263802944649e-01
1.432245915476232812e+00 1.297103780665493034e+00 1.150949433727455506e+00 1.002887691278010696e+00 8.622906327791451941e-01 7.362842218012155548e-01 6.287419711913571074e-01 5.404926429665647403e-01 4.702217866383580080e-01 4.154898492619395478e-01 3.735135169327258864e-01 3.416461535543203198e-01 3.176010352373123125e-01 2.995131199806928546e-01 2.859176527708768845e-01 2.756890680640936009e-01 2.679762381315231590e-01 2.621391656994819797e-01 2.577013322710990928e-01 2.543069009482860632e-01
5.404120614822022217e-01 4.621788828857825160e-01 3.964208278030127985e-01 3.430934428767068445e-01 3.007855451303430572e-01 2.676540714682778543e-01 2.419089566222828447e-01 2.219811105960980135e-01 2.065722406795248434e-01 1.946441856957971950e-01 1.853852150915190622e-01 1.781696416181512144e-01 1.725190530455438520e-01 1.680685188292227461e-01 1.645407277917547706e-01 1.617250578721632359e-01 1.594602242449764118e-01 1.576235410268418402e-01 1.561209320160560354e-01 1.548797528911382004e-01
8.322827744204550626e-01 7.378281135112046973e-01 6.508546229813509942e-01 5.734707832417916817e-01 5.065048132115044233e-01 4.497890419512987070e-01 4.025853714105460113e-01 3.638367577316239387e-01 3.323610494985678177e-01 3.069794160407036676e-01 2.866002443502657093e-01 2.702623938291502381e-01 2.571496478820335940e-01 2.465874556428752917e-01 2.380283613451320002e-01 2.310356409069572736e-01 2.252639837624403063e-01 2.204425529953914498e-01 2.163599472022542658e-01 2.128518293027445996e-01
1.649500748962164032e+00 1.493411319181322972e+00 1.327460055872798028e+00 1.161359488349407831e+00 1.003247293005697482e+00 8.589345173738547334e-01 7.317493389805258541e-01 6.227953294111648885e-01 5.315070609282702696e-01 4.562908328184858142e-01 3.950544651449308664e-01 3.456008450305671498e-01 3.058601569291863331e-01 2.740038324613124354e-01 2.484836306818760943e-01 2.280236049144878097e-01 2.115902188491418090e-01 1.983571723510431095e-01 1.876680579374078728e-01 1.790042381174862252e-01
2.114223808050155751e-01 2.059397929534315941e-01 2.021174860000610474e-01 1.991503254324197836e-01 1.968013075925409694e-01 1.948891373351216427e-01 1.932791221700608797e-01 1.918748516961932271e-01 1.906093796156346776e-01 1.894371770136058231e-01 1.883278645249083505e-01 1.872615139279514562e-01 1.862254110653884798e-01 1.852115020598285033e-01 1.842145224299747419e-01 1.832315639645094030e-01 1.822607374313520157e-01 1.813011364117846913e-01 1.803522574994869399e-01 1.794141778402990883e-01
3.278141653537750000e-01 3.255418744683265531e-01 3.240692016482353277e-01 3.226340046525001393e-01 3.212183898687362427e-01 3.198080870509147910e-01 3.183898654580116228e-01 3.169520339369774065e-01 3.154843536019324990e-01 3.139779633283615312e-01 3.124249812960624428e-01 3.108190861344337641e-01 3.091546013951301797e-01 3.074273398518562184e-01 3.056337842345237532e-01 3.037717375159263433e-01 3.018394616246223294e-01 2.998364195227622986e-01 2.977627474069595159e-01 2.956193962693214328e-01
1.550209906324744313e-01 1.524537512473762013e-01 1.504961998946964807e-01 1.487353272642940316e-01 1.471734791342169113e-01 1.458065440692007664e-01 1.446225972380489055e-01 1.436055779922753572e-01 1.427367382962256570e-01 1.419959708210080940e-01 1.413647699728608209e-01 1.408253854885697376e-01 1.403626460954546795e-01 1.399637145549058881e-01 1.396173959597945269e-01 1.393151371739804745e-01 1.390495745185762744e-01 1.388149461150169350e-01 1.386064578872173991e-01 1.384203823190182370e-01
6.343368771617314827e-01 5.461511556152254254e-01 4.714460932693327888e-01 4.106285997412101318e-01 3.625484583408615236e-01 3.252654825011268014e-01 2.967177940392866642e-01 2.750230556353926437e-01 2.585911015048623085e-01 2.461394132487475794e-01 2.366702426783740543e-01 2.294212324172258399e-01 2.238193882256746259e-01 2.194361805543303401e-01 2.159545114263892174e-01 2.131395221501588833e-01 2.108179950714111350e-01 2.088625710457563400e-01 2.071794451028108608e-01 2.056995150819420914e-01
3.854273364611435770e-01 3.562152872630395262e-01 3.316675689563271523e-01 3.098270568600856034e-01 2.899941890151239710e-01 2.719096440580642815e-01 2.555027478362899007e-01 2.407631550669611931e-01 2.276760039263172053e-01 2.161928477723267794e-01 2.062241929781248595e-01 1.976460943921120039e-01 1.903125495539279566e-01 1.840679275698494100e-01 1.787584161246195402e-01 1.742402355710510053e-01 1.703839118883479498e-01 1.670763589576381436e-01 1.642216234431543853e-01 1.617390143865486685e-01
3.237122507538879312e-01 2.849054822837933654e-01 2.566500203037867522e-01 2.363228776809410125e-01 2.217941849096678186e-01 2.113769753836095278e-01 2.038483649928821140e-01 1.983457745687337570e-01 1.942676366400587495e-01 1.911936865745519631e-01 1.888320689046940892e-01 1.869778454276820323e-01 1.854867978507536430e-01 1.842574181640520559e-01 1.832176290065399282e-01 1.823157855839235841e-01 1.815148674766532966e-01 1.807893011777196024e-01 1.801190073898760735e-01 1.794909113622270569e-01
4.408793283452336897e-01 4.185395974006678177e-01 3.993384251341922098e-01 3.821585895201133343e-01 3.668483533177056000e-01 3.532202154078549761e-01 3.410934718936914356e-01 3.303027677943464191e-01 3.206961554021108829e-01 3.121357000013813554e-01 3.044955632695928172e-01 2.976605470618233218e-01 2.915243794862181215e-01 2.859889067988842792e-01 2.809646848030388222e-01 2.763695705216377974e-01 2.721298472583293937e-01 2.681796101760119400e-01 2.644603778980672559e-01 2.609216768108308382e-01
2.657914453884586692e-01 2.536764618614688604e-01 2.443292075814679221e-01 2.364534090808592670e-01 2.296599899278226053e-01 2.237034239765489374e-01 2.184188424624153302e-01 2.136894267517345791e-01 2.094278632227178638e-01 2.055657100746429988e-01 2.020480387919815213e-01 1.988295322949124866e-01 1.958725099530420344e-01 1.931447776962886553e-01 1.906188638752792097e-01 1.882707725782529484e-01 1.860801924063872625e-01 1.840291523713676602e-01 1.821021444496000175e-01 1.802856619865633447e-01
1.789845025539398282e+00 1.679950086474418569e+00 1.567707253694534231e+00 1.456740574836731028e+00 1.349297787249088332e+00 1.246424174904823268e+00 1.148237421065569031e+00 1.054135169982910236e+00 9.630708913505077184e-01 8.739170399308204829e-01 7.859574801847338810e-01 6.993862363533116522e-01 6.155322281984626498e-01 5.365678552936878898e-01 4.647848337637878746e-01 4.018674959012423775e-01 3.485142089799046494e-01 3.044958540424704818e-01 2.689391093747690586e-01 2.406523444771301035e-01
1.314166655484586999e+00 1.171557067621033621e+00 1.029477203632704896e+00 8.948180387151660753e-01 7.723466092063404620e-01 6.646838072757236260e-01 5.726661584878456335e-01 4.957887488254346109e-01 4.326909175635955673e-01 3.815899095238273753e-01 3.405998656572774008e-01 3.079334414028562783e-01 2.820022222244051857e-01 2.614567966138952038e-01 2.451812820544000682e-01 2.322724052099510994e-01 2.220082117733545579e-01 2.138182731880806375e-01 2.072525521507486701e-01 2.019590454502031285e-01
1.213436873564496699e+00 1.133058050624457636e+00 1.056665956041672905e+00 9.856729275919496880e-01 9.207594801287632968e-01 8.619889656857776528e-01 8.090968762070406273e-01 7.616400103282648937e-01 7.190865329402913453e-01 6.808796540397452635e-01 6.464805417531169773e-01 6.153860118216835096e-01 5.871466338896561554e-01 5.613682071527000828e-01 5.377140491688624513e-01 5.159017727628816274e-01 4.957016543617646653e-01 4.769316990369270592e-01 4.594502450396602544e-01 4.431508683499851275e-01
2.832874724078828788e-01 2.609523981984239183e-01 2.437585387076251220e-01 2.298918511432566369e-01 2.186599906830815621e-01 2.094739924924215180e-01 2.018721102760173414e-01 1.955005860177334298e-01 1.900901931526641497e-01 1.854365754804894184e-01 1.813851513114059233e-01 1.778181586274877324e-01 1.746459510445129149e-01 1.717999900435097649e-01 1.692273704777471632e-01 1.668879036768339541e-01 1.647490712022408876e-01 1.627858669310808248e-01 1.609779443731531590e-01 1.593090118048712533e-01
2.633104889010428606e-01 2.533748532185564062e-01 2.449202302625053673e-01 2.373928546523166039e-01 2.307276351597306596e-01 2.248447736957223109e-01 2.196597845671931226e-01 2.150874198617384603e-01 2.110459093486133364e-01 2.074594643592718168e-01 2.042609253730006402e-01 2.013920064303238167e-01 1.988031734785181415e-01 1.964530443106195789e-01 1.943072475134977051e-01 1.923374112666351721e-01 1.905198533825750995e-01 1.888354225229704753e-01 1.872681503319472418e-01 1.858045129213860558e-01
1.904733456969261107e+00 1.779884430170059151e+00 1.633796542882919312e+00 1.473498818725347492e+00 1.307808391153812311e+00 1.145287327133119204e+00 9.929099269304424435e-01 8.553324761247494967e-01 7.348560710260062523e-01 6.318495251238346322e-01 5.453627502991003073e-01 4.736986542845624815e-01 4.148643865752091875e-01 3.668574864041875272e-01 3.278261079214189744e-01 2.961526796664111227e-01 2.704603679082356327e-01 2.496087810950120833e-01 2.326669272335129823e-01 2.188780300028156378e-01
7.611915238411165463e-01 6.520644167545416314e-01 5.571088676756573710e-01 4.781929046603909383e-01 4.145777514525980090e-01 3.643257806210415395e-01 3.251538054988486470e-01 2.948487090296111890e-01 2.714757823729814779e-01 2.534363750257762060e-01 2.394624654897779814e-01 2.285699172620661579e-01 2.200067350221797946e-01 2.132051164843141999e-01 2.077352604083716747e-01 2.032756658457219590e-01 1.995847818814218133e-01 1.964803119190037251e-01 1.938251570984721173e-01 1.915157426521182094e-01
3.240477969043422668e-01 3.015355416398960986e-01 2.836950161578715712e-01 2.691310473212070176e-01 2.569557950648777567e-01 2.464893381086585566e-01 2.372815576981520402e-01 2.290721968654543250e-01 2.217216577637009245e-01 2.151518167741596765e-01 2.093070514081045996e-01 2.041369498707354124e-01 1.995874438108876381e-01 1.956003751544631020e-01 1.921150791326363128e-01 1.890699198686024707e-01 1.864050487481290486e-01 1.840636708799865962e-01 1.819934490369632951e-01 1.801464875438250623e-01
1.800266446347814076e-01 1.776191391993779678e-01 1.747653738688677572e-01 1.713294621370732851e-01 1.674246973730623700e-01 1.632619414851069484e-01 1.591017294675111660e-01 1.551916638948023230e-01 1.517139834351837746e-01 1.487636772729456491e-01 1.463537573814392145e-01 1.444388743862509705e-01 1.429435129836201801e-01 1.417845468968153000e-01 1.408845775388181121e-01 1.401789394207298700e-01 1.396168989874422561e-01 1.391603666916489679e-01 1.387818814627826136e-01 1.384616474062204394e-01
2.969183965446427487e-01 2.852391352038830541e-01 2.734207779821008488e-01 2.616811239719391002e-01 2.505279893986880890e-01 2.404005533084273283e-01 2.315785986930131990e-01 2.241580743715166912e-01 2.180778273940086331e-01 2.131742988526821037e-01 2.092381353676319167e-01 2.060581524670123954e-01 2.034471639245748475e-01 2.012525200843811035e-01 1.993568605929613158e-01 1.976738645881414291e-01 1.961422488838434341e-01 1.947197364270687181e-01 1.933780170232057560e-01 1.920988521724939224e-01
