1.225836091190576571e+00 9.561593646928667756e-01 7.100858529275865250e-01 5.051748509242315333e-01 3.544220219776616498e-01 2.583435304358135953e-01 2.033000195192289639e-01 1.733395062433555622e-01 1.571640567108988640e-01 1.482806542006437633e-01 1.432546716777142182e-01 1.403059878409840255e-01 1.385061770305037465e-01 1.373612521472387105e-01 1.366026929015060898e-01 1.360799608819070194e-01 1.357071162151987642e-01 1.354331505625000764e-01 1.352269440456075333e-01 1.350687352757086179e-01
1.547217796370387033e-01 1.487868898734450440e-01 1.468899874016642570e-01 1.460371117666363627e-01 1.455159496888518422e-01 1.450759147107601177e-01 1.446510965190827835e-01 1.442336858995258708e-01 1.438281600363552626e-01 1.434398007020354360e-01 1.430714262090623246e-01 1.427242426015436771e-01 1.423979404568672114e-01 1.420921802520752064e-01 1.418050173670053482e-01 1.415361232683062520e-01 1.412841067090630509e-01 1.410476373136043682e-01 1.408255453594028928e-01 1.406169415451586358e-01
2.801427841147960951e-01 2.054043356742477067e-01 1.731026665028184697e-01 1.595118825696408837e-01 1.534730734303593747e-01 1.504865867458283768e-01 1.487939339876175049e-01 1.476877721771597818e-01 1.468700802139937811e-01 1.462092886492609989e-01 1.456420157104730551e-01 1.451370366290211655e-01 1.446767019480466876e-01 1.442507952637970547e-01 1.438538925349712450e-01 1.434812147915363323e-01 1.431302982568740945e-01 1.427988822944462333e-01 1.424856703728437368e-01 1.421893585473298915e-01
1.432240291535854304e+00 1.120813922603556501e+00 8.380970722145866247e-01 6.200096376260626485e-01 4.692659281344856437e-01 3.714967540604993679e-01 3.101339793443912418e-01 2.721173456590622597e-01 2.485462626162916466e-01 2.337445442844182375e-01 2.242100444808602377e-01 2.178172383457422367e-01 2.132843899540603216e-01 2.098419866710901360e-01 2.070282196253538098e-01 2.045672183856367954e-01 2.022931263782083988e-01 2.001091720815748043e-01 1.979578570276498695e-01 1.958077317103743553e-01
1.788956863954663357e+00 1.530546891428530287e+00 1.218776931267930186e+00 9.085509964211815337e-01 6.505240543254353636e-01 4.674168903331155644e-01 3.523554317569869698e-01 2.847645199151884188e-01 2.458525602100417040e-01 2.232300249254330904e-01 2.097221289947628908e-01 2.013530114945024374e-01 1.959275050461292134e-01 1.922202232107520226e-01 1.895328961126506451e-01 1.874603919498622484e-01 1.857618808001279820e-01 1.842910624668002151e-01 1.829566279985010702e-01 1.816988501884043150e-01
1.610855791317298946e+00 1.271423502463912891e+00 9.113815204235288236e-01 6.205019358685239794e-01 4.296527107676956780e-01 3.171875254058977855e-01 2.530113636521855169e-01 2.160588325823482592e-01 1.941982647357508585e-01 1.808200089074671335e-01 1.723241583941126087e-01 1.667078943364322108e-01 1.628261608858702081e-01 1.600052019498980349e-01 1.578385176419396796e-01 1.560761740221641991e-01 1.545625983661739200e-01 1.532008013809536273e-01 1.519326496934081672e-01 1.507242300169946148e-01
2.300556367254466827e-01 2.037385942235414305e-01 1.906089769024401914e-01 1.823332557454705183e-01 1.762239745073020392e-01 1.711254561692476250e-01 1.665798757225274984e-01 1.624407029151916371e-01 1.586929845064878331e-01 1.553634825348854109e-01 1.524743307754397315e-01 1.500251871347427490e-01 1.479895587265491474e-01 1.463231400400400173e-01 1.449717101454734702e-01 1.438799060881137959e-01 1.429970828443765662e-01 1.422786597162485067e-01 1.416886658594012360e-01 1.411984226852655289e-01
4.237588194973068156e-01 3.151708336360752316e-01 2.442464412562549148e-01 2.004089411455470260e-01 1.744464364019222558e-01 1.594414452591445264e-01 1.508274254168645578e-01 1.458439872988674391e-01 1.429089031151670464e-01 1.411371195353422203e-01 1.400362250738408088e-01 1.393302153021795664e-01 1.388626807334367164e-01 1.385429117165040136e-01 1.383177639404311876e-01 1.381549725704826481e-01 1.380347358598373875e-01 1.379439297644421414e-01 1.378743934608064603e-01 1.378201701119542155e-01
3.126685141026973591e-01 3.036051566898823051e-01 2.982663360238075323e-01 2.943832793831825390e-01 2.912737831473350414e-01 2.885199210047721952e-01 2.858880722522735840e-01 2.832594001293182173e-01 2.805771794915199457e-01 2.778171086311340132e-01 2.749680146574974282e-01 2.720257452130317444e-01 2.689878594875335649e-01 2.658528116345405534e-01 2.626200762391090460e-01 2.592884463071822854e-01 2.558583816885948159e-01 2.523311948776245095e-01 2.487088274955749634e-01 2.449951389431953563e-01
2.790271700834273116e-01 2.304959239508025393e-01 2.028424833927419957e-01 1.862465323111973658e-01 1.756502868275129081e-01 1.683514617907349020e-01 1.629414794857348137e-01 1.586856961541343591e-01 1.551966106507461640e-01 1.522677419487445116e-01 1.497805422509554674e-01 1.476592694147257079e-01 1.458489630234544032e-01 1.443047634037429860e-01 1.429891019583738043e-01 1.418688808346632857e-01 1.409155106241814781e-01 1.401047197682782908e-01 1.394149508187547404e-01 1.388279450824484174e-01
7.850354447163409022e-01 5.429793436454201094e-01 3.779356889706104727e-01 2.812451427350606270e-01 2.287353513241396352e-01 2.006160482396444344e-01 1.852072144555859390e-01 1.763737282296642672e-01 1.709865285828709724e-01 1.674384949961677249e-01 1.648857095660059835e-01 1.628748159997485401e-01 1.611589620730592420e-01 1.596017615296295711e-01 1.581296930887037822e-01 1.567047480912878987e-01 1.553104841336608033e-01 1.539430044894106731e-01 1.526052261702716406e-01 1.513044838793575764e-01
2.919535872340202065e-01 2.838446108996868222e-01 2.805285200476646534e-01 2.782602125406265503e-01 2.762853422760963573e-01 2.743492332100868070e-01 2.723814454674720609e-01 2.703708261251449585e-01 2.683209815621376282e-01 2.662367007136344776e-01 2.641221022605895752e-01 2.619791996479034490e-01 2.598080153763294153e-01 2.576087841391563327e-01 2.553825463354587599e-01 2.531281174719333671e-01 2.508474715054035409e-01 2.485409919917583588e-01 2.462111265957355466e-01 2.438607981801033109e-01
5.193399675376713098e-01 3.854698337821173548e-01 3.096929314336739347e-01 2.701033172383904279e-01 2.494763045012950986e-01 2.379885834828019131e-01 2.308167336136102699e-01 2.257165517657995224e-01 2.216501298546791066e-01 2.181280287355184533e-01 2.149127370491623890e-01 2.118841012567281856e-01 2.089788837730884585e-01 2.061636640690266975e-01 2.034192309901118323e-01 2.007367256470024564e-01 1.981112617906183038e-01 1.955421361979097217e-01 1.930306917801499489e-01 1.905798287782818068e-01
3.235991649888456112e-01 2.953095103800296717e-01 2.825064714998006821e-01 2.747884227335453122e-01 2.693065744638443171e-01 2.648204097896814102e-01 2.607873529940843427e-01 2.569648329913616358e-01 2.532426163554191700e-01 2.495705459266900905e-01 2.459265448153019062e-01 2.423023696988821085e-01 2.386975767463445641e-01 2.351130146533250698e-01 2.315506961941719011e-01 2.280102230980992351e-01 2.244897000491619110e-01 2.209816933795809846e-01 2.174738760478794608e-01 2.139488656911998909e-01
1.823060587644577124e+00 1.463737311325967294e+00 1.053626643489697035e+00 7.012515130126848462e-01 4.663009102613432377e-01 3.335667976133118162e-01 2.640490692859748245e-01 2.280672088910068729e-01 2.089383556682150866e-01 1.982231891847913985e-01 1.917629423225298557e-01 1.874996505072340502e-01 1.843988323025405329e-01 1.819339396618306626e-01 1.798322292510420028e-01 1.779526999685913380e-01 1.762207495979964678e-01 1.745957352779805571e-01 1.730561920022591904e-01 1.715890487888827864e-01
1.387674226353992735e+00 1.065757511968258742e+00 7.800333700771443501e-01 5.662085719947935747e-01 4.234583437942431861e-01 3.337279971877433193e-01 2.785456841462291555e-01 2.445227981375769077e-01 2.231696288404055040e-01 2.093778666733118465e-01 2.001213939872104608e-01 1.936033918010070798e-01 1.887465167843038194e-01 1.848952880466531168e-01 1.816480608246638373e-01 1.787573494022944853e-01 1.760743099727551386e-01 1.735130706349559682e-01 1.710293684705266049e-01 1.686082134663592913e-01
2.869552434177603528e-01 2.676782575435936451e-01 2.581759502552449792e-01 2.511997337080538184e-01 2.451501753926277061e-01 2.394264220073819283e-01 2.338071350567042794e-01 2.282200973667204424e-01 2.226594704203307684e-01 2.171510904468595959e-01 2.117406493052840233e-01 2.064831967186182837e-01 2.014384862966835388e-01 1.966630403045565023e-01 1.922044610884040550e-01 1.880958031630143579e-01 1.843530088732950323e-01 1.809767074906267204e-01 1.779532101727090698e-01 1.752599070497672107e-01
1.310526538868725721e+00 9.226430131283268610e-01 6.190011117367248961e-01 4.361881589383119762e-01 3.415634572878479824e-01 2.949419303983449869e-01 2.715309387445449807e-01 2.589913681149482727e-01 2.515590822696685547e-01 2.465572865307331107e-01 2.427239158749580350e-01 2.394527301192283519e-01 2.364497809112071913e-01 2.335713149607181460e-01 2.307476639747619573e-01 2.279464389383792922e-01 2.251549948751926378e-01 2.223700819909572579e-01 2.195942834019661005e-01 2.168328605592250713e-01
1.448926871854346210e+00 1.108727180963214876e+00 7.969809727091342610e-01 5.625422845804132210e-01 4.088211600099748710e-01 3.154411605000222996e-01 2.605365128409175557e-01 2.284273119451245282e-01 2.094523997122268999e-01 1.980093590804608561e-01 1.909098740643821734e-01 1.863348660105839383e-01 1.832362183928489818e-01 1.810004268400371152e-01 1.792638111673295620e-01 1.778059407882392473e-01 1.764919578935950917e-01 1.752381200436502751e-01 1.739920015539974107e-01 1.727222275640815374e-01
5.802515380039767745e-01 4.153511202673689784e-01 3.230845714990573381e-01 2.736698026233352898e-01 2.463568601012229853e-01 2.299087633565068123e-01 2.188594955578446466e-01 2.106082426756620274e-01 2.039116528630256775e-01 1.981647516787052032e-01 1.930705442279577189e-01 1.884760071337223120e-01 1.843000973761081684e-01 1.804933464527130049e-01 1.770222375914454471e-01 1.738596665486693282e-01 1.709810611605644126e-01 1.683635532483458430e-01 1.659850848093628872e-01 1.638251299783587411e-01
1.146052614311657836e+00 8.367468625633045498e-01 5.789556048810482469e-01 4.016342191871081213e-01 2.962492849875706935e-01 2.381559492979431480e-01 2.067240761355788048e-01 1.894752484920900204e-01 1.797145063331117842e-01 1.739593475914443799e-01 1.703852386196376689e-01 1.680121516445069463e-01 1.662986149967764504e-01 1.649358447318398646e-01 1.637429414907819458e-01 1.626102022282429893e-01 1.614696749858558211e-01 1.602788924094056822e-01 1.590114356111735072e-01 1.576525504398159638e-01
2.933825624361634521e-01 2.521763721108436496e-01 2.348587618023157131e-01 2.262073262035846632e-01 2.209266796708106995e-01 2.169849247485399202e-01 2.136040977388620477e-01 2.104767818748951025e-01 2.074774254858493816e-01 2.045553544163704052e-01 2.016900462657213178e-01 1.988764292001724276e-01 1.961150683462619670e-01 1.934099193662404959e-01 1.907663315534591786e-01 1.881888024508953094e-01 1.856827574223279820e-01 1.832522460818290788e-01 1.809005958959460370e-01 1.786311066895723276e-01
2.449611115828156382e-01 2.182541343197226535e-01 2.000607505068182912e-01 1.892455506976693791e-01 1.832819783760351040e-01 1.798728891482460346e-01 1.776254803745541677e-01 1.758628260903060403e-01 1.742986513022333483e-01 1.728236167458817307e-01 1.714011619472876058e-01 1.700212775357067552e-01 1.686825408996082964e-01 1.673864340991713107e-01 1.661337605814333096e-01 1.649249232890724615e-01 1.637604925318032756e-01 1.626400900616863376e-01 1.615629638623795605e-01 1.605283893848536425e-01
1.418973690676684773e+00 1.088091517433058542e+00 7.911026381514966177e-01 5.723088222977094075e-01 4.318279846670338706e-01 3.478667936175770525e-01 2.986487937730271103e-01 2.693135034714668752e-01 2.511132302152691564e-01 2.391854111582506492e-01 2.308635349998076070e-01 2.246766793682036245e-01 2.198018929857062098e-01 2.157685773191042322e-01 2.123011956567643077e-01 2.092338380485307403e-01 2.064611468252405824e-01 2.039120151874874443e-01 2.015326992975315090e-01 1.992768597247777385e-01
4.403899437327345456e-01 3.450733209704048843e-01 2.926594422452035160e-01 2.634042202914133601e-01 2.461567857116460922e-01 2.349855467304587386e-01 2.269357958436012401e-01 2.205530665814876556e-01 2.151195140182972088e-01 2.102821595966815893e-01 2.058665908128023136e-01 2.017873080819845288e-01 1.980005186796188477e-01 1.944806453585624650e-01 1.912103341519832689e-01 1.881730055809021085e-01 1.853531044721603294e-01 1.827338425815105416e-01 1.802990245819091897e-01 1.780325572192668904e-01
6.849988686782307878e-01 5.448074388591339634e-01 4.513810610212385388e-01 3.921765198558568866e-01 3.558190453052521018e-01 3.336697918176650957e-01 3.197832328081131048e-01 3.104635435342788519e-01 3.035842326283454962e-01 2.979725587368011741e-01 2.929964643716811978e-01 2.883208486437797702e-01 2.837704455852508301e-01 2.792575526237487948e-01 2.747419676184654214e-01 2.702077361941337408e-01 2.656520876288414046e-01 2.610788428783416548e-01 2.564940053224563643e-01 2.519044098258018671e-01
2.567420040816068560e-01 2.404337472468614512e-01 2.334042745828628640e-01 2.300025764852762222e-01 2.275166515260934885e-01 2.249877341836691025e-01 2.221484822779893897e-01 2.189206531643867470e-01 2.152667530626058701e-01 2.111701181530952487e-01 2.066501344740390711e-01 2.017865556478500300e-01 1.967185523360967525e-01 1.916230396181345108e-01 1.866815447807312067e-01 1.820453173667192504e-01 1.778134962171316058e-01 1.740264185518026474e-01 1.706749557331204425e-01 1.677205204963684027e-01
1.784359981479938240e+00 1.415235893125063704e+00 1.022909250147058691e+00 7.140022313532062848e-01 5.152399167930706847e-01 4.010351420770166264e-01 3.385016100015491025e-01 3.041554260146221988e-01 2.844258083007298321e-01 2.721519571263343318e-01 2.636778935603797391e-01 2.571454429253935969e-01 2.516065253131091750e-01 2.465772801265120606e-01 2.418127802386879910e-01 2.371951761469245079e-01 2.326720053330063875e-01 2.282258992269635134e-01 2.238592812046408531e-01 2.195803023129701548e-01
1.227924023717641866e+00 8.537047516554594484e-01 5.618248425717320416e-01 3.758023831403261017e-01 2.705507344899615307e-01 2.137280620736419223e-01 1.830870317807421210e-01 1.661949326284229700e-01 1.565749075822532310e-01 1.508865927346050850e-01 1.473833700641989652e-01 1.451292362436652217e-01 1.436110500618815455e-01 1.425407248176634445e-01 1.417524999938905295e-01 1.411497320234775532e-01 1.406742712296545628e-01 1.402898739837110109e-01 1.399733494408428591e-01 1.397095886990427915e-01
3.940618869654281542e-01 2.984413961763493495e-01 2.451073424832429792e-01 2.167960306894201605e-01 2.016792841313872486e-01 1.931466101459227425e-01 1.878560767276212518e-01 1.841702345781959516e-01 1.812920772610232267e-01 1.788344999426044468e-01 1.766103519301395752e-01 1.745314060442615389e-01 1.725571389391552524e-01 1.706692990381270536e-01 1.688610703300219007e-01 1.671295964123419298e-01 1.654737625722736971e-01 1.638929787392862658e-01 1.623867828627408028e-01 1.609534203435759869e-01
1.824213404022157203e-01 1.749185352399945381e-01 1.690422358363866673e-01 1.635146531835198480e-01 1.586667918600142002e-01 1.546472839824855339e-01 1.514266645722091298e-01 1.488857304770499490e-01 1.468863215576857451e-01 1.453067003190517403e-01 1.440511555504053742e-01 1.430456643365323466e-01 1.422341690585017249e-01 1.415739753842353843e-01 1.410321558732539338e-01 1.405833685118705045e-01 1.402076647710055191e-01 1.398904256336390983e-01 1.396193250827491295e-01 1.393851297255605526e-01
1.648867711611091968e-01 1.522233745455741916e-01 1.483671491220593386e-01 1.463796247541904461e-01 1.451413787528872401e-01 1.442561152577400141e-01 1.435663110017776356e-01 1.430002914369106204e-01 1.425211498886346795e-01 1.421073903143405814e-01 1.417451015487313226e-01 1.414243888296186913e-01 1.411390710622072164e-01 1.408831844665110189e-01 1.406531176157295726e-01 1.404452748037874621e-01 1.402568896673619669e-01 1.400857799686491545e-01 1.399300574138760689e-01 1.397880261391401258e-01
6.518860974146809539e-01 4.328871090146867440e-01 3.012949283092166142e-01 2.310139853227883566e-01 1.949927902175113692e-01 1.762611475044286724e-01 1.660559576214291067e-01 1.601226139493883149e-01 1.564058173049124867e-01 1.538949033734388627e-01 1.520792273568804254e-01 1.506918397933623144e-01 1.495870053542966982e-01 1.486797550069195450e-01 1.479176867672867823e-01 1.472659024264430516e-01 1.467005561689438686e-01 1.462035490687412786e-01 1.457617864946951225e-01 1.453651098615955650e-01
2.292120134085416927e-01 2.151985136419534705e-01 2.099289167672395706e-01 2.069832132011651948e-01 2.045272770151495834e-01 2.021218601241707713e-01 1.997191556170582749e-01 1.973470973595976841e-01 1.950342031940817955e-01 1.927993823029100773e-01 1.906519511900842123e-01 1.885953140258788963e-01 1.866282591037452254e-01 1.847441458888351984e-01 1.829342796653509184e-01 1.811855763103812911e-01 1.794804531335830733e-01 1.777979665412567634e-01 1.761137879069428758e-01 1.744005824148189276e-01
5.865154525835533095e-01 4.536978658371481066e-01 3.707003300590440698e-01 3.214102504029869856e-01 2.923608167469501362e-01 2.746326200664043204e-01 2.630474488437175573e-01 2.547474603354931144e-01 2.481862552464008387e-01 2.425348398834467067e-01 2.373516542464494672e-01 2.324056667089462180e-01 2.275812974944710632e-01 2.228267782181501400e-01 2.181277955882251207e-01 2.134903243277221918e-01 2.089331076573580637e-01 2.044812446529976901e-01 2.001620601105969510e-01 1.960026034788461269e-01
2.874751028418540688e-01 2.656903593987226531e-01 2.542243625223636894e-01 2.480172073841094837e-01 2.436973467469215338e-01 2.398523694276809559e-01 2.360678694397211064e-01 2.322670216858387093e-01 2.284588608890771866e-01 2.246654643118381478e-01 2.209079432487487671e-01 2.172030997276306052e-01 2.135654497891664449e-01 2.100048775970935755e-01 2.065329384058713913e-01 2.031563946604728610e-01 1.998832626268267632e-01 1.967191473022103232e-01 1.936692980304360323e-01 1.907368119806051310e-01
1.255740654590772554e+00 8.809055300930048737e-01 5.895237056398764386e-01 4.024774718115804450e-01 2.945469504082575685e-01 2.345674798404797923e-01 2.011457701589097202e-01 1.821187632979126558e-01 1.709704452240839723e-01 1.642251465754816231e-01 1.599998099494405190e-01 1.572493310635036390e-01 1.553804489606227524e-01 1.540485418448270249e-01 1.530499986103859567e-01 1.522625636497104973e-01 1.516120688421870033e-01 1.510531963142420775e-01 1.505581741430069009e-01 1.501085213762871629e-01
3.217938449906068699e-01 2.544835404234345178e-01 2.201515986272715997e-01 2.019261061296128978e-01 1.914795329864136808e-01 1.846485320994634138e-01 1.794033739760925450e-01 1.747591115935938355e-01 1.702671978912257966e-01 1.657838861906202610e-01 1.613490805498077052e-01 1.571063001279253413e-01 1.532305306211310392e-01 1.498645761823627354e-01 1.470795813931567997e-01 1.448661098212528364e-01 1.431549217021074460e-01 1.418485751748812529e-01 1.408499547342216829e-01 1.400771671526308548e-01
1.892932977527379990e+00 1.514629300236701948e+00 1.068254778501577684e+00 6.883006291836499813e-01 4.427670161097557733e-01 3.088139502669218772e-01 2.406442618276923850e-01 2.061318286778987263e-01 1.881709146909997799e-01 1.783988996339030686e-01 1.727695770001446418e-01 1.692914775976896713e-01 1.669608043714197188e-01 1.652581711101527295e-01 1.639102776902655045e-01 1.627708982853073305e-01 1.617603571283689201e-01 1.608347966297878906e-01 1.599698821298079499e-01 1.591516900819260616e-01
1.339345842227339656e+00 9.166287155658937591e-01 5.863543864978965070e-01 3.816397574279107863e-01 2.714992407674435282e-01 2.155479240648492112e-01 1.871653272196999729e-01 1.723311663302593000e-01 1.641978717839810975e-01 1.594559082305931907e-01 1.564815246092621237e-01 1.544609228172339477e-01 1.529766272427514062e-01 1.518083575135096841e-01 1.508375490666367114e-01 1.499974713008850880e-01 1.492499026143923324e-01 1.485708323819562859e-01 1.479449919657781776e-01 1.473624386545270559e-01
2.755747819498618467e-01 2.337808332912391096e-01 2.115342331887222760e-01 1.990022382087772712e-01 1.913555692136287567e-01 1.861886153701925728e-01 1.823218388214627450e-01 1.791573475117911596e-01 1.763758390369912499e-01 1.737993193535657954e-01 1.713303982990328211e-01 1.689243491808883890e-01 1.665729656908661038e-01 1.642888286709785484e-01 1.620917231682688087e-01 1.599991468293592289e-01 1.580240158690139618e-01 1.561735756834968791e-01 1.544515847112052087e-01 1.528586765099316791e-01
2.515342104474803109e-01 1.929363301990087987e-01 1.700219414611638113e-01 1.604597960272803880e-01 1.559551893861498562e-01 1.534615968487924031e-01 1.518352424461045236e-01 1.506225188032840334e-01 1.496316322928760156e-01 1.487750720605254262e-01 1.480084951530443449e-01 1.473077338794246405e-01 1.466581339144613638e-01 1.460510179350967552e-01 1.454798303282586747e-01 1.449406184423423782e-01 1.444302244007121816e-01 1.439460497160325869e-01 1.434864996044757368e-01 1.430498692527271409e-01
2.993922501057386665e-01 2.573260702793686572e-01 2.347104389790911350e-01 2.203532453793741186e-01 2.103558735962724191e-01 2.027700793673284374e-01 1.964265182883536964e-01 1.905548164679930767e-01 1.847062423644820206e-01 1.787426544661866457e-01 1.727803773394407383e-01 1.670633709518710985e-01 1.618284849041810858e-01 1.572252117665976778e-01 1.533047535633522696e-01 1.500455047338300485e-01 1.473838213131596908e-01 1.452384924514444620e-01 1.435251114409038520e-01 1.421647969828336577e-01
2.109856417961418762e-01 1.891415123268961884e-01 1.802112056314945088e-01 1.753623403608798870e-01 1.721338917315006212e-01 1.696155773848295190e-01 1.674575667828321346e-01 1.655181267112493526e-01 1.637351418286561999e-01 1.620791140943765585e-01 1.605334465205669470e-01 1.590881537646055277e-01 1.577358667552471172e-01 1.564703440666198597e-01 1.552863227576017358e-01 1.541787086427211795e-01 1.531422507762909002e-01 1.521731701493263256e-01 1.512670836597680979e-01 1.504194659739732653e-01
5.540238651110849233e-01 3.545898372236115370e-01 2.455780509777832910e-01 1.931264746206579619e-01 1.686659119342948654e-01 1.570483804251125437e-01 1.513061348884366386e-01 1.483157471043523301e-01 1.466541904752375614e-01 1.456554819027223724e-01 1.449983510487254657e-01 1.445233628862661046e-01 1.441503687968361258e-01 1.438367523876513676e-01 1.435603737621568010e-01 1.433087656556745193e-01 1.430745759660203564e-01 1.428533836497808684e-01 1.426427990492084019e-01 1.424408870226761825e-01
1.799769008532166481e+00 1.331056657535955257e+00 8.620637556731526319e-01 5.449909044313244744e-01 3.782969971187412628e-01 2.993163520097732455e-01 2.620703996717929640e-01 2.436352330446243386e-01 2.337426044046878870e-01 2.278300561010837555e-01 2.238215671479701907e-01 2.207444135844707500e-01 2.181317490339279297e-01 2.157556177675724052e-01 2.135015076398849576e-01 2.113139669597148829e-01 2.091636118292808655e-01 2.070383228361606653e-01 2.049306821823120017e-01 2.028384634852409274e-01
1.814288987145409981e+00 1.523979497858644727e+00 1.176334601234411803e+00 8.676478446017427126e-01 6.479507962721982040e-01 5.094116589399345640e-01 4.258969735350910946e-01 3.754517312033567311e-01 3.440282631968147875e-01 3.234133365727029918e-01 3.089260185137391312e-01 2.979019926488399306e-01 2.888178367633372767e-01 2.808051695302128947e-01 2.733772270567715323e-01 2.662734689190983661e-01 2.593654393032193139e-01 2.526019038166850694e-01 2.459727536700666017e-01 2.394878433598205403e-01
6.735527500041643689e-01 4.629186839424073718e-01 3.245540044084191389e-01 2.435755373475740337e-01 1.985648227762430995e-01 1.738081670156680081e-01 1.600349647118127772e-01 1.521980201825499646e-01 1.476088877581059888e-01 1.448308251798152979e-01 1.430841284990310713e-01 1.419390886835753818e-01 1.411538900621235326e-01 1.405908543616533335e-01 1.401692462712526288e-01 1.398414683714508944e-01 1.395791643857955955e-01 1.393633719533681758e-01 1.391824925318360384e-01 1.390282984077930439e-01
1.026615214678622490e+00 7.359040584918329353e-01 5.311013700353214295e-01 4.071369810239411913e-01 3.376507547870278292e-01 2.994204876571893714e-01 2.779635257273912474e-01 2.653219372034072987e-01 2.573126836121082395e-01 2.517561204731464386e-01 2.475122393667698040e-01 2.439824685454368702e-01 2.408487623929977395e-01 2.379438127577304940e-01 2.351784195005893752e-01 2.325065112113952615e-01 2.299041339755058255e-01 2.273590020835399572e-01 2.248653048276901267e-01 2.224206704646349009e-01
4.263026492000790424e-01 3.185392232913000221e-01 2.566336201876401879e-01 2.213777510885847621e-01 2.008250629775784613e-01 1.881902773727779365e-01 1.798361104587456738e-01 1.738256775798799891e-01 1.691273321001062757e-01 1.651986045817966375e-01 1.617662596537411401e-01 1.587008264714677430e-01 1.559449449379462782e-01 1.534721736336359665e-01 1.512642636732198231e-01 1.493035139227140429e-01 1.475706303863626168e-01 1.460443179917956524e-01 1.447040714792819927e-01 1.435304649832687685e-01
