1.099919968210788301e+00 1.034136778583431449e+00 9.690691166149918434e-01 8.952258728747256589e-01 8.063906890328871313e-01 7.046797681535826863e-01 5.996470477130060317e-01 5.027956545841880676e-01 4.214703954244032325e-01 3.574481960885168563e-01 3.089425459489575365e-01 2.728732909749737590e-01 2.461931426479714025e-01 2.263856182823656138e-01 2.115445776085835006e-01 2.002833431586623081e-01 1.916098679555034434e-01 1.848209893360035494e-01 1.794168821664061386e-01 1.750412503377810902e-01
3.909780405889614618e-01 3.449946229926206254e-01 3.072185051771913478e-01 2.767860155997186600e-01 2.526160856025035373e-01 2.335583219411330458e-01 2.185829925019061315e-01 2.068248731514904515e-01 1.975813006702810404e-01 1.902932162280194517e-01 1.845220172230619959e-01 1.799251680427610689e-01 1.762366830941755336e-01 1.732506000527064272e-01 1.708070718806175003e-01 1.687819827209023071e-01 1.670784388692118094e-01 1.656215125863673143e-01 1.643522541425772865e-01 1.632245658418423895e-01
1.210580691904760808e+00 1.094959086406233739e+00 9.792854040360543522e-01 8.681236815731971923e-01 7.651228169817477776e-01 6.725597442896105171e-01 5.915098126171506321e-01 5.220587965041357803e-01 4.635849155276082212e-01 4.150316043198108429e-01 3.751408560290292460e-01 3.426208105371915669e-01 3.162524876929000972e-01 2.949436245602555795e-01 2.777532972561311819e-01 2.638887022092240020e-01 2.526950467392453104e-01 2.436382662467076465e-01 2.362845266913063957e-01 2.302866986999288212e-01
3.078118924680166013e-01 2.941884116502478941e-01 2.835638278210535490e-01 2.746442163456231378e-01 2.669779070746153837e-01 2.602404241828480957e-01 2.542224864486343217e-01 2.487743715119722643e-01 2.437794611853314475e-01 2.391454815096221986e-01 2.348016202845610578e-01 2.306945584295317653e-01 2.267861236492171861e-01 2.230485828407108850e-01 2.194639647938311233e-01 2.160202332725748298e-01 2.127099183993413911e-01 2.095292914984747679e-01 2.064761286973953169e-01 2.035494536650367114e-01
1.443891587958205380e-01 1.427456621802412062e-01 1.419405164220370330e-01 1.413217309233732455e-01 1.408333824714645688e-01 1.404396343929693036e-01 1.401154368801508232e-01 1.398430773091968171e-01 1.396097925084177349e-01 1.394067493896000154e-01 1.392271312756929447e-01 1.390661859407555379e-01 1.389202245883643660e-01 1.387867414543870748e-01 1.386635342892259259e-01 1.385492646484635659e-01 1.384426750591956079e-01 1.383429001946933634e-01 1.382489926740527175e-01 1.381605201144702755e-01
1.183470018537373214e+00 1.077346655747023707e+00 9.729281038481712995e-01 8.742169113751151466e-01 7.839406235855130856e-01 7.034851424183580226e-01 6.332468457985669374e-01 5.729050091956742197e-01 5.216906613035825480e-01 4.786020671110600144e-01 4.425603311454552879e-01 4.125149700540350906e-01 3.875035979668609576e-01 3.666785572428256090e-01 3.493103275937028407e-01 3.347827055934612939e-01 3.225834184355335088e-01 3.122890972485765637e-01 3.035515174968168028e-01 2.960849844291806310e-01
1.901755634788423743e-01 1.843344636750407495e-01 1.779202108737081289e-01 1.712580286531010521e-01 1.648757464991649491e-01 1.592009877040982124e-01 1.544685048906831171e-01 1.507248102426820002e-01 1.478837823251586692e-01 1.457942574107028155e-01 1.442911246845323958e-01 1.432245956029510048e-01 1.424724252568557725e-01 1.419411382381804421e-01 1.415623390255495995e-01 1.412875859159976322e-01 1.410829787654802325e-01 1.409255508822389036e-01 1.407996864547021720e-01 1.406949578505009291e-01
3.065877765417098777e-01 3.041730576753616244e-01 3.028347584605217135e-01 3.015250888466834978e-01 3.002345189452171326e-01 2.989596134424209461e-01 2.976970762014389260e-01 2.964441350102424710e-01 2.951989975571632230e-01 2.939600229263305553e-01 2.927254167199134782e-01 2.914939814805984630e-01 2.902645185589790566e-01 2.890356776118278570e-01 2.878068071603774869e-01 2.865765628218650551e-01 2.853441429138183771e-01 2.841089007258414956e-01 2.828697690367698581e-01 2.816260972619056835e-01
1.724891166878296522e-01 1.690005855093477394e-01 1.665665773837827213e-01 1.645711788628250460e-01 1.629110210994258456e-01 1.615046998299658199e-01 1.602885349001735571e-01 1.592148441262543068e-01 1.582485118368640586e-01 1.573643643921241175e-01 1.565444723702967278e-01 1.557763929478824250e-01 1.550514305522665282e-01 1.543636886286549326e-01 1.537090169056318789e-01 1.530845796386711422e-01 1.524883862026035763e-01 1.519189524673856817e-01 1.513752346427645612e-01 1.508563716418575562e-01
1.250463243126869184e+00 1.130655341595411256e+00 1.004945584535598790e+00 8.799803335964679896e-01 7.617600989341736240e-01 6.547615270584355995e-01 5.614562125827877725e-01 4.824414033243283328e-01 4.169687706464901833e-01 3.635400525649311043e-01 3.203786439681425846e-01 2.857237895950675011e-01 2.579881909117102690e-01 2.358152641914784964e-01 2.180844357283786006e-01 2.038896409340668348e-01 1.925061395220925009e-01 1.833574595284994668e-01 1.759880949323996968e-01 1.700387605419382553e-01
2.184577894466929182e-01 2.096582301333546616e-01 2.011745417158817828e-01 1.930077360881841675e-01 1.853478750027716115e-01 1.783659808849915873e-01 1.721819371101446505e-01 1.668541899381671134e-01 1.623836604363168568e-01 1.587239187117666095e-01 1.557955567957833298e-01 1.534975964110344704e-01 1.517221414577215877e-01 1.503646397893317055e-01 1.493319071573205314e-01 1.485453112539835141e-01 1.479417427824228082e-01 1.474726145357999618e-01 1.471014934426034537e-01 1.468011687861144332e-01
6.036753681289337425e-01 5.761010424381219908e-01 5.497221670590807241e-01 5.245525469072163105e-01 5.010017005540430279e-01 4.793115590699016937e-01 4.596072248741984168e-01 4.419156495854258404e-01 4.261895008012652197e-01 4.123296980559825742e-01 4.002038431912660621e-01 3.896623700112104571e-01 3.805508315563201904e-01 3.727147038280964053e-01 3.660057541728019559e-01 3.602829915285110651e-01 3.554157800972461700e-01 3.512845420837402144e-01 3.477803906798362932e-01 3.448062753677368364e-01
6.507179863168858214e-01 5.878225045553699957e-01 5.318976123872380946e-01 4.831434618620551458e-01 4.411789126746589185e-01 4.052410426398273535e-01 3.744787739656021408e-01 3.480881852027959966e-01 3.253878714666280092e-01 3.058335479043353122e-01 2.889871629713161583e-01 2.744762118742801182e-01 2.619686285217175947e-01 2.511651530499920959e-01 2.417998139491828735e-01 2.336401737621054131e-01 2.264880039182025906e-01 2.201765541685745120e-01 2.145672127290163267e-01 2.095461462507955674e-01
2.351032405529076552e-01 2.222585763182723939e-01 2.125068524410016757e-01 2.046922578934666503e-01 1.983657772151491416e-01 1.931628161272965494e-01 1.888090012676548191e-01 1.851019677918520623e-01 1.818935515748285048e-01 1.790756133590912236e-01 1.765689354835194569e-01 1.743153245107168792e-01 1.722713234585535325e-01 1.704040828684810494e-01 1.686886892264010396e-01 1.671051871147938017e-01 1.656383593252394315e-01 1.642753710923716415e-01 1.630060196318663668e-01 1.618223470472730796e-01
5.381998479738832053e-01 4.743004060792736509e-01 4.212538630957715080e-01 3.780194901261711427e-01 3.431422654795460159e-01 3.150866115657845468e-01 2.924965925514698140e-01 2.742476437662298983e-01 2.594326708294101835e-01 2.473338585955207336e-01 2.373868046801180798e-01 2.291487173206405714e-01 2.222751839156262565e-01 2.164950899197720102e-01 2.115957530261948771e-01 2.074098504241556062e-01 2.038048245094250810e-01 2.006749158346792794e-01 1.979363805949105881e-01 1.955214989655723878e-01
3.889972455799579620e-01 3.793922090530395530e-01 3.713433659076690874e-01 3.641325737535953677e-01 3.577181050181388877e-01 3.520289227366447671e-01 3.469864852726459725e-01 3.425150802731514177e-01 3.385437971353530973e-01 3.350070625543594138e-01 3.318460604548454373e-01 3.290083074569702393e-01 3.264465841650963096e-01 3.241199922561645574e-01 3.219917166233062789e-01 3.200306728482246177e-01 3.182084921002388267e-01 3.165005803108215110e-01 3.148860704898834295e-01 3.133462223410606318e-01
1.942131080031394896e+00 1.837422846257686704e+00 1.713536839187145278e+00 1.573139523863792411e+00 1.421088605374097869e+00 1.263713759519159874e+00 1.108074815664440438e+00 9.607498846843099960e-01 8.267335520903906776e-01 7.089214954987619333e-01 6.081916594610083937e-01 5.238959078397601443e-01 4.544534845335874707e-01 3.978654444154380854e-01 3.520713808988512050e-01 3.151566505542359731e-01 2.854498936953314137e-01 2.615445519122295281e-01 2.422858746776910266e-01 2.267413322227366801e-01
4.125051897764205888e-01 3.979788009822368688e-01 3.865925556421279663e-01 3.771469417214393660e-01 3.693445481359958760e-01 3.628957277536392079e-01 3.575542001426220140e-01 3.531174567341804349e-01 3.494201132655143649e-01 3.463263273239135520e-01 3.437242588400840626e-01 3.415213593840599193e-01 3.396413788199424966e-01 3.380214205384254322e-01 3.366100558638572826e-01 3.353656139969825589e-01 3.342538955807685674e-01 3.332476985454559393e-01 3.323248821496963545e-01 3.314678165316581882e-01
1.136393277221359410e+00 9.984483482918017350e-01 8.691370164917315844e-01 7.535980492341332049e-01 6.539140344344116507e-01 5.701067384157795237e-01 5.009759184846188651e-01 4.447004426032071800e-01 3.992677637287124770e-01 3.627438315463951124e-01 3.334101001603994585e-01 3.098143511498892555e-01 2.907669170154258409e-01 2.753131780750118218e-01 2.626958950504195145e-01 2.523196405790804620e-01 2.437170180398970931e-01 2.365216055512428250e-01 2.304459550185128935e-01 2.252639301307499398e-01
3.194115532236173616e-01 3.139633526140823694e-01 3.085491885058581629e-01 3.030217418679967412e-01 2.973183746729046173e-01 2.913720443286001438e-01 2.851040539704263188e-01 2.784259394276887289e-01 2.712491186335682647e-01 2.635017264541238413e-01 2.551548316702246799e-01 2.462533440254628669e-01 2.369422274827957253e-01 2.274714400246739265e-01 2.181675210595130920e-01 2.093750371783971720e-01 2.013839668035507235e-01 1.943747029453516129e-01 1.884006540477275726e-01 1.834075981378555376e-01
5.924969392712228222e-01 5.086962411482818247e-01 4.388498759728099441e-01 3.833646699755627330e-01 3.406849722172364814e-01 3.085141066584765057e-01 2.845521954356808880e-01 2.668008345621638022e-01 2.536507217446342111e-01 2.438639871589839414e-01 2.365176329389214460e-01 2.309323007240891568e-01 2.266170081682503112e-01 2.232167632505297761e-01 2.204751138761639473e-01 2.182094194740057114e-01 2.162868541479110729e-01 2.146126139909028951e-01 2.131183371692896011e-01 2.117543820664286591e-01
1.091779506091552276e+00 9.710300346050644293e-01 8.573706226248759554e-01 7.544902750104666156e-01 6.639518184796906475e-01 5.859067551873158308e-01 5.196842447740164239e-01 4.641492352075874961e-01 4.179643599502742557e-01 3.797674539405852534e-01 3.482760553333992259e-01 3.223430446470479382e-01 3.009765793105543819e-01 2.833386746024462166e-01 2.687329461639456074e-01 2.565862668052977802e-01 2.464320121286436849e-01 2.378910723770968627e-01 2.306565281469374895e-01 2.244812852935865466e-01
1.760546066725510173e-01 1.693241216956812289e-01 1.646821918307945498e-01 1.610423755845113158e-01 1.581010869034798760e-01 1.556587737245717917e-01 1.535836255928006711e-01 1.517879794852342590e-01 1.502127981743978935e-01 1.488175803623380533e-01 1.475739286854513832e-01 1.464612232695799432e-01 1.454635647707618884e-01 1.445682539837434832e-01 1.437648306763731065e-01 1.430440490646287810e-01 1.423978014243766632e-01 1.418186013679951507e-01 1.412996436934918221e-01 1.408349677268415645e-01
2.353775559365749448e-01 2.335053749382495769e-01 2.327960281074047122e-01 2.321063116192817743e-01 2.314223717153072457e-01 2.307382617890834930e-01 2.300503119826316778e-01 2.293563023209571894e-01 2.286549215018749137e-01 2.279458166658878404e-01 2.272286403179168690e-01 2.265036466717720021e-01 2.257710514962673054e-01 2.250310400128364696e-01 2.242841467261314503e-01 2.235306820273399442e-01 2.227711579203605630e-01 2.220057179033756156e-01 2.212351085990667265e-01 2.204596186429262084e-01
3.785176722938194960e-01 3.714431572705507167e-01 3.640603748778812321e-01 3.562409926997497922e-01 3.479840004909783846e-01 3.393466902431100385e-01 3.304429327230900548e-01 3.214373285882174969e-01 3.125306914560496696e-01 3.039325931668281355e-01 2.958313264697789990e-01 2.883669165894389153e-01 2.816157167404890194e-01 2.755883184075355596e-01 2.702409251034259552e-01 2.654930081218481175e-01 2.612454495579004110e-01 2.573964057862758725e-01 2.538515870273113095e-01 2.505297448486089595e-01
2.092613898543640993e-01 2.051325153093785103e-01 2.028641721513122220e-01 2.010414832271635588e-01 1.995220831665210359e-01 1.982105891290120714e-01 1.970426424895413142e-01 1.959754014434292868e-01 1.949798555555753432e-01 1.940364491613581766e-01 1.931319846562109810e-01 1.922574908041860819e-01 1.914067768421955362e-01 1.905755897273775090e-01 1.897609535284573157e-01 1.889608955473522645e-01 1.881739492906490396e-01 1.873991916047816619e-01 1.866359734246725577e-01 1.858837468358115197e-01
6.138177627179538520e-01 5.539546382529079160e-01 5.049392550950869696e-01 4.648882593866437429e-01 4.320659634657204040e-01 4.049324251338839442e-01 3.823161989450454823e-01 3.633516982942819329e-01 3.473872926831245156e-01 3.339145137369632921e-01 3.225201663374900884e-01 3.128583917021751648e-01 3.046376220881938934e-01 2.976112295687198817e-01 2.915702557563781827e-01 2.863391278684139230e-01 2.817720416188240207e-01 2.777474731206893699e-01 2.741654857993126027e-01 2.709449434280395419e-01
2.996475099027156586e-01 2.965856127440929524e-01 2.942041507363319375e-01 2.918700152635574363e-01 2.895736502110958233e-01 2.873072610795497916e-01 2.850639238953590615e-01 2.828374163806438579e-01 2.806213013827800751e-01 2.784115082025527821e-01 2.762037752568721749e-01 2.739946274459362230e-01 2.717822007834911346e-01 2.695651593804359591e-01 2.673422624170780360e-01 2.651136347651481540e-01 2.628789778053760573e-01 2.606393599510192782e-01 2.583950513601303012e-01 2.561474984884262174e-01
2.599496921151876472e-01 2.544080329686403408e-01 2.499289560690522161e-01 2.455125711113214371e-01 2.411439875513315123e-01 2.368260154873132739e-01 2.325669796019792512e-01 2.283783615380525489e-01 2.242718381434679054e-01 2.202585784345865161e-01 2.163498578593134880e-01 2.125544746592640810e-01 2.088807576149702139e-01 2.053347242251038485e-01 2.019208075292408533e-01 1.986428124830126873e-01 1.955016708932816871e-01 1.924990776926279179e-01 1.896334159187972601e-01 1.869043431617319617e-01
3.649395277665462567e-01 3.273818495521845784e-01 2.964810448602656634e-01 2.709009458974469542e-01 2.493648222722276708e-01 2.309576069557078837e-01 2.151595959824044169e-01 2.017017412659924958e-01 1.903942593815736439e-01 1.810324030174524645e-01 1.733801051488262635e-01 1.671864014200400428e-01 1.622066572075709645e-01 1.582185231987386920e-01 1.550289836619049288e-01 1.524761567264795170e-01 1.504278247291222226e-01 1.487776200613006861e-01 1.474409105401718878e-01 1.463511278037913088e-01
5.222216504346579580e-01 4.618184216017834909e-01 4.118310953198670021e-01 3.711488306516548819e-01 3.383355224120896398e-01 3.119124568451661639e-01 2.905898871819954099e-01 2.733064272094634095e-01 2.592121985210724122e-01 2.476359140149202165e-01 2.380525842848146556e-01 2.300523043826979142e-01 2.233137858158443234e-01 2.175858005881309565e-01 2.126707317912951145e-01 2.084137984015978773e-01 2.046912819589488119e-01 2.014050476951524671e-01 1.984768398985033988e-01 1.958431234685122091e-01
3.589149922371143719e-01 3.178925756597891228e-01 2.866783243050213259e-01 2.629141166061162993e-01 2.449262410312076088e-01 2.312631989689543921e-01 2.207984602265059826e-01 2.126892076246440499e-01 2.063156236335635108e-01 2.012255265936255533e-01 1.970891009643673808e-01 1.936656562983989638e-01 1.907791006565094094e-01 1.883001554757356699e-01 1.861332831531763154e-01 1.842080559581518173e-01 1.824716232717037145e-01 1.808845804631710186e-01 1.794175572693347820e-01 1.780481061339378446e-01
2.595442165042913807e-01 2.503122184985840937e-01 2.430806361502891311e-01 2.367339466005715654e-01 2.310387101126525622e-01 2.258236465781010283e-01 2.209657640568366277e-01 2.163799876543453238e-01 2.120091728355509852e-01 2.078181242156976749e-01 2.037870096805795561e-01 1.999069083438554661e-01 1.961761939048415060e-01 1.925978176869648506e-01 1.891760006415643125e-01 1.859156949767202527e-01 1.828201251929931492e-01 1.798915553529877864e-01 1.771293636360860568e-01 1.745315747897256964e-01
1.928960383199155304e+00 1.829020677208900381e+00 1.703168381489813310e+00 1.552153941309079466e+00 1.383372189392393814e+00 1.208798688266542687e+00 1.040474020073633543e+00 8.872470341436564656e-01 7.538407070719403968e-01 6.414603356458247196e-01 5.489853963709901974e-01 4.740776158683002173e-01 4.139857637044042082e-01 3.660283103527035564e-01 3.278237303971945904e-01 2.973672771442215645e-01 2.730287599295843637e-01 2.535067269913497401e-01 2.377768925227110308e-01 2.250369657213741326e-01
9.848314312522962188e-01 8.747497749931062438e-01 7.714821360582573284e-01 6.783511672013992078e-01 5.969304483578332654e-01 5.274527968792245280e-01 4.693151781411142864e-01 4.214090746903457196e-01 3.823874066839925701e-01 3.508587739337235556e-01 3.255104894004762217e-01 3.051782813295721986e-01 2.888681113347411067e-01 2.757551895454525837e-01 2.651687886193394572e-01 2.565723110735416146e-01 2.495386078953742981e-01 2.437306234240531888e-01 2.388846418261527937e-01 2.347930365055799495e-01
5.816952791390940236e-01 5.102798779340810276e-01 4.463435132577433517e-01 3.912252677360084085e-01 3.451113816234283038e-01 3.073851307327277183e-01 2.770504124608123564e-01 2.529758314422179133e-01 2.340512465983920209e-01 2.192739469621295678e-01 2.077848538711259685e-01 1.988754455327580162e-01 1.919759798828090391e-01 1.866348675283370506e-01 1.824984956567641259e-01 1.792923079169122524e-01 1.768041828103969204e-01 1.748706306351232309e-01 1.733654154557734695e-01 1.721911129518411965e-01
2.463935957748162875e-01 2.295503249316243333e-01 2.170623639610130273e-01 2.075218482781201468e-01 2.002110790088772740e-01 1.945447592809796400e-01 1.900835268385708265e-01 1.865055982396006673e-01 1.835767638683319103e-01 1.811288068816065688e-01 1.790385354682803021e-01 1.772174257412552911e-01 1.756002727523446050e-01 1.741400996968150150e-01 1.728015236184000936e-01 1.715590262785554043e-01 1.703935095295310009e-01 1.692907065525650900e-01 1.682402139902114957e-01 1.672340285032987706e-01
2.116254742145538437e+00 2.050791723579168391e+00 1.967137106060981688e+00 1.865384939089417493e+00 1.747922887094318867e+00 1.618549655610695526e+00 1.481936655512036571e+00 1.342976406272500700e+00 1.206194801879246326e+00 1.075351219739823172e+00 9.532361706602386908e-01 8.416766794380601269e-01 7.416703124472041608e-01 6.535430793743580713e-01 5.771000497369095372e-01 5.117323911003768266e-01 4.565271497657522604e-01 4.103739618277177370e-01 3.720717968376265894e-01 3.404306763189379192e-01
5.268547651349672067e-01 4.617357932726736114e-01 4.019931274923146947e-01 3.497286794395768061e-01 3.056452841847203672e-01 2.695108918880578242e-01 2.405376174255798027e-01 2.176788370963186059e-01 1.998419701470993404e-01 1.860199747851584151e-01 1.753453836482367356e-01 1.671089258513711595e-01 1.607464504774543390e-01 1.558207168481749172e-01 1.519949877791805237e-01 1.490120079647749562e-01 1.466767192049883428e-01 1.448400879278778919e-01 1.433888229582225837e-01 1.422366003402567025e-01
2.877384382858872436e-01 2.819437221065163590e-01 2.776335550099611194e-01 2.735240229964256420e-01 2.695335340499878107e-01 2.656126796081662023e-01 2.617278252169489838e-01 2.578575569763779662e-01 2.539902275800705045e-01 2.501206153631210238e-01 2.462498157098889362e-01 2.423827347159385748e-01 2.385273524373769660e-01 2.346938067302107855e-01 2.308936762809753462e-01 2.271387534961104293e-01 2.234413266927003927e-01 2.198128408007323786e-01 2.162637174688279706e-01 2.128037753328680948e-01
1.599006349360570400e+00 1.479911794760846444e+00 1.352652131127251689e+00 1.223313356481667169e+00 1.097572584194340450e+00 9.797449082694947853e-01 8.726130715943872795e-01 7.775044501572847544e-01 6.945792499789967822e-01 6.232030647341162410e-01 5.622908771259244043e-01 5.105680814688093871e-01 4.667455062764929719e-01 4.296180858252773849e-01 3.981135862933291580e-01 3.713078049357136368e-01 3.484200841781421309e-01 3.287972876481944917e-01 3.118997574294917197e-01 2.972823482705280185e-01
1.784038309112656873e-01 1.647792296844183824e-01 1.563954521879350190e-01 1.508917588053736714e-01 1.472460240940563492e-01 1.447923048911616273e-01 1.431099595315754314e-01 1.419330456666648421e-01 1.410915316687896826e-01 1.404756555519998118e-01 1.400136355496942875e-01 1.396581129264086452e-01 1.393773402832448605e-01 1.391498127672821383e-01 1.389608456939458725e-01 1.388002905063331072e-01 1.386616235133260600e-01 1.385392417572438584e-01 1.384299394115805493e-01 1.383309911657124858e-01
2.528432568535208813e-01 2.382984580099582750e-01 2.281199034303426632e-01 2.204156884551048412e-01 2.145004670321941365e-01 2.098552598059177376e-01 2.061120593547821067e-01 2.030122700333595320e-01 2.003759330511093173e-01 1.980763761699199654e-01 1.960250501334667161e-01 1.941590353846550099e-01 1.924331870675086986e-01 1.908163060247898002e-01 1.892852865159511677e-01 1.878237430751323600e-01 1.864193660020828369e-01 1.850640572607517298e-01 1.837515881657600381e-01 1.824774803221225761e-01
8.273928630072623358e-01 7.203138147808203495e-01 6.252368735973277136e-01 5.435819214803455646e-01 4.747727312094138785e-01 4.175237005046801841e-01 3.703919788764323817e-01 3.319455227464641056e-01 3.008223153487779022e-01 2.757718715508235552e-01 2.556870821956681583e-01 2.396145676112428069e-01 2.267574121226789419e-01 2.164614484237972758e-01 2.081966731595366604e-01 2.015382326381222888e-01 1.961488886152801536e-01 1.917616312071173945e-01 1.881655892481285397e-01 1.851951800925598912e-01
2.012296325564384425e+00 1.917539728283882194e+00 1.797745530903339439e+00 1.655218167714774591e+00 1.495978339153807513e+00 1.328383569796569574e+00 1.161536821869667557e+00 1.003559166495397115e+00 8.603669851318090922e-01 7.352458447276148945e-01 6.290954639343544486e-01 5.410744773354781989e-01 4.693078440439421573e-01 4.114805582235203651e-01 3.652390504694597029e-01 3.284208835940807814e-01 2.991537876820075104e-01 2.758801391680299475e-01 2.573379026551265158e-01 2.425200205704140799e-01
5.217773258440865369e-01 4.779285544072087166e-01 4.350595006719231717e-01 3.940846349770436019e-01 3.558594119423650892e-01 3.210239789634488083e-01 2.900013181084068470e-01 2.630169457971351377e-01 2.400766983950325117e-01 2.209652536447992976e-01 2.053000268782488869e-01 1.926117110718041647e-01 1.824151226727008246e-01 1.742568842874606949e-01 1.677397926710545994e-01 1.625300344917923190e-01 1.583550193253904503e-01 1.549961349647492048e-01 1.522802804317325287e-01 1.500711317965760794e-01
4.310400068759918102e-01 4.159168376028537506e-01 4.028831969201565055e-01 3.910884562134742670e-01 3.805344337224960127e-01 3.711580295860767431e-01 3.628698705136775837e-01 3.555684597790241264e-01 3.491485059261322244e-01 3.435066851973533897e-01 3.385445973277091958e-01 3.341710510849952853e-01 3.303033772110939292e-01 3.268680518865585416e-01 3.237995269894600181e-01 3.210409045219421165e-01 3.185425922274589539e-01 3.162620127201080100e-01 3.141626203060149947e-01 3.122130620479584007e-01
3.985908452834701077e-01 3.593866148084635115e-01 3.298045415713204420e-01 3.072906252447754061e-01 2.901122159911028731e-01 2.768644244632741946e-01 2.665024483152956258e-01 2.582671686505620401e-01 2.516112493409309314e-01 2.461385115484881758e-01 2.415600253096681638e-01 2.376634131737955513e-01 2.342922099988209161e-01 2.313283391180448179e-01 2.286835119622992463e-01 2.262908392422832426e-01 2.240985397796612100e-01 2.220673323876690142e-01 2.201670298574026630e-01 2.183739434648305222e-01
1.249058581674471480e+00 1.106709389840252689e+00 9.647168252599885863e-01 8.309201182990818557e-01 7.105635834149870433e-01 6.064445643100225825e-01 5.192484980294830299e-01 4.480913472781867246e-01 3.911535321933933829e-01 3.462297478853724741e-01 3.111120810185093455e-01 2.838005228864494689e-01 2.625988192716613434e-01 2.461248646862804756e-01 2.332845713570713964e-01 2.232247896492481343e-01 2.152896086871624037e-01 2.089777615293860469e-01 2.039076057448983292e-01 1.997884827107191119e-01
3.568628801405429596e-01 3.522579845041036717e-01 3.481636092811822847e-01 3.443496203422546365e-01 3.407718706876039505e-01 3.373835720866918408e-01 3.341335584968328498e-01 3.309687544405460202e-01 3.278368672728538269e-01 3.246871577203273573e-01 3.214729477465152474e-01 3.181533549726009436e-01 3.146935388445853965e-01 3.110676866769790383e-01 3.072596643865108668e-01 3.032641211152076743e-01 2.990876962244510828e-01 2.947488445043563998e-01 2.902757367491722307e-01 2.857039992511272164e-01
