2.075677912642422740e+00 1.870017218150605842e+00 1.511674607538734616e+00 1.113920346333070466e+00 7.909936498105526459e-01 5.730984328448539555e-01 4.382408563839271798e-01 3.565782572556054353e-01 3.063668274346855736e-01 2.743659661477431677e-01 2.529630118043860176e-01 2.378138899609439361e-01 2.264065236163878558e-01 2.172555993951391373e-01 2.094669902313034959e-01 2.025022986123803936e-01 1.960527750970322836e-01 1.899666940764291323e-01 1.842013385897735001e-01 1.787798453925643072e-01
4.127102070674300016e-01 2.989650417421944595e-01 2.433983758211343273e-01 2.171680846909293805e-01 2.042080206749960769e-01 1.970675289025530241e-01 1.925173035031184643e-01 1.891670603863895017e-01 1.864105167542584318e-01 1.839765393378911540e-01 1.817412378480366963e-01 1.796460761921662153e-01 1.776614706579130176e-01 1.757717910356586810e-01 1.739681892003863972e-01 1.722442349977791332e-01 1.705965999583713699e-01 1.690213263081386807e-01 1.675160231254994858e-01 1.660782319307327337e-01
5.774737375590484056e-01 4.020590501805418326e-01 3.081094081886112668e-01 2.621325655654072606e-01 2.396192294359207053e-01 2.278407320380210765e-01 2.209460975229740054e-01 2.163202500343322787e-01 2.127851350605487746e-01 2.098008184134960152e-01 2.071154704689979476e-01 2.046067605912685328e-01 2.022147393971681639e-01 1.999087081104516939e-01 1.976720939949154765e-01 1.954958699271082956e-01 1.933759451285004538e-01 1.913094830513000499e-01 1.892950148135423560e-01 1.873319152742624338e-01
2.348754942415689495e-01 1.952107930911006484e-01 1.770830787252634653e-01 1.673002430237829630e-01 1.613033058121800534e-01 1.571663903817534513e-01 1.540586037933826535e-01 1.515983439236879282e-01 1.495943954586982649e-01 1.479376560822129316e-01 1.465573840960860130e-01 1.454017154872417339e-01 1.444302305579185375e-01 1.436103142052888859e-01 1.429151966795325357e-01 1.423233206197619394e-01 1.418163540586829252e-01 1.413803199306130354e-01 1.410029500350356013e-01 1.406743443757295653e-01
2.210449977660755294e-01 2.055641602869828777e-01 1.993310572422342386e-01 1.954281065700342879e-01 1.921036697047839026e-01 1.885351529188483144e-01 1.842707869698642642e-01 1.791253659225185424e-01 1.732364727940876037e-01 1.670607832862879283e-01 1.611791229044320095e-01 1.560286042449297306e-01 1.517780819046311014e-01 1.483878213667776391e-01 1.457254356314660881e-01 1.436480516275332742e-01 1.420302084766990325e-01 1.407702293317818487e-01 1.397885554131516883e-01 1.390219641485964663e-01
4.065459059458225721e-01 2.871856442396529263e-01 2.193521807057459139e-01 1.830439638742245856e-01 1.637814141716807947e-01 1.533389390888623971e-01 1.474666744074784319e-01 1.440158278332091812e-01 1.418898927466943904e-01 1.405171578936278698e-01 1.395910608768463068e-01 1.389417434297502141e-01 1.384720364212989885e-01 1.381236816756427344e-01 1.378605421073734738e-01 1.376585859805345424e-01 1.375016688928007991e-01 1.373785494267940610e-01 1.372806840389967087e-01 1.372017066553234965e-01
2.621585041284560935e-01 2.193677368760108826e-01 1.974356301873922415e-01 1.852378177642822199e-01 1.779712727665901106e-01 1.732445436716079645e-01 1.698671109974384252e-01 1.672400175034999825e-01 1.650558753311633930e-01 1.631533907353878154e-01 1.614450848102569613e-01 1.598823465406894739e-01 1.584368848800659091e-01 1.570914503931999107e-01 1.558337138593196836e-01 1.546560855954885461e-01 1.535517160594463415e-01 1.525154141336679536e-01 1.515427403897046943e-01 1.506294468790292662e-01
5.059543399925314766e-01 3.492825215943048400e-01 2.611870123493281182e-01 2.152872051694430522e-01 1.917475937074050174e-01 1.794162656459957483e-01 1.726562171988189343e-01 1.686985138989985089e-01 1.661795472912490357e-01 1.644158518686890669e-01 1.630602083727717422e-01 1.619320600666105670e-01 1.609362052753567640e-01 1.600217759609222357e-01 1.591611638851463673e-01 1.583391292393207528e-01 1.575467452593147799e-01 1.567794092372059855e-01 1.560340299550443954e-01 1.553091475740075167e-01
6.200115880827070658e-01 4.715305456902569858e-01 3.775252266140887714e-01 3.202190438365505321e-01 2.852233596215956180e-01 2.629340703355137476e-01 2.477009101631119925e-01 2.363449507160112206e-01 2.270963266026228555e-01 2.189744035979674652e-01 2.114538061805069369e-01 2.042890702607110254e-01 1.974146162625402268e-01 1.908753464464098271e-01 1.847633587941527322e-01 1.791680006496608191e-01 1.741421915590763148e-01 1.696934526599943593e-01 1.657925764471292474e-01 1.623900108970701694e-01
1.821305492892861255e-01 1.722765480354428169e-01 1.653497759252786636e-01 1.603684769570827562e-01 1.568177290260791834e-01 1.542176581174135308e-01 1.522305523976683617e-01 1.506507916003465564e-01 1.493574357032775857e-01 1.482763297855854145e-01 1.473588554933667194e-01 1.465706577152013912e-01 1.458858065679669302e-01 1.452846154943108481e-01 1.447518645599484566e-01 1.442756170406937488e-01 1.438463078811764717e-01 1.434564940258860610e-01 1.431001967564225208e-01 1.427729661017656249e-01
1.946711407508701086e+00 1.617838378292508317e+00 1.186893858793045986e+00 7.956705580349080487e-01 5.267754055093973875e-01 3.696389637439279063e-01 2.836535857309354647e-01 2.369189316232223064e-01 2.109714817936765019e-01 1.960904910357203212e-01 1.872323195195349510e-01 1.817362786392914265e-01 1.781608333215990436e-01 1.757014011153660293e-01 1.738966141792479825e-01 1.724755392363294948e-01 1.712750711594708264e-01 1.701950215548276857e-01 1.691723691998049672e-01 1.681670724507421388e-01
4.298851578967878839e-01 2.838385046253460997e-01 2.157654863738571183e-01 1.858307308903749677e-01 1.720579089414968621e-01 1.650220101606100775e-01 1.609063696526573106e-01 1.581446621293434995e-01 1.560713909333571736e-01 1.543888125239721021e-01 1.529571635806496466e-01 1.517031497688731134e-01 1.505858537612948522e-01 1.495796626689843700e-01 1.486655573523603391e-01 1.478308426076546389e-01 1.470647900667972907e-01 1.463584638130851212e-01 1.457051514089107436e-01 1.450986243411898635e-01
1.716847950592637062e-01 1.680471053160726980e-01 1.659350893367081969e-01 1.634819216188043434e-01 1.606686651706695501e-01 1.575826859474181996e-01 1.543924837931990590e-01 1.513121814094483819e-01 1.485440977104008076e-01 1.462213747389614626e-01 1.443823149241507120e-01 1.429860551841556915e-01 1.419502734951675060e-01 1.411851217038929407e-01 1.406154890730977047e-01 1.401841056160628707e-01 1.398513556830585092e-01 1.395891177468001898e-01 1.393788631074130424e-01 1.392072573304176386e-01
2.065966273825615485e+00 1.827693724345299309e+00 1.436268657951732086e+00 1.045720138181932324e+00 7.565600591769907624e-01 5.712649095430970547e-01 4.589032494893763303e-01 3.917453411966562160e-01 3.515215839445591239e-01 3.270946072041988617e-01 3.118332085013389432e-01 3.018438273668289096e-01 2.948720845580101169e-01 2.896219766139984109e-01 2.853485867381095886e-01 2.816227805614471280e-01 2.781954506039619468e-01 2.749212449789047441e-01 2.717146807909011641e-01 2.685274893045425659e-01
5.176174284983425800e-01 3.675086433195974833e-01 2.850642449293644409e-01 2.409710631112102486e-01 2.164132716112219246e-01 2.015111213806712043e-01 1.914660422847373478e-01 1.839746663383630132e-01 1.779240863167797226e-01 1.727774033579043966e-01 1.682750630541704484e-01 1.642913322965614542e-01 1.607603558432310897e-01 1.576404225756414257e-01 1.548979911976493817e-01 1.525008966238237951e-01 1.504159227502532281e-01 1.486103485198691510e-01 1.470518119668122459e-01 1.457097311562392805e-01
9.788138859873288800e-01 7.120528552783070841e-01 5.066799595393240985e-01 3.689350721647497444e-01 2.833738653266482110e-01 2.318479896176722788e-01 2.009796857585024465e-01 1.823296767519786976e-01 1.708688293345403397e-01 1.636583456057633112e-01 1.589839006339025251e-01 1.558413459073836604e-01 1.536387288020705510e-01 1.520229304896202061e-01 1.507832296537526540e-01 1.497904091843520191e-01 1.489650171974790382e-01 1.482564680915675059e-01 1.476325127333984744e-01 1.470709338894812257e-01
2.618343554250895933e-01 2.078172991322935481e-01 1.810669421409920599e-01 1.672963440514468048e-01 1.596295179327716918e-01 1.548891588707920208e-01 1.516468228644225757e-01 1.492519222467671991e-01 1.473954540991689877e-01 1.459170163364615358e-01 1.447208957874681901e-01 1.437426818930543915e-01 1.429335808171890709e-01 1.422573941922746499e-01 1.416854117508046240e-01 1.411967463034670689e-01 1.407738058990798957e-01 1.404049767926335290e-01 1.400790038134437088e-01 1.397896623460110344e-01
4.282703135162592156e-01 3.844062092900276117e-01 3.650154522061347939e-01 3.553828158974647322e-01 3.501911598443985252e-01 3.470067882537841708e-01 3.447198942303657532e-01 3.428095567226410179e-01 3.410199049115181236e-01 3.392193874716758484e-01 3.373341813683509716e-01 3.353207883238792375e-01 3.331499677896499478e-01 3.308006331324577221e-01 3.282573246955871604e-01 3.255076709389686518e-01 3.225428706407547086e-01 3.193558833003043995e-01 3.159421178698539889e-01 3.123008623719215615e-01
7.809561604358896680e-01 5.471575817672419406e-01 4.041672017797827698e-01 3.275899171829223522e-01 2.885325944423675626e-01 2.685065449774265423e-01 2.578361442685127014e-01 2.517506207525730400e-01 2.479165330529213007e-01 2.451825384795665863e-01 2.429701764881610770e-01 2.409850230813026517e-01 2.390737989544868547e-01 2.371555939316749573e-01 2.351851575076580048e-01 2.331382507085800193e-01 2.310009577870368869e-01 2.287667621672153373e-01 2.264330271631479208e-01 2.240022079646587505e-01
1.746109128966345514e+00 1.442960953713627426e+00 1.101340663011142196e+00 7.955120799038559731e-01 5.678434057254344580e-01 4.174084021178805504e-01 3.240108043735381305e-01 2.673314054162619913e-01 2.329281977769223355e-01 2.117886353837093449e-01 1.985648898373256199e-01 1.901201778103131790e-01 1.846034035133198026e-01 1.809084600045753055e-01 1.783631240892145919e-01 1.765506149538487168e-01 1.752079708289238646e-01 1.741657395882066361e-01 1.733116185350809246e-01 1.725684532168088592e-01
1.684385925158858321e-01 1.602193148247897658e-01 1.538579756207764104e-01 1.488994405232370033e-01 1.453667490370571524e-01 1.429817992448806641e-01 1.413938946090638749e-01 1.403195753972977522e-01 1.395699872728437263e-01 1.390303564909845524e-01 1.386320401821285464e-01 1.383327456656843479e-01 1.381051227450370844e-01 1.379303367529064461e-01 1.377950635645538435e-01 1.376896723639219888e-01 1.376071596052497736e-01 1.375417276751250140e-01 1.374895437154918798e-01 1.374474698584526866e-01
1.674185908210079177e+00 1.312605552459135572e+00 9.485887182470833512e-01 6.693240748811513097e-01 4.918371365335769685e-01 3.892457779636606663e-01 3.312274702331342024e-01 2.975403537461533965e-01 2.768225131742656497e-01 2.630371281318366616e-01 2.529971299134194940e-01 2.449996746331453423e-01 2.381244516372680586e-01 2.318708250671625004e-01 2.259716981649398937e-01 2.202919310331344638e-01 2.147740899026393813e-01 2.094045145064592495e-01 2.041950373351573977e-01 1.991702540218830142e-01
6.158707049349323448e-01 4.023423131478193748e-01 2.842440764604543535e-01 2.254055789886206251e-01 1.962564816674103041e-01 1.809854532209206335e-01 1.722144814347848218e-01 1.665923146950080980e-01 1.625832461001118778e-01 1.594697043263840763e-01 1.569078371624345880e-01 1.547268388047814414e-01 1.528372848662547800e-01 1.511862208366301363e-01 1.497378227688022923e-01 1.484646108286687971e-01 1.473436513170599815e-01 1.463547335914336112e-01 1.454803608031943474e-01 1.447042728774249609e-01
1.175281079392880290e+00 8.746501671733563077e-01 6.373325294256210194e-01 4.754013361886609279e-01 3.743099265114869789e-01 3.136185473366640553e-01 2.772334927691554318e-01 2.547886846559413443e-01 2.401927169365808412e-01 2.300110898772254608e-01 2.223374089412391286e-01 2.161167875071987599e-01 2.107650790130719543e-01 2.059602036327123631e-01 2.015268596541136548e-01 1.973728165030479431e-01 1.934522635419853032e-01 1.897434836649335987e-01 1.862394779891474172e-01 1.829368603621151224e-01
1.842822932288981919e-01 1.771174494861270377e-01 1.736000163693097453e-01 1.706330680812243317e-01 1.678494574211072121e-01 1.651171977072954100e-01 1.624006852204911422e-01 1.597120618727058128e-01 1.570894063357263781e-01 1.545833946578204499e-01 1.522456613369286005e-01 1.501192602328956238e-01 1.482323184609413147e-01 1.465951314568519626e-01 1.452020811475813467e-01 1.440353048965334892e-01 1.430682222172617868e-01 1.422713995911180918e-01 1.416158768162131265e-01 1.410745361261069863e-01
6.695983085873012941e-01 4.568171100458130462e-01 3.279411316353343930e-01 2.578302022011484951e-01 2.208022008832631333e-01 2.008108583139255610e-01 1.894223986249926328e-01 1.824341941613238371e-01 1.777615990210324459e-01 1.743547482322901354e-01 1.716734177619218815e-01 1.694331466313451495e-01 1.674809382669627533e-01 1.657315178960561686e-01 1.641361842211336020e-01 1.626651622634381067e-01 1.612997498875483882e-01 1.600261984905227974e-01 1.588339916802942731e-01 1.577153090247884470e-01
9.382382029943983071e-01 7.230729794508079511e-01 5.568401801888831493e-01 4.396739234774941218e-01 3.616048888884324519e-01 3.107405564479995275e-01 2.773761104745790518e-01 2.548180268419673600e-01 2.388447032077238019e-01 2.269205471314489908e-01 2.175621673278510526e-01 2.099097356200218256e-01 2.034620621241629013e-01 1.979188658297061920e-01 1.930914710462093287e-01 1.888501805625855956e-01 1.851008336246013630e-01 1.817685808241367440e-01 1.787928134761750665e-01 1.761230034288018831e-01
3.478085868258494751e-01 2.524860477331094533e-01 2.041551190544851069e-01 1.794239885429851633e-01 1.660723365563899212e-01 1.582617514021694705e-01 1.532792594374041140e-01 1.498424079268443065e-01 1.473242775397375359e-01 1.454033262621015898e-01 1.439025455375303741e-01 1.427151059852621862e-01 1.417690884665353257e-01 1.410123024578206208e-01 1.404050913313403814e-01 1.399160325340926547e-01 1.395205482700839772e-01 1.391992358420975628e-01 1.389369138842448670e-01 1.387212778301909477e-01
1.250859011095199147e+00 9.734445186046650766e-01 7.328366760382778455e-01 5.551777158433105486e-01 4.384896747395396477e-01 3.667138961702585132e-01 3.235928621888160550e-01 2.975116004049778162e-01 2.812681359052657815e-01 2.706473723053932079e-01 2.632291620969772206e-01 2.576281067728996010e-01 2.530469745397567749e-01 2.490257146954536482e-01 2.452982482314109702e-01 2.417138499021530273e-01 2.381875358521938213e-01 2.346749196946620875e-01 2.311559730768203702e-01 2.276255483925342660e-01
2.655176808126270549e-01 2.351075193565338728e-01 2.207305707409977780e-01 2.124324741214513868e-01 2.067987750098109201e-01 2.024089937657117810e-01 1.986671943590044842e-01 1.953147832304239218e-01 1.922354985401034388e-01 1.893703521415591173e-01 1.866845282167196307e-01 1.841505229845643021e-01 1.817419339530169931e-01 1.794314260315149900e-01 1.771901297755539284e-01 1.749889615643769603e-01 1.727999131567776181e-01 1.705986024346202723e-01 1.683673747628927353e-01 1.660983643960207701e-01
1.017510875833163464e+00 7.158773578806448823e-01 4.972132860147394084e-01 3.617918764636851581e-01 2.854254318214952679e-01 2.441696982085704848e-01 2.219363442063331526e-01 2.095742262899875641e-01 2.022739709913730644e-01 1.975853028893470864e-01 1.942641280591487773e-01 1.916744703054428234e-01 1.894855360686779067e-01 1.875232163071632319e-01 1.856951962411403645e-01 1.839507423341274206e-01 1.822634227573871613e-01 1.806183657050132729e-01 1.790086920559406380e-01 1.774302796274423721e-01
1.590763803710578905e+00 1.320379826390417399e+00 1.052676300900057038e+00 8.183634255756624398e-01 6.306106857140548749e-01 4.904832234675995939e-01 3.917406220988050580e-01 3.247397931816521921e-01 2.800395467104578873e-01 2.501986988916906074e-01 2.299944893294013915e-01 2.159759918508461773e-01 2.059243823017459230e-01 1.984266016492620133e-01 1.925784543948247940e-01 1.877967922762036335e-01 1.837008012458682116e-01 1.800401386502198942e-01 1.766501358617097173e-01 1.734270144486799725e-01
2.374736618198221572e-01 2.109073967133463234e-01 1.985155287396628276e-01 1.910534546151757274e-01 1.857249069493263904e-01 1.814275840902700998e-01 1.777339859982021153e-01 1.744716279534622994e-01 1.715631089848466129e-01 1.689648727793246485e-01 1.666451633640099184e-01 1.645761473011225495e-01 1.627311576390639003e-01 1.610852832142336544e-01 1.596152848011115621e-01 1.582990592712303635e-01 1.571179045917233397e-01 1.560532205580966447e-01 1.550907539416220837e-01 1.542164205195876991e-01
3.130798713816329570e-01 2.690610462945187686e-01 2.441899545816704764e-01 2.276259747683070656e-01 2.152738882707853907e-01 2.050428238138556347e-01 1.959208039846271343e-01 1.874976521357893944e-01 1.797095128521323248e-01 1.726572428829968031e-01 1.664654083549976238e-01 1.611953740380704381e-01 1.568248829059302740e-01 1.532666121423244543e-01 1.504042332991957776e-01 1.481167585402727027e-01 1.462942546606063876e-01 1.448427607864141431e-01 1.436854190006852106e-01 1.427602849528193385e-01
3.294564616615389130e-01 2.584234691667370298e-01 2.254798540048068289e-01 2.097037678383640025e-01 2.018266482325270783e-01 1.976167739601805695e-01 1.951494040479883618e-01 1.935099017294123758e-01 1.922272674366831691e-01 1.910168181173503288e-01 1.896494196122512355e-01 1.878729334706440435e-01 1.853665295429527682e-01 1.817562083259690597e-01 1.767729116604823403e-01 1.705511784384725615e-01 1.638018657529028144e-01 1.575037113210419060e-01 1.523270588350714994e-01 1.483992694586049876e-01
1.724741947675874965e+00 1.421469154302030802e+00 1.098486291028093476e+00 8.255074696097289833e-01 6.289711970835923927e-01 4.998243220057338454e-01 4.184249596262816229e-01 3.675245939541219031e-01 3.351271123625337856e-01 3.136664138920605138e-01 2.985854283720255076e-01 2.872047700360417233e-01 2.779753329604864320e-01 2.700185367465019470e-01 2.628504899889230750e-01 2.562178078293800287e-01 2.499956452101469162e-01 2.441281029582023643e-01 2.385911755263805389e-01 2.333741985261440222e-01
2.290780028839162763e-01 2.086673345450253680e-01 1.970230134611483663e-01 1.876573448441922753e-01 1.792291748290881503e-01 1.714441410754807271e-01 1.644451166953876942e-01 1.584314104117220401e-01 1.534753680849098578e-01 1.495090277219424113e-01 1.463886394955625225e-01 1.439555515334359492e-01 1.420653042316371295e-01 1.405987543700030207e-01 1.394602877469151292e-01 1.385745855787536007e-01 1.378832128981594130e-01 1.373412610197556338e-01 1.369139792340797745e-01 1.365744771373283706e-01
9.899413815349339396e-01 6.899912027404934145e-01 4.719979524845257512e-01 3.350868447191897026e-01 2.548516056072185343e-01 2.085932717716786899e-01 1.816762231074153522e-01 1.656972105568274845e-01 1.559801079635508292e-01 1.499196733803501158e-01 1.460399222039268363e-01 1.434897052450105626e-01 1.417669764021411427e-01 1.405704933963715930e-01 1.397163809370249588e-01 1.390903624612838119e-01 1.386203214898705516e-01 1.382604211010038942e-01 1.379798766411840794e-01 1.377586371637880835e-01
2.041468110702407968e-01 1.828970356984064016e-01 1.745156802167184551e-01 1.700981770461640896e-01 1.671275603689718892e-01 1.647103397594764929e-01 1.625182545068673823e-01 1.604337549582123823e-01 1.584246237063780538e-01 1.564935747440904246e-01 1.546581601072102852e-01 1.529375794809311739e-01 1.513474360294640164e-01 1.498976013716310229e-01 1.485907106474042005e-01 1.474239266104996338e-01 1.463894379697739945e-01 1.454759804159402869e-01 1.446712554618716229e-01 1.439627704210579284e-01
2.170326120983736562e-01 1.820556429936550646e-01 1.658931392733938859e-01 1.574363075505425535e-01 1.525481648684944846e-01 1.494422311102971412e-01 1.473132789973169432e-01 1.457730799075216133e-01 1.446173490956425556e-01 1.437278332188725583e-01 1.430292946100235052e-01 1.424702766910195262e-01 1.420147799141704970e-01 1.416364787705242656e-01 1.413166740164160662e-01 1.410411999747157030e-01 1.408005503378808587e-01 1.405869736149907012e-01 1.403951266780495699e-01 1.402211643196642488e-01
1.727307093396342474e-01 1.697644625043176481e-01 1.680828232664498545e-01 1.659688865067437402e-01 1.633959604724077586e-01 1.604337312711868468e-01 1.572104282644249951e-01 1.538892113773908943e-01 1.506399044823410749e-01 1.476139053993938410e-01 1.449226210365304746e-01 1.426260717288823920e-01 1.407365088979713741e-01 1.392272815969772537e-01 1.380506256083026406e-01 1.371500367438420742e-01 1.364695043023675669e-01 1.359598040115088113e-01 1.355799663532525345e-01 1.352974176709540177e-01
1.057814726904034552e+00 7.102671090885996907e-01 4.714463397295912683e-01 3.307249668787698993e-01 2.533753688013916650e-01 2.115900527071789827e-01 1.887800104927737366e-01 1.760165964160114449e-01 1.686294471286237107e-01 1.641691499575972657e-01 1.613303429819643586e-01 1.594046889245510079e-01 1.580010574683546887e-01 1.569013430736959092e-01 1.559823748096823559e-01 1.551734958402812559e-01 1.544348205998540002e-01 1.537429628521204128e-01 1.530845146626234055e-01 1.524518568348139647e-01
2.671429185944543816e-01 2.382054919810616400e-01 2.213701341161504466e-01 2.084236549865454424e-01 1.977079022768885030e-01 1.887344405055046137e-01 1.813202613592147794e-01 1.752798870671540554e-01 1.703784061130136362e-01 1.663766410853713684e-01 1.630677800718695059e-01 1.602937572170048952e-01 1.579368320200592313e-01 1.559123901696875814e-01 1.541570147592574436e-01 1.526227505551651098e-01 1.512721509020775457e-01 1.500756544969044648e-01 1.490092988335527391e-01 1.480532120348652947e-01
7.970618697255850149e-01 5.816784817114240003e-01 4.338514428492635244e-01 3.409521680063335447e-01 2.849243205226957842e-01 2.512790723475336607e-01 2.307637998588324968e-01 2.179414013971109065e-01 2.096969956139219105e-01 2.042392939707497190e-01 2.005205963399930569e-01 1.979158540541539058e-01 1.960415742774785086e-01 1.946572200698210575e-01 1.936068433255422883e-01 1.927869034773903034e-01 1.921245255111716788e-01 1.915650859405286510e-01 1.910625956486910471e-01 1.905718348221853431e-01
9.621642229659482792e-01 7.147235912534233293e-01 5.209006638060474925e-01 3.849161612140596933e-01 2.955913661180602503e-01 2.387300758563924430e-01 2.028896203776821561e-01 1.802731500723166458e-01 1.659116327286210557e-01 1.567089233489241396e-01 1.507453589281067263e-01 1.468306602165102837e-01 1.442228308133780834e-01 1.424575953185558408e-01 1.412413611635565669e-01 1.403870428167283413e-01 1.397739755362272240e-01 1.393241764232516222e-01 1.389858366549014956e-01 1.387245258688926675e-01
2.340718857385218066e-01 2.182895220257341784e-01 2.057077663391828626e-01 1.960394173115491967e-01 1.883644001930951939e-01 1.818110577017068852e-01 1.760089344158768665e-01 1.709201991930603959e-01 1.665774476155638673e-01 1.629569993540644635e-01 1.599751785025000650e-01 1.575213991105556544e-01 1.554871668294072196e-01 1.537809565663337819e-01 1.523304395936429523e-01 1.510810562968254167e-01 1.499907407350838107e-01 1.490282204933464638e-01 1.481699046678841003e-01 1.473979938402771861e-01
1.096989275879750592e+00 8.302021112572401940e-01 6.129359509050845700e-01 4.520689055323600658e-01 3.412131230707746155e-01 2.699943078169599331e-01 2.264547862744075157e-01 2.002896851291370572e-01 1.843860624916851543e-01 1.743884554906799111e-01 1.677660072900471200e-01 1.630772798287125624e-01 1.595069486124703062e-01 1.565978834233828776e-01 1.541031495251809214e-01 1.518951532797655213e-01 1.499151269800495234e-01 1.481386233982630030e-01 1.465563562884926729e-01 1.451614817138761337e-01
8.051017211511498628e-01 5.704633193486370324e-01 4.072487996006384225e-01 3.059181672136764840e-01 2.466629579442087550e-01 2.125231123095727426e-01 1.925590248001026461e-01 1.804553709816809626e-01 1.727035343823081215e-01 1.673602023410785400e-01 1.633395917306188494e-01 1.600322373624658290e-01 1.571044378518126894e-01 1.543875497253611728e-01 1.518158263480290648e-01 1.493844007654115680e-01 1.471193485963158409e-01 1.450547403813106928e-01 1.432175080332672157e-01 1.416199568645625240e-01
1.621420212984085119e+00 1.247332404702901743e+00 8.883557926490902590e-01 6.055201149823119522e-01 4.173681999096879869e-01 3.069942930033539574e-01 2.464992798745515856e-01 2.139450884133111686e-01 1.961742000514641315e-01 1.861258093221113130e-01 1.801431743800639973e-01 1.763337039388716276e-01 1.737077615736052350e-01 1.717390208365395798e-01 1.701431711576879002e-01 1.687657507369294818e-01 1.675212421547621622e-01 1.663622301770374123e-01 1.652625628188252316e-01 1.642070913244970121e-01
2.924714567270711996e-01 2.188834957336075471e-01 1.813948360774520485e-01 1.628987536086788090e-01 1.535662425326881908e-01 1.485854976401606020e-01 1.457169521623291053e-01 1.439150863979011818e-01 1.426817587134428245e-01 1.417733591585420005e-01 1.410659459768794366e-01 1.404938876186497543e-01 1.400199064007028871e-01 1.396205099753569934e-01 1.392800529493251893e-01 1.389879860042128601e-01 1.387351405977096941e-01 1.385152927127273892e-01 1.383228728158428511e-01 1.381536666564170401e-01
