2.182592981308698610e-01 2.117114288359880359e-01 2.073520222306251548e-01 2.037280132621526740e-01 2.004380866885185353e-01 1.972714447975158769e-01 1.941226162761449936e-01 1.909439409524202325e-01 1.877214086055755682e-01 1.844629783183336369e-01 1.811901545524597090e-01 1.779348501563072227e-01 1.747339917719364089e-01 1.716262413561344125e-01 1.686484888195991516e-01 1.658309632539749223e-01 1.631973092257976432e-01 1.607623760402202562e-01 1.585333830863237259e-01 1.565095166862010834e-01
1.607603156641125741e+00 1.303580366868409390e+00 1.003563196086906917e+00 7.477080586412921948e-01 5.531710445843782686e-01 4.166125880625622946e-01 3.253027767792809888e-01 2.657138900289646721e-01 2.271184996259398847e-01 2.020430431514978475e-01 1.855921640736050982e-01 1.746463993302040663e-01 1.672352232317644016e-01 1.621120405173860357e-01 1.584827874448455909e-01 1.558376643450355981e-01 1.538467019711242667e-01 1.522945105796679743e-01 1.510398550916579596e-01 1.499895166387432144e-01
1.624872782081365485e-01 1.578484788537025396e-01 1.552596390247344971e-01 1.534705241769552253e-01 1.521936560422182116e-01 1.512256920337677057e-01 1.504384416714310557e-01 1.497569259628653560e-01 1.491408585384488006e-01 1.485687559470534325e-01 1.480300777032971249e-01 1.475193367153406210e-01 1.470339174196124143e-01 1.465720909461379062e-01 1.461327411234378815e-01 1.457147218659520238e-01 1.453170294687151920e-01 1.449390958622097936e-01 1.445793824270367733e-01 1.442376893758773870e-01
3.016999535877408767e-01 2.620310793886892475e-01 2.382561748661100876e-01 2.234389361599460333e-01 2.140251957625150803e-01 2.077874783426523209e-01 2.033973455708474043e-01 2.000684319343417894e-01 1.973310999106615837e-01 1.949023963790386949e-01 1.926087560504674834e-01 1.903438830189406739e-01 1.880427542980760425e-01 1.856692559039220258e-01 1.832079587457701442e-01 1.806601461116224550e-01 1.780425546481274046e-01 1.753852077410556487e-01 1.727282907266635414e-01 1.701195709529565725e-01
1.704802426206879218e-01 1.669652227777987663e-01 1.638332588062621775e-01 1.607092123228358038e-01 1.577191348162887141e-01 1.549626067749340919e-01 1.524986063467804465e-01 1.503469621518161159e-01 1.484981041529681578e-01 1.469248513963248015e-01 1.455918877691146918e-01 1.444632746995921369e-01 1.435057413704635132e-01 1.426903653808403727e-01 1.419931162356806442e-01 1.413945112969668128e-01 1.408783150871749934e-01 1.404319025354925643e-01 1.400446986049064535e-01 1.397079618694260783e-01
1.713998080790042899e-01 1.625334476679563545e-01 1.568429207801818881e-01 1.532876426354050636e-01 1.511899644136428800e-01 1.499381865933537561e-01 1.491201850399374862e-01 1.485056464374065466e-01 1.479818336665630341e-01 1.474995888397097610e-01 1.470397898554801908e-01 1.465962891653180000e-01 1.461677393317222517e-01 1.457545474544167385e-01 1.453574960306286690e-01 1.449765250831842323e-01 1.446116402372717991e-01 1.442630882002413351e-01 1.439298470318317313e-01 1.436119558475911495e-01
1.827167926449328739e-01 1.804087846074253210e-01 1.788026594836264749e-01 1.771418225578963723e-01 1.754033865686505933e-01 1.735801978968083970e-01 1.716729264892637719e-01 1.696892347559332825e-01 1.676419311389326927e-01 1.655481713078915951e-01 1.634287702105939322e-01 1.613062260672450121e-01 1.592048276588320654e-01 1.571490278840065036e-01 1.551617209240794271e-01 1.532643247395753805e-01 1.514747196808457486e-01 1.498076989129185632e-01 1.482742971926927500e-01 1.468803718686103876e-01
8.393851604034716640e-01 6.974076330993557171e-01 5.846481623733416066e-01 4.990907177282633556e-01 4.361138614939409353e-01 3.903550804359838255e-01 3.571071516349911823e-01 3.326792578771710640e-01 3.143492700904607640e-01 3.001835672557354173e-01 2.888381218910217041e-01 2.793927633762359752e-01 2.712250187993049400e-01 2.639197520166635669e-01 2.572056058794259803e-01 2.509111574292182678e-01 2.449331167340278725e-01 2.392144426703453064e-01 2.337294825911521989e-01 2.284713263809680928e-01
3.450726492281683266e-01 2.821997764581465340e-01 2.409454315461334872e-01 2.140913357338286027e-01 1.966694035753607794e-01 1.851874978095293112e-01 1.774031341075897328e-01 1.719276160001754761e-01 1.679118725284934055e-01 1.648386976867914078e-01 1.623901138082146645e-01 1.603692537173628807e-01 1.586519403755664859e-01 1.571593556180596318e-01 1.558396470919251320e-01 1.546575580909848313e-01 1.535893581807613317e-01 1.526168279722333043e-01 1.517269851639866940e-01 1.509088468179106690e-01
1.700205600738445288e-01 1.631970456033013661e-01 1.597915422823280029e-01 1.571285880776122079e-01 1.548129503452219113e-01 1.527087217173539180e-01 1.507836351264268127e-01 1.490441669709980377e-01 1.475059830443933573e-01 1.461781462747603622e-01 1.450569709111005079e-01 1.441274819802492724e-01 1.433649237826466472e-01 1.427411598665639658e-01 1.422287381207570367e-01 1.418026711652055349e-01 1.414425643649883657e-01 1.411320750368759147e-01 1.408589335589204017e-01 1.406142176233697583e-01
2.277547037950716780e-01 2.070634223293745801e-01 1.942642448481637918e-01 1.855282342201098889e-01 1.791766807623207669e-01 1.742444163444452077e-01 1.701950088434386887e-01 1.667343002161942311e-01 1.637013240838115224e-01 1.610076302973902918e-01 1.586026404518633970e-01 1.564529407245572601e-01 1.545344962296076041e-01 1.528260299609973949e-01 1.513077468797564551e-01 1.499601868866011489e-01 1.487659762240946260e-01 1.477072851359844119e-01 1.467684975825250260e-01 1.459356619231402807e-01
2.279491758575750149e-01 2.038145124000038666e-01 1.911870357518637431e-01 1.840751681052279209e-01 1.798225547538458979e-01 1.770609980527660943e-01 1.750897756509948444e-01 1.735428956535179090e-01 1.722235411137807981e-01 1.710228082817047968e-01 1.698785376804880787e-01 1.687531566846882936e-01 1.676239001727662936e-01 1.664759312447859074e-01 1.652994717244291589e-01 1.640882672928273556e-01 1.628385167423402891e-01 1.615490730031160505e-01 1.602210186567390449e-01 1.588579186034621560e-01
1.106252260617911709e+00 9.361957606393843667e-01 7.836310539274836673e-01 6.560429491242394384e-01 5.551948085452022008e-01 4.787408768048044272e-01 4.224352010921574863e-01 3.816874025840661377e-01 3.524129244964570029e-01 3.313395715784281381e-01 3.160104356519877755e-01 3.046509864553809122e-01 2.960089879482984410e-01 2.892138797789812199e-01 2.836652259528636977e-01 2.789511440694332212e-01 2.747904781997203560e-01 2.709931789338588803e-01 2.674306243658065574e-01 2.640168499946594083e-01
1.704590708029281920e+00 1.476195053748379005e+00 1.216378573792171736e+00 9.611355730613649895e-01 7.410695706596015508e-01 5.695752968623650769e-01 4.450067036412656551e-01 3.583120873605366574e-01 2.992555246024858340e-01 2.592964996669979705e-01 2.321953606278023552e-01 2.136772175994701706e-01 2.008964095768169533e-01 1.919780724862357735e-01 1.856852682807948463e-01 1.811955753405345704e-01 1.779572469829872605e-01 1.755952241644263279e-01 1.738515046017710119e-01 1.725464401242788881e-01
1.174438128951005744e+00 9.664368419281527123e-01 7.666534753958694770e-01 5.975137571059166985e-01 4.681942450534552491e-01 3.757446680176508291e-01 3.119937594560906469e-01 2.685438990592956543e-01 2.387639263574965198e-01 2.179938119384132733e-01 2.031296947183000023e-01 1.921478992389165918e-01 1.837368549825623698e-01 1.770460509568511087e-01 1.715240343079858509e-01 1.668161984531889297e-01 1.626995671360418894e-01 1.590401808364549641e-01 1.557629103583167418e-01 1.528279315738473032e-01
3.338562690140679523e-01 2.861822812577156649e-01 2.580565286743513043e-01 2.406961455748023448e-01 2.294839142973069124e-01 2.217299941240344074e-01 2.159444423113018319e-01 2.113038626615889315e-01 2.073499124683439720e-01 2.038232085737399779e-01 2.005758467828854807e-01 1.975227492873091184e-01 1.946158241003285994e-01 1.918282974000136698e-01 1.891446070677193225e-01 1.865574301158630932e-01 1.840638752259292354e-01 1.816626071246525975e-01 1.793542416612035617e-01 1.771391073411359707e-01
1.818431256525218365e-01 1.787618687190115352e-01 1.764738942310214165e-01 1.739303201250732012e-01 1.711421684361994211e-01 1.681593313440680471e-01 1.650574032962322246e-01 1.619302801787853296e-01 1.588776733353733928e-01 1.559922911599278539e-01 1.533482143282890453e-01 1.509938647598028094e-01 1.489501646161079385e-01 1.472138961032032900e-01 1.457638670504093070e-01 1.445682906359434250e-01 1.435904494300484779e-01 1.427941282093524999e-01 1.421455815806984824e-01 1.416155816614627916e-01
1.178912854972295365e+00 9.412149820261401789e-01 7.198440048918997025e-01 5.402480792043570235e-01 4.103951947156019853e-01 3.237159050085711143e-01 2.684327235033561188e-01 2.337952734436839763e-01 2.120406337856547974e-01 1.981483014467812498e-01 1.890319492319963435e-01 1.828337406671198540e-01 1.784388338764983928e-01 1.751768320421979164e-01 1.726396366845437957e-01 1.705780475624396886e-01 1.688374300586656385e-01 1.673214235296472951e-01 1.659686411524307903e-01 1.647396767628379055e-01
2.108327193558215962e-01 2.038137545809149687e-01 1.967091585882008165e-01 1.893743892572820053e-01 1.820504762604832627e-01 1.750533022079616696e-01 1.686928436253219976e-01 1.631928799487650517e-01 1.586433358397334736e-01 1.550029734708368856e-01 1.521453923173248790e-01 1.499114266224205461e-01 1.481514376681297984e-01 1.467435433808714218e-01 1.455968267284333817e-01 1.446463867556303795e-01 1.438465801300480851e-01 1.431650565890595361e-01 1.425781140243634615e-01 1.420681720646098378e-01
5.486068649055959590e-01 4.144919331306300414e-01 3.174681116663851110e-01 2.521884734521154248e-01 2.099640778603497904e-01 1.831136235824396830e-01 1.660911095995106779e-01 1.552404414734337434e-01 1.482527778577059641e-01 1.436950357101159093e-01 1.406809168009925670e-01 1.386589589470531847e-01 1.372828661953099105e-01 1.363331185141578306e-01 1.356684967759065330e-01 1.351971779856830924e-01 1.348587259626947421e-01 1.346129879215732239e-01 1.344326643110252961e-01 1.342992085707374050e-01
2.679365247494774893e-01 2.067760962742613562e-01 1.737732474425865703e-01 1.563089686226703523e-01 1.469609857141040143e-01 1.418147123459493619e-01 1.388847663133674359e-01 1.371548875641019627e-01 1.360939014072209963e-01 1.354167485953484962e-01 1.349665938412908939e-01 1.346552374591863110e-01 1.344315001121867692e-01 1.342655682456097566e-01 1.341388895415002447e-01 1.340403447145945282e-01 1.339621779622393594e-01 1.338993298087734762e-01 1.338486155465943850e-01 1.338071524974657200e-01
3.258503291010856895e-01 3.122360733710229375e-01 2.994864213094114991e-01 2.886075904220342658e-01 2.801666599512100397e-01 2.739335963129997387e-01 2.692578390240669139e-01 2.654971498250961459e-01 2.622043233364820258e-01 2.591184319555759341e-01 2.561049430817365913e-01 2.530984156951308073e-01 2.500692568719387054e-01 2.470044482126831920e-01 2.438989696279168229e-01 2.407504906877875328e-01 2.375581640005111628e-01 2.343218947574496336e-01 2.310425915010273501e-01 2.277225580066442601e-01
1.112338960402412313e+00 8.912593959810328759e-01 6.969556465272035428e-01 5.415972392441471550e-01 4.257355639224988386e-01 3.433171856212539064e-01 2.863608233879494924e-01 2.475623987278959270e-01 2.212139167109853644e-01 2.032219163072295498e-01 1.907846959438757040e-01 1.820319085421578942e-01 1.757300857506925162e-01 1.710676401012460601e-01 1.675111589326115924e-01 1.647089869833871512e-01 1.624288177945072686e-01 1.605165386534417871e-01 1.588691800803440080e-01 1.574182980469822635e-01
4.139182463288307301e-01 3.531985435634851234e-01 3.168797910213470570e-01 2.951794028282165305e-01 2.822248202562331887e-01 2.743495786190032759e-01 2.694116511940956027e-01 2.661806678771972412e-01 2.639486223459243663e-01 2.623069828748703092e-01 2.610168039798736461e-01 2.599376255273819214e-01 2.589853933453559742e-01 2.581097385287284829e-01 2.572797492146491893e-01 2.564756530523299993e-01 2.556854054331779702e-01 2.549014309048652782e-01 2.541175025701523094e-01 2.533298665285110274e-01
1.473474574461579312e-01 1.432831379398703531e-01 1.407921529188752297e-01 1.391262970864772797e-01 1.380875144898891516e-01 1.374791377782821622e-01 1.371423835679888847e-01 1.369659293070435435e-01 1.368777406588196632e-01 1.368353837355971436e-01 1.368152354285120942e-01 1.368043795973062637e-01 1.367964561283588343e-01 1.367888185381889443e-01 1.367804067581891991e-01 1.367710436880588409e-01 1.367604622244834867e-01 1.367493801936507103e-01 1.367380412295460812e-01 1.367261652648449066e-01
2.199736064732860652e-01 1.785217621643096220e-01 1.586743738190853070e-01 1.490238340331711819e-01 1.441737248233766755e-01 1.416230223298771407e-01 1.402119857585057694e-01 1.393867717520333727e-01 1.388745940476655838e-01 1.385357531718909851e-01 1.382973133435007052e-01 1.381196322944015231e-01 1.379807318595703824e-01 1.378678376029711106e-01 1.377729587507201259e-01 1.376916625327430643e-01 1.376203512429492459e-01 1.375567910366226054e-01 1.374998937200871407e-01 1.374479634201270506e-01
1.801351671279407984e+00 1.645886695019580737e+00 1.469639702592976382e+00 1.283060684602241874e+00 1.098103558708826366e+00 9.252731069567380340e-01 7.719043946929741162e-01 6.415664494910743310e-01 5.345993023691698598e-01 4.491792140901088581e-01 3.823823986165006961e-01 3.309622183485771418e-01 2.918173131265939246e-01 2.622226980957202414e-01 2.399154067528433965e-01 2.230831795664198480e-01 2.103188054671045470e-01 2.005525934789329778e-01 1.929834224702790257e-01 1.870212454965803905e-01
2.732662180811166741e-01 2.621745469421148389e-01 2.561047227680683380e-01 2.516229654848575747e-01 2.480057153105735823e-01 2.448699602484702975e-01 2.420147746801376287e-01 2.393318483233451976e-01 2.367626830935478099e-01 2.342733946442604187e-01 2.318450878560543160e-01 2.294660766422748632e-01 2.271296653896570095e-01 2.248307640105485783e-01 2.225677488744258747e-01 2.203383891284465823e-01 2.181426717340946286e-01 2.159802213311195485e-01 2.138512210175395056e-01 2.117560750618577015e-01
1.928510339111089600e+00 1.697530785808339715e+00 1.404668520826398925e+00 1.100668653522464568e+00 8.343342474056407720e-01 6.289408719632774147e-01 4.834826434787828364e-01 3.853359568673630497e-01 3.204419311136007531e-01 2.775706560304388448e-01 2.489091563626425474e-01 2.293536598888203937e-01 2.156540617661084902e-01 2.057545825769193371e-01 1.983491066098213296e-01 1.925997317756991956e-01 1.879636778682470255e-01 1.840881944354623434e-01 1.807420177571475439e-01 1.777720811218023167e-01
4.356078552309191054e-01 4.036562494281679125e-01 3.780013659130782022e-01 3.567971485247835584e-01 3.396899665798991941e-01 3.260267440043389531e-01 3.150573642551898756e-01 3.060708302445709905e-01 2.984600655175745354e-01 2.917469782009720625e-01 2.855701895058155304e-01 2.796673672273755074e-01 2.738538426905870460e-01 2.680021661520004539e-01 2.620302455872297043e-01 2.558892723172903061e-01 2.495570202171802643e-01 2.430345497280359257e-01 2.363422662951052133e-01 2.295205852389335666e-01
1.641249473270727233e+00 1.395705163120292136e+00 1.135014488387387166e+00 8.928447889897506151e-01 6.910600373405031416e-01 5.356393093487713530e-01 4.222008663226733960e-01 3.421326770532323036e-01 2.865417541484930330e-01 2.480858679387438204e-01 2.213481381780002255e-01 2.025570940127363329e-01 1.891560716983440305e-01 1.794295865155618175e-01 1.722273923891043390e-01 1.667755307513289209e-01 1.625499425083398730e-01 1.591939227934926759e-01 1.564633683162355848e-01 1.541908573621003642e-01
2.789782304409891278e-01 2.443856298539321958e-01 2.220464989892207142e-01 2.073116848082281749e-01 1.974255467372859063e-01 1.904761755891377084e-01 1.852407889719160095e-01 1.809652254660613913e-01 1.772003741614753269e-01 1.736953330392134454e-01 1.703295433041057683e-01 1.670673668914241794e-01 1.639255955291446243e-01 1.609450230677612059e-01 1.581712655490264408e-01 1.556393080414272823e-01 1.533668872967245966e-01 1.513537745336952789e-01 1.495860799256479301e-01 1.480409041741222731e-01
1.780120530026033654e-01 1.585654542944394119e-01 1.498223837418481696e-01 1.454760534968227159e-01 1.432123342528939247e-01 1.419562879018485546e-01 1.412050395365804512e-01 1.407167755439877599e-01 1.403713372815400262e-01 1.401070713996887263e-01 1.398918600659817546e-01 1.397074058558791798e-01 1.395435912068933304e-01 1.393944877199828625e-01 1.392563224676996447e-01 1.391266491077840228e-01 1.390038943756371770e-01 1.388874334935098764e-01 1.387760231085121698e-01 1.386692357156425748e-01
1.133840354718267829e+00 9.051443781818671042e-01 7.134056490824149943e-01 5.634479631111025677e-01 4.502056799817364396e-01 3.662141930047073668e-01 3.046897219688980973e-01 2.601091136958348371e-01 2.280848843962303418e-01 2.051967464631888893e-01 1.888509660086128972e-01 1.771353589586215083e-01 1.686736268397362459e-01 1.624905257600767206e-01 1.579044691099397713e-01 1.544404126343943140e-01 1.517701681621838328e-01 1.496653867341592448e-01 1.479693575279816264e-01 1.465728859324008093e-01
1.469369353943584366e+00 1.266798857664398481e+00 1.055411620534723705e+00 8.556410671243338539e-01 6.845672432572246224e-01 5.493979729968123671e-01 4.487879486050224132e-01 3.767559498247283201e-01 3.262275744008366063e-01 2.909765392998815425e-01 2.662300948268966905e-01 2.485884263837942754e-01 2.357237423630431372e-01 2.260723283700644959e-01 2.185918843373656217e-01 2.125896247476339318e-01 2.076040279306471392e-01 2.033279573917388949e-01 1.995574116334319081e-01 1.961576540768146526e-01
5.500947579304557022e-01 4.196994803170673305e-01 3.274929638607136373e-01 2.649866031965939506e-01 2.239291910618703696e-01 1.973786425712751313e-01 1.802338698702806163e-01 1.690410736051853879e-01 1.615762166032800318e-01 1.564530702357296854e-01 1.528205789846833751e-01 1.501589483863790542e-01 1.481470783645636446e-01 1.465849323652219094e-01 1.453449112444650249e-01 1.443417418411991060e-01 1.435178266724687901e-01 1.428322307279449865e-01 1.422549077667645268e-01 1.417638269884628210e-01
4.324040189094375819e-01 3.413656034462473898e-01 2.817536539694993070e-01 2.441596481471788038e-01 2.206226256923400908e-01 2.056281590764410805e-01 1.957427747687324748e-01 1.889138055685907480e-01 1.839316904285806242e-01 1.800859696576662949e-01 1.769591852676603572e-01 1.743046585324918851e-01 1.719778101355768640e-01 1.698933764826506265e-01 1.680004478059708983e-01 1.662678108271211375e-01 1.646756342239678039e-01 1.632092528883367644e-01 1.618571275100111895e-01 1.606089240126311879e-01
1.538497549295425371e+00 1.254782764171250120e+00 9.806019614491219283e-01 7.487237412502872891e-01 5.706355528130370169e-01 4.419637314323335842e-01 3.521055644034640775e-01 2.902981779183028133e-01 2.479003623277822033e-01 2.186535969492979237e-01 1.982594621457974549e-01 1.838354572175012469e-01 1.734660476334556611e-01 1.658763552185701096e-01 1.602133947288530147e-01 1.559029123550862983e-01 1.525550722548359717e-01 1.499020486301742561e-01 1.477599137710058075e-01 1.460001933175953948e-01
4.311038594966885018e-01 3.160759091722320502e-01 2.457733374153031058e-01 2.046574961219448652e-01 1.806947465887060456e-01 1.665093813440762516e-01 1.579153767065145098e-01 1.525698927557095907e-01 1.491490423027425904e-01 1.468915705196559562e-01 1.453514469787478558e-01 1.442622270435094944e-01 1.434620399773120780e-01 1.428514553420245636e-01 1.423682709783315736e-01 1.419730359688401167e-01 1.416404880583286285e-01 1.413540352880954809e-01 1.411027436330914431e-01 1.408790322020649910e-01
2.066193718282738623e-01 1.998574241716414568e-01 1.922863313439302224e-01 1.835829644650220915e-01 1.742419885098934196e-01 1.652344903908669893e-01 1.575641289353370555e-01 1.517842106521129497e-01 1.478596463799476679e-01 1.453844080120325066e-01 1.438766326010227081e-01 1.429472725093364760e-01 1.423401519656181391e-01 1.419051913172006685e-01 1.415620686113834292e-01 1.412686981260776464e-01 1.410046344995498635e-01 1.407601949945092301e-01 1.405306242033839137e-01 1.403136123716831329e-01
4.711770613130283891e-01 3.837911374634132011e-01 3.156359121697096537e-01 2.663372204751067174e-01 2.323841970902867649e-01 2.096173517330719716e-01 1.945096324455516945e-01 1.844612218701513484e-01 1.776936515560373631e-01 1.730356819892767684e-01 1.697322594703291609e-01 1.673015215447139770e-01 1.654363232855939614e-01 1.639406590250291618e-01 1.626897846456267782e-01 1.616039364453172311e-01 1.606314840030972912e-01 1.597399077354930419e-01 1.589073189185001012e-01 1.581199834065046272e-01
3.060618579701986364e-01 2.537770140287466392e-01 2.254396463558077934e-01 2.097996222414076350e-01 2.008114407211541996e-01 1.952717725560069173e-01 1.915457661449909144e-01 1.887968083098530703e-01 1.865902691334485886e-01 1.846958597376942568e-01 1.829896387457847495e-01 1.814038177207112357e-01 1.799003780446946643e-01 1.784583433531224672e-01 1.770647515915334258e-01 1.757130924612283762e-01 1.743991898372769245e-01 1.731201448664069220e-01 1.718745620362460702e-01 1.706615847721695833e-01
8.240978750856083890e-01 6.303580592564685947e-01 4.830928466554678113e-01 3.798315029859804515e-01 3.102385056825005538e-01 2.638988318154588120e-01 2.329205296467989628e-01 2.119434186629950978e-01 1.974810091778635979e-01 1.872969661280512732e-01 1.799543642252683651e-01 1.745229712128639199e-01 1.703937906771898214e-01 1.671642944961786170e-01 1.645657540857791978e-01 1.624168664216995295e-01 1.605951825529337018e-01 1.590168635547161147e-01 1.576244512200355441e-01 1.563780590146779947e-01
6.715687843551859659e-01 5.128478358407301263e-01 3.967836633150000347e-01 3.168750103621277847e-01 2.633912474382668623e-01 2.277068362772297350e-01 2.036350927932653598e-01 1.870929300715215571e-01 1.754719402757473345e-01 1.671167435124516487e-01 1.609693658258765925e-01 1.563440463785082113e-01 1.527901631360873702e-01 1.500064742099493642e-01 1.477880322188138973e-01 1.459928520733956292e-01 1.445214119460433710e-01 1.433029015953798113e-01 1.422855262378799890e-01 1.414309457300987616e-01
6.863496924354695050e-01 5.545619569090195489e-01 4.491093272468060782e-01 3.693480765624553852e-01 3.111283606080814668e-01 2.694048908962758948e-01 2.396846578000554340e-01 2.184493950381874994e-01 2.031208105525001972e-01 1.918818449322134134e-01 1.834758746065199286e-01 1.770457305014133398e-01 1.720084572024643543e-01 1.679682060889899631e-01 1.646554766781628265e-01 1.618859180994331737e-01 1.595303052850067516e-01 1.574997524544596572e-01 1.557295404933393135e-01 1.541729852557182368e-01
1.625689917206764257e+00 1.368803515136241877e+00 1.093801111727952913e+00 8.336908283084630833e-01 6.163382171161356782e-01 4.537883309036260249e-01 3.420503969519267939e-01 2.692457596663371255e-01 2.230932935952296137e-01 1.940989706804975845e-01 1.758415382355451584e-01 1.642447788640856721e-01 1.567904334701597791e-01 1.519321047328412444e-01 1.487182953208684988e-01 1.465570447221398453e-01 1.450772226415574517e-01 1.440421566180884738e-01 1.433005078509450025e-01 1.427538677118718735e-01
2.165723511995747697e-01 1.824147572880610857e-01 1.636152486558785368e-01 1.530094515015662238e-01 1.468725107242789818e-01 1.432014313986292031e-01 1.409262226033024534e-01 1.394647227204404705e-01 1.384916438511572812e-01 1.378206924838013825e-01 1.373423619847744803e-01 1.369906488736160055e-01 1.367249064706266004e-01 1.365193785011069860e-01 1.363572568909148797e-01 1.362273381106206271e-01 1.361219083428659438e-01 1.360355865422053501e-01 1.359643225271975064e-01 1.359049572756703128e-01
2.679334781743819005e-01 2.520397343779222643e-01 2.418983113789727191e-01 2.339749484173080374e-01 2.271832264959812164e-01 2.209343255947533169e-01 2.149057708815720336e-01 2.089215360683374378e-01 2.028937762351256391e-01 1.967977541673462949e-01 1.906655622122343519e-01 1.845826319907791779e-01 1.786798572438419719e-01 1.731154242310731228e-01 1.680413078598212429e-01 1.635680378880351726e-01 1.597406028187833837e-01 1.565375801948539480e-01 1.538895380114990996e-01 1.517072002321947499e-01
2.177882415262865912e-01 1.944489428511587958e-01 1.806778616862720899e-01 1.718116749514592700e-01 1.658376801022313773e-01 1.616107387547890406e-01 1.584881179702642973e-01 1.560996604413958377e-01 1.542223801114596393e-01 1.527153209457173810e-01 1.514843485213350494e-01 1.504634913767222415e-01 1.496048979274928470e-01 1.488729562191292710e-01 1.482404348743148192e-01 1.476867811405099817e-01 1.471958278561942279e-01 1.467549857497215393e-01 1.463544345961418081e-01 1.459868534246925309e-01
2.182059790939092636e-01 2.125010386575013344e-01 2.081435670703649654e-01 2.039472384145483430e-01 1.999550127051770709e-01 1.962010925076901890e-01 1.927068268228322168e-01 1.894838297221576873e-01 1.865351549647493723e-01 1.838565493614078283e-01 1.814379405105137344e-01 1.792644994222791777e-01 1.773171679442748505e-01 1.755739687057212006e-01 1.740098457780550334e-01 1.725961890835606138e-01 1.713003915199078631e-01 1.700838677166029711e-01 1.689013683178927638e-01 1.677017198503017448e-01
