2.220463547110557434e-01 2.183235460519790672e-01 2.154620744287967793e-01 2.129675114154815641e-01 2.107962386310100467e-01 2.089062529802322432e-01 2.072557613253593334e-01 2.058050128817558166e-01 2.045182929933071214e-01 2.033644613623619146e-01 2.023168316483497653e-01 2.013527306914329462e-01 2.004527206718921539e-01 1.995995841920375768e-01 1.987779702246189051e-01 1.979731532931327809e-01 1.971704694628715615e-01 1.963548803329467907e-01 1.955102816224098261e-01 1.946192543208599135e-01
2.467310625314712569e-01 2.430163353681564220e-01 2.398299711942672718e-01 2.367484548687934787e-01 2.337551376223564181e-01 2.308480015397071927e-01 2.280349764227867226e-01 2.253298196196556191e-01 2.227480429410934326e-01 2.203033936023712225e-01 2.180062156915664739e-01 2.158623515069484633e-01 2.138732981681823742e-01 2.120373514294624229e-01 2.103499649465083998e-01 2.088046862185001240e-01 2.073941355943679787e-01 2.061099779605865545e-01 2.049436351656913624e-01 2.038861797749996208e-01
2.471189767122268788e-01 2.415960031747818038e-01 2.366161826252937417e-01 2.319033464789390653e-01 2.275304052233695917e-01 2.235395970940589894e-01 2.199412679672241300e-01 2.167212209105491560e-01 2.138506957888603177e-01 2.112941810488701000e-01 2.090153566002845853e-01 2.069802826642990201e-01 2.051584309339523349e-01 2.035228845477104198e-01 2.020501551032066467e-01 2.007195910811424289e-01 1.995126500725746266e-01 1.984131222963333163e-01 1.974066008627414770e-01 1.964803595840931005e-01
2.371920436620712225e-01 2.329869523644447216e-01 2.293910607695579529e-01 2.259411358833313122e-01 2.225689911842346214e-01 2.192621725797653243e-01 2.160570499300956682e-01 2.130071452260017262e-01 2.101577016711234924e-01 2.075352206826210077e-01 2.051474466919898931e-01 2.029884448647499007e-01 2.010437005758285434e-01 1.992948883771896440e-01 1.977227252721786566e-01 1.963085712492466106e-01 1.950352473556995481e-01 1.938870567083358643e-01 1.928500299155712083e-01 1.919116370379924663e-01
2.377002781629562467e-01 2.345410796999931324e-01 2.319143474102020319e-01 2.293861272931098927e-01 2.269309014081954956e-01 2.245348393917083740e-01 2.221932849287986678e-01 2.199088937044143544e-01 2.176898649334907399e-01 2.155482584238052335e-01 2.134981665015220631e-01 2.115534555912017833e-01 2.097263294458389382e-01 2.080255192518234153e-01 2.064557051658630349e-01 2.050172850489616339e-01 2.037066903710365307e-01 2.025170889496803184e-01 2.014391288161277715e-01 2.004618608951568570e-01
2.576906868815422302e-01 2.519559854269027843e-01 2.467301079630851712e-01 2.417564940452575639e-01 2.370955145359039395e-01 2.327814894914627120e-01 2.288268315792083840e-01 2.252257713675498985e-01 2.219582217931747314e-01 2.189941963553428683e-01 2.162973573803901595e-01 2.138279944658279530e-01 2.115461125969886891e-01 2.094135263562202365e-01 2.073958024382591137e-01 2.054644039273262057e-01 2.035981276631355363e-01 2.017842377722263436e-01 2.000185121595859650e-01 1.983045575022697460e-01
2.696531075239181341e-01 2.667103898525238215e-01 2.642281430959701471e-01 2.618675205111503645e-01 2.595817229151725636e-01 2.573368036746978560e-01 2.551123142242431863e-01 2.529000085592270075e-01 2.507008993625640669e-01 2.485208666324615345e-01 2.463659629225730952e-01 2.442398506402969349e-01 2.421418467164039579e-01 2.400671547651290760e-01 2.380065366625785939e-01 2.359460690617561363e-01 2.338668546080589217e-01 2.317453995347023010e-01 2.295564118027687006e-01 2.272773092985153065e-01
2.719448566436767356e-01 2.663134136795997642e-01 2.612608036398887390e-01 2.563977995514869490e-01 2.517631617188453852e-01 2.473840695619583252e-01 2.432737189531326283e-01 2.394349446892738431e-01 2.358671623468399092e-01 2.325689768791198708e-01 2.295334491133689814e-01 2.267445576190948442e-01 2.241778886318206709e-01 2.218031379580497620e-01 2.195881742238998402e-01 2.175010508298873824e-01 2.155128625035286072e-01 2.135981211066245999e-01 2.117360046505928073e-01 2.099098080396652188e-01
2.353014624118804909e-01 2.321352890133857594e-01 2.298905029892921448e-01 2.280141213536262534e-01 2.264239746332168679e-01 2.250532886385917530e-01 2.238493797183036815e-01 2.227709576487541254e-01 2.217856124043464661e-01 2.208676940202712879e-01 2.199966323375701915e-01 2.191559112071991000e-01 2.183319315314292963e-01 2.175136455893516563e-01 2.166919711232185297e-01 2.158595487475395147e-01 2.150107514858245750e-01 2.141415935754776012e-01 2.132496610283851624e-01 2.123343181610107544e-01
2.371588456630706887e-01 2.331607317924499490e-01 2.297675505280494801e-01 2.264982271194458108e-01 2.233459565043449391e-01 2.203291270136833180e-01 2.174694624543190014e-01 2.147818818688392584e-01 2.122730296850204590e-01 2.099424007534980707e-01 2.077841606736183233e-01 2.057888254523277394e-01 2.039454521238803775e-01 2.022420968115329620e-01 2.006670954823494002e-01 1.992090408504009202e-01 1.978566253185272128e-01 1.965996715426444885e-01 1.954281525313854295e-01 1.943329712748527449e-01
2.472508201003074668e-01 2.419700253009796076e-01 2.374771419167518716e-01 2.334104642271995489e-01 2.297030803561210532e-01 2.263046947121620245e-01 2.231878751516342130e-01 2.203388032317161460e-01 2.177475178241729814e-01 2.154032716155052096e-01 2.132924371957778953e-01 2.113986968994140681e-01 2.097033482789993353e-01 2.081863525509834167e-01 2.068273818492889493e-01 2.056064409017562822e-01 2.045047146081924450e-01 2.035046538710594266e-01 2.025907364487647966e-01 2.017491099238395702e-01
2.656564071774482616e-01 2.603071504831314109e-01 2.552989006042480358e-01 2.503807055950164617e-01 2.456434488296508900e-01 2.411736056208610424e-01 2.370298165082931618e-01 2.332384055852889937e-01 2.297985959053039651e-01 2.266908198595047053e-01 2.238835322856903010e-01 2.213388624787330505e-01 2.190167707204818681e-01 2.168774747848510875e-01 2.148833742737770169e-01 2.130003371834754966e-01 2.111983647942543008e-01 2.094521132111549500e-01 2.077412417531013522e-01 2.060503083467483398e-01
2.510181567072868325e-01 2.489748302102088862e-01 2.469680351018905540e-01 2.446432003378868070e-01 2.419841051101684626e-01 2.390518376231193509e-01 2.359752056002616949e-01 2.329114526510238647e-01 2.299986615777015742e-01 2.273254683613777083e-01 2.249267762899398726e-01 2.227964442968368430e-01 2.209045034646987815e-01 2.192122054100036632e-01 2.176809865236282449e-01 2.162771812081336897e-01 2.149734169244766346e-01 2.137482331693172366e-01 2.125853428244590670e-01 2.114724613726139124e-01
2.522522300481796487e-01 2.496736359596252453e-01 2.476738038659095642e-01 2.457670682668685880e-01 2.439152592420578136e-01 2.420896121859550387e-01 2.402706342935562178e-01 2.384485718607902427e-01 2.366225108504295405e-01 2.347988051176071178e-01 2.329874768853187617e-01 2.311986863613128551e-01 2.294409170746803395e-01 2.277196031808853272e-01 2.260377317667007502e-01 2.243968001008033730e-01 2.227981111407280057e-01 2.212430313229560852e-01 2.197333225607872031e-01 2.182705828547477633e-01
2.763122248649597101e-01 2.696683120727538796e-01 2.639413407444953785e-01 2.586467033624649248e-01 2.537519949674606479e-01 2.492160013318061862e-01 2.449979588389396556e-01 2.410650461912155207e-01 2.373970437049865712e-01 2.339845898747444086e-01 2.308234912157058616e-01 2.279093617200851352e-01 2.252337396144866999e-01 2.227832996845245384e-01 2.205405455827713079e-01 2.184855040907859869e-01 2.165971580147743325e-01 2.148550781607627969e-01 2.132399636507034402e-01 2.117342898249626182e-01
2.769287887215614585e-01 2.691678726673126243e-01 2.625059670209884399e-01 2.564294987916946322e-01 2.509309068322181924e-01 2.459878000617027327e-01 2.415659141540527355e-01 2.376210927963256780e-01 2.341031283140182495e-01 2.309605529904365517e-01 2.281448137760162254e-01 2.256123083829879861e-01 2.233249387145042342e-01 2.212504637241363425e-01 2.193617108464241128e-01 2.176360058784484741e-01 2.160542964935302790e-01 2.146002078056335471e-01 2.132596310973167431e-01 2.120197537541389510e-01
2.597046691179275557e-01 2.538919860124588257e-01 2.484423545002937272e-01 2.429832205176353510e-01 2.376260328292846558e-01 2.324740153551101696e-01 2.275987008213996854e-01 2.230367654561996593e-01 2.187972602248191845e-01 2.148709821701049738e-01 2.112392672896385160e-01 2.078791832923889138e-01 2.047664782404899630e-01 2.018772001564502760e-01 1.991891939938068290e-01 1.966828677058219954e-01 1.943413351476192541e-01 1.921505863964557692e-01 1.900986969470977728e-01 1.881758098304271709e-01
2.719902554154395857e-01 2.657267105579376176e-01 2.594556742906570235e-01 2.527682161331176736e-01 2.458733022212982178e-01 2.391122558712959201e-01 2.328148084878921553e-01 2.271829950809478860e-01 2.222760084271430958e-01 2.180590727925300620e-01 2.144558966159820501e-01 2.113815185427665722e-01 2.087568274140357838e-01 2.065129174292087422e-01 2.045910990238189731e-01 2.029419963061809551e-01 2.015238419175147955e-01 2.003015363216400224e-01 1.992452403903007541e-01 1.983295731246471350e-01
2.399487635493278426e-01 2.374667197465896717e-01 2.353716537356376759e-01 2.333175438642501875e-01 2.312306821346283014e-01 2.290713417530059748e-01 2.268261173367500383e-01 2.245014348626136746e-01 2.221181493997573808e-01 2.197067716717719943e-01 2.173025646805763211e-01 2.149396562576293968e-01 2.126449322700500466e-01 2.104332843422889732e-01 2.083065930008888289e-01 2.062568548321724038e-01 2.042723265290260215e-01 2.023441231250762973e-01 2.004708737134933416e-01 1.986601322889328114e-01
2.193561902642250094e-01 2.162289255857467729e-01 2.138898819684982300e-01 2.118093028664588817e-01 2.099469664692878712e-01 2.082729533314705006e-01 2.067617738246917691e-01 2.053907470405101909e-01 2.041396710276603688e-01 2.029906536638736714e-01 2.019284440577030215e-01 2.009400355815887385e-01 2.000148157775402114e-01 1.991440916061401334e-01 1.983210790157318160e-01 1.975404916703701053e-01 1.967983472347259455e-01 1.960914976894855555e-01 1.954178810119628906e-01 1.947756893932819366e-01
2.541964191198349265e-01 2.501830056309700123e-01 2.469034346938133173e-01 2.437289574742317333e-01 2.404197442531585682e-01 2.367882734537124501e-01 2.327231371402740390e-01 2.282310739159583990e-01 2.234469953179359369e-01 2.185911649465560880e-01 2.138956141471862749e-01 2.095449641346931458e-01 2.056495162844657887e-01 2.022468513250350874e-01 1.993190303444862255e-01 1.968157239258289393e-01 1.946738377213478033e-01 1.928307627141475633e-01 1.912314644455909707e-01 1.898300196230411629e-01
2.383567315340042181e-01 2.312343513965606778e-01 2.247818917036056574e-01 2.187130013108253557e-01 2.131793767213821522e-01 2.082858315110206471e-01 2.040605881810188260e-01 2.004636245965957519e-01 1.974146088957786649e-01 1.948204346001148335e-01 1.925934754312038366e-01 1.906595036387443431e-01 1.889595492184162062e-01 1.874482479691505499e-01 1.860916434228420124e-01 1.848641376197338038e-01 1.837465144693851415e-01 1.827240329980850120e-01 1.817851564288139321e-01 1.809206998348236173e-01
2.580258864164352572e-01 2.523851144313812300e-01 2.478369170427322521e-01 2.437007653713226252e-01 2.399358564615249600e-01 2.364965800940990459e-01 2.333375738561153379e-01 2.304177120327949579e-01 2.277017433941364299e-01 2.251610535383224421e-01 2.227731707692146290e-01 2.205206300318241219e-01 2.183899775147438160e-01 2.163711091876029946e-01 2.144558480381965615e-01 2.126376205682754539e-01 2.109106446802616053e-01 2.092699031531810860e-01 2.077105847001075867e-01 2.062285600602626889e-01
2.427763020992279031e-01 2.350767958164215188e-01 2.287365275621414118e-01 2.231327837705612271e-01 2.182321748137474038e-01 2.139655402302741982e-01 2.102475640177726701e-01 2.069930306077003568e-01 2.041275414824485768e-01 2.015895274281501726e-01 1.993289783596992604e-01 1.973049831390380759e-01 1.954835757613181957e-01 1.938360999524593453e-01 1.923389613628387340e-01 1.909722182154655334e-01 1.897194528579712047e-01 1.885666690766811260e-01 1.875025634467601676e-01 1.865172709524631489e-01
2.321086257696151622e-01 2.282428875565528925e-01 2.248633107542991616e-01 2.217616845667362280e-01 2.188882039487362041e-01 2.161942668259143885e-01 2.136300699412822801e-01 2.111446672677993741e-01 2.086882209777831954e-01 2.062172038853168354e-01 2.037015412747859855e-01 2.011323589086532471e-01 1.985278420150279888e-01 1.959329135715961456e-01 1.934106396138668138e-01 1.910273045301437433e-01 1.888363230228423950e-01 1.868682633340358612e-01 1.851297473907470570e-01 1.836088557541370458e-01
2.453882661461830039e-01 2.433172443509101779e-01 2.417326533794403043e-01 2.401986172795295693e-01 2.386424475908279497e-01 2.370128211379051164e-01 2.352787768840789717e-01 2.334293448925018333e-01 2.314710560441017029e-01 2.294244354963302646e-01 2.273190051317214855e-01 2.251882913708686818e-01 2.230645939707756042e-01 2.209757316112518355e-01 2.189433145523071167e-01 2.169815304875373774e-01 2.150982922315597401e-01 2.132960915565490778e-01 2.115732496976852339e-01 2.099252638220787115e-01
2.508871442079543823e-01 2.465966710448265209e-01 2.430065485835075367e-01 2.395544585585594188e-01 2.362622755765914906e-01 2.331610921025276117e-01 2.302809464931488137e-01 2.276433858275413447e-01 2.252566623687744241e-01 2.231164005398750261e-01 2.212079629302024786e-01 2.195101350545883290e-01 2.179984977841377125e-01 2.166476818919181868e-01 2.154333281517028797e-01 2.143328312039375350e-01 2.133259966969490162e-01 2.123951083421707076e-01 2.115249127149581854e-01 2.107024049758911000e-01
2.498905834555625871e-01 2.455166253447532698e-01 2.417064085602760315e-01 2.381369438767433067e-01 2.347749921679496699e-01 2.315775352716445967e-01 2.285016170144081038e-01 2.255201706290245189e-01 2.226348179578781228e-01 2.198734247684478726e-01 2.172748732566833485e-01 2.148748716711997853e-01 2.126988428831100564e-01 2.107585218548774786e-01 2.090511471033096313e-01 2.075607138872146706e-01 2.062611368298530590e-01 2.051215550303459034e-01 2.041117395460605721e-01 2.032051917910575878e-01
2.398714128136634760e-01 2.373098370432853710e-01 2.352152335643768188e-01 2.331255832314491350e-01 2.310322192311286826e-01 2.289346110820770219e-01 2.268366649746894892e-01 2.247459506988525313e-01 2.226732277870178134e-01 2.206307619810104481e-01 2.186313980817794766e-01 2.166869860887527532e-01 2.148078319430351268e-01 2.130023318529128962e-01 2.112766075134277222e-01 2.096342867612838723e-01 2.080764454603195313e-01 2.066015064716339167e-01 2.052061471343040455e-01 2.038858008384704656e-01
2.502576312422752358e-01 2.468687045574188277e-01 2.440747725963592629e-01 2.414478516578674183e-01 2.389731204509735196e-01 2.366438007354736417e-01 2.344538038969039839e-01 2.323911103606224049e-01 2.304341152310371288e-01 2.285509943962097112e-01 2.267028194665908769e-01 2.248476320505142234e-01 2.229458552598953258e-01 2.209645679593086331e-01 2.188816878199577320e-01 2.166894045472144981e-01 2.143955984711647111e-01 2.120239967107772905e-01 2.096109354496002164e-01 2.071998903155326810e-01
2.467947876453399636e-01 2.407133269309997547e-01 2.356039199233055104e-01 2.310296368598938055e-01 2.269621956348419067e-01 2.233582973480224554e-01 2.201726853847503773e-01 2.173581439256667969e-01 2.148646193742752009e-01 2.126421353220939725e-01 2.106445673108100769e-01 2.088323327898979065e-01 2.071730822324752697e-01 2.056408983469009411e-01 2.042146596312522933e-01 2.028769201040268033e-01 2.016137191653251670e-01 2.004133495688438515e-01 1.992667821049690369e-01 1.981667265295982416e-01
2.525634232163429527e-01 2.460028073191642684e-01 2.406805241107940752e-01 2.360058969259262174e-01 2.318172040581703286e-01 2.280063331127166748e-01 2.245076718926429793e-01 2.212819412350654491e-01 2.183035150170326288e-01 2.155527344346046537e-01 2.130120518803596541e-01 2.106651133298873824e-01 2.084964799880981434e-01 2.064920228719711315e-01 2.046391105651855502e-01 2.029263904690742359e-01 2.013439452648162764e-01 1.998824197053909180e-01 1.985334002971649303e-01 1.972887770831585064e-01
2.331783315539359969e-01 2.306426620483398304e-01 2.285667407512664839e-01 2.266057994961738487e-01 2.247366097569465648e-01 2.229441258311271601e-01 2.212189719080925043e-01 2.195563924312591564e-01 2.179550805687904269e-01 2.164160597324371327e-01 2.149414148926734880e-01 2.135331168770790156e-01 2.121925970911979764e-01 2.109202095866203330e-01 2.097150652110576496e-01 2.085752883553504966e-01 2.074977746605873030e-01 2.064787967503070865e-01 2.055138415098190230e-01 2.045981995761394501e-01
2.520508831739425859e-01 2.484598806500434853e-01 2.455234274268150441e-01 2.428690385818481345e-01 2.404805856943130482e-01 2.383422210812568554e-01 2.364350119233131486e-01 2.347365233302116383e-01 2.332210272550582775e-01 2.318602547049522511e-01 2.306247267127037037e-01 2.294855815172195390e-01 2.284162113070488109e-01 2.273928737640380782e-01 2.263949415087699868e-01 2.254044532775879017e-01 2.244059380888938915e-01 2.233860486745834484e-01 2.223338037729263306e-01 2.212404277920722862e-01
2.376212269067764227e-01 2.342638316750526306e-01 2.315232634544372448e-01 2.289872676134109553e-01 2.265058162808418207e-01 2.239508923888206549e-01 2.212158259749412437e-01 2.182260331511497453e-01 2.149527850747108559e-01 2.114253887534141563e-01 2.077308699488639721e-01 2.039973077178001415e-01 2.003648951649665833e-01 1.969551989436149619e-01 1.938481226563453785e-01 1.910757690668106190e-01 1.886317980289459184e-01 1.864869557321071625e-01 1.846025387942790974e-01 1.829384675621986422e-01
2.694271105527877852e-01 2.624065139889716902e-01 2.566436332464218095e-01 2.516997095942496987e-01 2.474855923652649059e-01 2.438731026649475220e-01 2.407357674837112549e-01 2.379655003547668513e-01 2.354766738414764415e-01 2.332049715518951516e-01 2.311040243506431446e-01 2.291422882676124595e-01 2.272998130321502719e-01 2.255647373199462791e-01 2.239308893680572454e-01 2.223949998617172352e-01 2.209549278020858654e-01 2.196080237627029419e-01 2.183510655164718761e-01 2.171794325113296509e-01
2.545477604866027699e-01 2.495442485809326039e-01 2.454241961240768433e-01 2.416164889931678716e-01 2.380785742402076743e-01 2.347966182231903121e-01 2.317710721492767245e-01 2.290050789713859447e-01 2.264968228340148992e-01 2.242367491126060486e-01 2.222081559896469105e-01 2.203894487023353443e-01 2.187566241621970997e-01 2.172854247689247065e-01 2.159527087211609020e-01 2.147377088665962108e-01 2.136220119893550984e-01 2.125899536907672749e-01 2.116281165182590518e-01 2.107253067195415386e-01
2.656301650404930270e-01 2.593048262596130416e-01 2.541598635911941351e-01 2.494769689440727301e-01 2.451896452903747636e-01 2.412378019094467141e-01 2.375751358270645208e-01 2.341723018884658836e-01 2.310155391693115290e-01 2.281007564067840665e-01 2.254246699810028010e-01 2.229791209101676941e-01 2.207492440938949585e-01 2.187144169211387712e-01 2.168510958552360424e-01 2.151351696252822854e-01 2.135441541671752874e-01 2.120579591393470797e-01 2.106598740816116311e-01 2.093362826108932373e-01
2.494367444515228349e-01 2.443866786360740784e-01 2.400793728232383795e-01 2.361488109827041548e-01 2.325452983379364125e-01 2.292203953862190224e-01 2.261369875073432900e-01 2.232711425423622165e-01 2.206061109900474548e-01 2.181280997395515509e-01 2.158240202069282576e-01 2.136817952990531788e-01 2.116906917095184304e-01 2.098424753546714872e-01 2.081306773424148604e-01 2.065492518246173914e-01 2.050917620956897724e-01 2.037500177323818273e-01 2.025147955119609711e-01 2.013761930167675129e-01
2.398634693026542586e-01 2.370788136124610812e-01 2.348616671562194780e-01 2.326984867453575079e-01 2.305855873227119490e-01 2.285179421305656433e-01 2.264887684583664074e-01 2.244919398427009660e-01 2.225236861407756672e-01 2.205835752189159449e-01 2.186741349101066489e-01 2.168004065752029419e-01 2.149685901403427246e-01 2.131845684349537029e-01 2.114533513784408458e-01 2.097784323990344868e-01 2.081625300645828236e-01 2.066075293719768502e-01 2.051148341596126523e-01 2.036855097115039814e-01
2.770537382364273160e-01 2.697872102260589489e-01 2.634821474552154763e-01 2.576695203781128041e-01 2.523623269796371194e-01 2.475494027137756237e-01 2.432064697146415766e-01 2.393001428246498141e-01 2.357913359999656566e-01 2.326389893889427296e-01 2.298022615909576516e-01 2.272422555088996765e-01 2.249237707257270846e-01 2.228151932358741760e-01 2.208894878625869695e-01 2.191232690215110801e-01 2.174972221255302429e-01 2.159950119256973389e-01 2.146032848954200767e-01 2.133108767867088196e-01
2.525192624330520608e-01 2.462666034698486328e-01 2.405181437730789240e-01 2.350961041450500555e-01 2.301495501399040133e-01 2.257641148567199607e-01 2.219598546624183544e-01 2.187059256434440713e-01 2.159417879581451427e-01 2.135953220725059498e-01 2.115953671932220559e-01 2.098785585165023893e-01 2.083921390771865945e-01 2.070935690402984641e-01 2.059495076537132263e-01 2.049341058731078968e-01 2.040269872546195962e-01 2.032120561599731479e-01 2.024765619635582048e-01 2.018102538585662964e-01
2.664827510714530834e-01 2.609107941389083862e-01 2.557580319046974249e-01 2.507661047577858238e-01 2.459344220161437944e-01 2.412683212757110729e-01 2.367828407883644237e-01 2.325009614229202326e-01 2.284505599737167436e-01 2.246590098738670271e-01 2.211472392082214355e-01 2.179256045818328824e-01 2.149929210543632396e-01 2.123377242684364452e-01 2.099411082267761131e-01 2.077798780798912059e-01 2.058291980624198936e-01 2.040646141767501753e-01 2.024629560112953253e-01 2.010033196210861128e-01
2.621297034621238864e-01 2.568943506479263172e-01 2.522788935899734630e-01 2.479469722509384244e-01 2.439248928427696361e-01 2.402116572856902998e-01 2.367904740571975808e-01 2.336365634202957065e-01 2.307228952646255549e-01 2.280237832665443498e-01 2.255158242583274741e-01 2.231791466474533081e-01 2.209969323873519909e-01 2.189555338025093167e-01 2.170434018969535916e-01 2.152507956326007721e-01 2.135684143006801594e-01 2.119873823225498222e-01 2.104986739158630493e-01 2.090932378172874473e-01
2.584534943103790061e-01 2.519692718982696755e-01 2.461962249875068731e-01 2.407048130035400468e-01 2.355129677057266335e-01 2.306440252065658503e-01 2.261142855882644631e-01 2.219250908493995700e-01 2.180635765194892939e-01 2.145088750123977650e-01 2.112403178215026822e-01 2.082426884770393338e-01 2.055060946941375810e-01 2.030226400494575534e-01 2.007833598554134291e-01 1.987761369347572360e-01 1.969857300817966506e-01 1.953943265974521504e-01 1.939830115437507496e-01 1.927322909235954229e-01
2.482733827829360918e-01 2.439493593573570374e-01 2.398130246996879600e-01 2.356312704086303833e-01 2.314566349983215310e-01 2.274073952436447277e-01 2.236151421070098899e-01 2.201731982827186684e-01 2.171151331067085188e-01 2.144231730699539262e-01 2.120496290922165017e-01 2.099366188049316406e-01 2.080290472507476673e-01 2.062805637717247120e-01 2.046556395292282171e-01 2.031289315223693825e-01 2.016832876205444380e-01 2.003079551458358809e-01 1.989964097738265991e-01 1.977449634671211154e-01
2.639539045095443681e-01 2.590674200654030090e-01 2.547444820404052845e-01 2.505119335651397883e-01 2.464338746666908386e-01 2.425699052214622398e-01 2.389652386307716259e-01 2.356450897455215354e-01 2.326135247945785578e-01 2.298570120334625377e-01 2.273493778705596990e-01 2.250573205947875854e-01 2.229452112317085177e-01 2.209796708822250322e-01 2.191325560212135370e-01 2.173829376697540283e-01 2.157175885140895921e-01 2.141298414766788505e-01 2.126177395880222420e-01 2.111819261312484763e-01
2.360414722561836320e-01 2.323470652103424017e-01 2.293733054399490490e-01 2.267005124688148410e-01 2.242722457647323697e-01 2.220333880186080855e-01 2.199326816201210011e-01 2.179263308644294739e-01 2.159810486435890242e-01 2.140752527117729120e-01 2.121983683109283370e-01 2.103475174307823103e-01 2.085246348381042392e-01 2.067334036529064056e-01 2.049773760139942114e-01 2.032595451176166523e-01 2.015815517306327742e-01 1.999444045126438085e-01 1.983485585451126021e-01 1.967944659292698018e-01
2.393264916539192266e-01 2.344729200005531422e-01 2.304328504204750105e-01 2.268209648132324119e-01 2.235433906316757202e-01 2.205500373244285717e-01 2.178161275386810425e-01 2.153031957149505737e-01 2.129548883438110440e-01 2.107111147046089039e-01 2.085213077068328869e-01 2.063511571288108859e-01 2.041839042305946261e-01 2.020177704095840465e-01 1.998614215850830211e-01 1.977295294404029791e-01 1.956390339136123702e-01 1.936061888933181818e-01 1.916451518237590745e-01 1.897673167288303486e-01
2.442685359716415539e-01 2.396799337863922130e-01 2.356624507904052646e-01 2.319041299819946389e-01 2.284031489491462619e-01 2.251497730612754822e-01 2.221265745162963878e-01 2.193110668659210283e-01 2.166783112287521407e-01 2.142036131024360746e-01 2.118664664030075195e-01 2.096523758769035239e-01 2.075547537207603488e-01 2.055735366046428647e-01 2.037133932113647516e-01 2.019800046086311363e-01 2.003772193193435747e-01 1.989056238532066478e-01 1.975622129440307573e-01 1.963404934108257394e-01
