2.356963866949081388e-01 2.318277388811111339e-01 2.283301743865013000e-01 2.249979433417320374e-01 2.218623870611190763e-01 2.189505320787429876e-01 2.162801271677017301e-01 2.138581424951553345e-01 2.116813513636588984e-01 2.097387132048606773e-01 2.080131879448890719e-01 2.064846658706664950e-01 2.051317515969276473e-01 2.039331018924713246e-01 2.028685534000396751e-01 2.019197337329387554e-01 2.010703578591346852e-01 2.003060863912105583e-01 1.996145120263099759e-01 1.989852192997932367e-01
2.387418353557586581e-01 2.347712939977645852e-01 2.313442549109459012e-01 2.281754007935523909e-01 2.252626973390579324e-01 2.225989392399787825e-01 2.201737454533576888e-01 2.179744222760200412e-01 2.159868511557579140e-01 2.141959793865680639e-01 2.125862196087837108e-01 2.111418144404888231e-01 2.098475022614002261e-01 2.086886002123355954e-01 2.076512512564659130e-01 2.067225778102874667e-01 2.058907340466976099e-01 2.051448953151703003e-01 2.044752795994281835e-01 2.038730657100677468e-01
2.573657020926475303e-01 2.547942584753036255e-01 2.523794752359390103e-01 2.499697127938270702e-01 2.475471830368042025e-01 2.450945726037025429e-01 2.425954616069793679e-01 2.400369051098823481e-01 2.374123778939247198e-01 2.347232687473297108e-01 2.319799762964248613e-01 2.292011874914169356e-01 2.264126697182655412e-01 2.236452561616897594e-01 2.209321105480194225e-01 2.183056950569152721e-01 2.157946044206619229e-01 2.134216552972793557e-01 2.112024950981140070e-01 2.091454923152923639e-01
2.261936673521995622e-01 2.222244194149970986e-01 2.187966382503509499e-01 2.156497120857238659e-01 2.127850112318992737e-01 2.101939579844474826e-01 2.078612151741981440e-01 2.057672154903411876e-01 2.038902221620082778e-01 2.022083617746829876e-01 2.007005250453949008e-01 1.993470548093319028e-01 1.981304110586643297e-01 1.970348924398422352e-01 1.960467490553855774e-01 1.951539330184459686e-01 1.943460370600223475e-01 1.936138610541820460e-01 1.929494108259677820e-01 1.923457673192024153e-01
2.407174172997474659e-01 2.371016985177993863e-01 2.341573610901832581e-01 2.315283292531967185e-01 2.291841751337051480e-01 2.270908969640731689e-01 2.252139243483543274e-01 2.235207298398017850e-01 2.219821467995643505e-01 2.205735430121421869e-01 2.192746689915656966e-01 2.180692231655120827e-01 2.169442248344421453e-01 2.158893880248069774e-01 2.148964127898216336e-01 2.139584642648696966e-01 2.130697610974311706e-01 2.122255462408065840e-01 2.114216917753219682e-01 2.106544935703277555e-01
2.209491983056068309e-01 2.190694764256477245e-01 2.175179487466812056e-01 2.159616547822952315e-01 2.144191402196884144e-01 2.129099401831626992e-01 2.114512364566326075e-01 2.100568081438541346e-01 2.087368422746658236e-01 2.074977907538413935e-01 2.063427938520908389e-01 2.052720884978771199e-01 2.042836207151413064e-01 2.033738657832145635e-01 2.025380356609821353e-01 2.017706944048404671e-01 2.010660594701766946e-01 2.004184189438819874e-01 1.998220928013324793e-01 1.992718066275119826e-01
2.994243964552879556e-01 2.913535246253013411e-01 2.839484339952468850e-01 2.769624876976013450e-01 2.704699814319610485e-01 2.645037499070167497e-01 2.590661898255348095e-01 2.541359987854957536e-01 2.496751809120178189e-01 2.456369018554687422e-01 2.419724893569946411e-01 2.386351287364959772e-01 2.355833026766777083e-01 2.327811175584793002e-01 2.301992428302764848e-01 2.278132614493370012e-01 2.256036981940269526e-01 2.235544696450233459e-01 2.216522154211998108e-01 2.198858156800270192e-01
2.416484963893890392e-01 2.379245507717132613e-01 2.349085077643394415e-01 2.321523624658584639e-01 2.296049892902374268e-01 2.272380799055099543e-01 2.250344860553741555e-01 2.229819336533546414e-01 2.210705667734146063e-01 2.192913541197776817e-01 2.176358212530613012e-01 2.160953626036644093e-01 2.146616066992282912e-01 2.133263187110424064e-01 2.120814000070095073e-01 2.109191499650478474e-01 2.098324637115001612e-01 2.088146191835403565e-01 2.078594955801963684e-01 2.069617626070976157e-01
2.979447251558303700e-01 2.914812958240509122e-01 2.852618068456649891e-01 2.789068284630775718e-01 2.723514360189437933e-01 2.656020873785018832e-01 2.587714883685112155e-01 2.520402848720550426e-01 2.455888289213180586e-01 2.395515972375869829e-01 2.340052849054336526e-01 2.289780545234680054e-01 2.244643804430961620e-01 2.204381376504898071e-01 2.168628117442130965e-01 2.136973127722740229e-01 2.108998554944992165e-01 2.084301510453224204e-01 2.062503108382225114e-01 2.043259018659591697e-01
2.433770129084587008e-01 2.407712325453758295e-01 2.383555367588996998e-01 2.359791436791419950e-01 2.336019375920295738e-01 2.311878374218940824e-01 2.287136757373809948e-01 2.261710941791534313e-01 2.235738399624824513e-01 2.209604933857917675e-01 2.183875662088394232e-01 2.159164491295814392e-01 2.136002555489540100e-01 2.114758694171905429e-01 2.095617121458053511e-01 2.078601679205894504e-01 2.063614998757839214e-01 2.050490622222423676e-01 2.039023604989051719e-01 2.029002900421619515e-01
2.494004476070404153e-01 2.481004831194877636e-01 2.468973833322525013e-01 2.455997696518897877e-01 2.442024257779121521e-01 2.427074980735778875e-01 2.411233565211295948e-01 2.394629904627799954e-01 2.377427884936332836e-01 2.359807485342025890e-01 2.341950580477714650e-01 2.324032247066497858e-01 2.306211826205253612e-01 2.288630506396293618e-01 2.271408537030220054e-01 2.254645550251007102e-01 2.238421317934989885e-01 2.222799071669578630e-01 2.207824537158012412e-01 2.193532645702362116e-01
2.286188182234764055e-01 2.269438433647155695e-01 2.252017518877983127e-01 2.233343866467475958e-01 2.213499289751052757e-01 2.192649272084236101e-01 2.171048364043235701e-01 2.149016657471656822e-01 2.126912972331047036e-01 2.105102545022964344e-01 2.083932721614837613e-01 2.063708937168121371e-01 2.044675374031066917e-01 2.027005049586295959e-01 2.010798969864845409e-01 1.996087959408759938e-01 1.982848533987998929e-01 1.971013915538787908e-01 1.960490587353706238e-01 1.951167953014373846e-01
2.477285775542259205e-01 2.458869558572769065e-01 2.441402834653854381e-01 2.423389673233032338e-01 2.404299932718277077e-01 2.383880171179771357e-01 2.362134498357772727e-01 2.339307296276092463e-01 2.315823581814765997e-01 2.292206051945686329e-01 2.268982481956481889e-01 2.246614453196525696e-01 2.225459262728691212e-01 2.205761775374412426e-01 2.187660971283912625e-01 2.171211123466491588e-01 2.156397512555122409e-01 2.143156993389129517e-01 2.131388720870018016e-01 2.120973032712936412e-01
2.412722727656364530e-01 2.380925130844116222e-01 2.353645598888397250e-01 2.327947643399238542e-01 2.303722503781318598e-01 2.280923709273338373e-01 2.259551998972892661e-01 2.239627009630203169e-01 2.221162003278732422e-01 2.204143556952476435e-01 2.188526645302772411e-01 2.174238964915275463e-01 2.161192271113395735e-01 2.149296334385871754e-01 2.138462239503860496e-01 2.128609317541122481e-01 2.119660317897796575e-01 2.111541780829429560e-01 2.104183958470821347e-01 2.097516059875488281e-01
2.589413174986839317e-01 2.553181907534599060e-01 2.519381996989250028e-01 2.486033660173416204e-01 2.453166887164116017e-01 2.420763215422630232e-01 2.388824510574340809e-01 2.357413700222968922e-01 2.326686945557594199e-01 2.296896380186080888e-01 2.268350616097450367e-01 2.241358244419097978e-01 2.216169810295104958e-01 2.192944177985191312e-01 2.171742239594459667e-01 2.152538967132568426e-01 2.135245192050933827e-01 2.119729217886924810e-01 2.105838069319725114e-01 2.093410971760749917e-01
2.289921823143959145e-01 2.263595753908157482e-01 2.243393957614898682e-01 2.225391606986522608e-01 2.209327945113181979e-01 2.194962649047374759e-01 2.182069186866283372e-01 2.170443345606327123e-01 2.159902171790599734e-01 2.150286871194839466e-01 2.141459085047245081e-01 2.133302891254424960e-01 2.125717118382453863e-01 2.118616922199726138e-01 2.111930781602859575e-01 2.105598288774490345e-01 2.099568165838718303e-01 2.093797914683818706e-01 2.088251009583473317e-01 2.082898211479186912e-01
2.484215304255485424e-01 2.457505512237548873e-01 2.435024681687354975e-01 2.414142531156539817e-01 2.394728186726570174e-01 2.376685926318168607e-01 2.359917014837265015e-01 2.344320374727249245e-01 2.329795357584953375e-01 2.316245108842849842e-01 2.303579574823379494e-01 2.291716495156288225e-01 2.280582836270332314e-01 2.270113927125930742e-01 2.260254117846488831e-01 2.250953429937362638e-01 2.242168995738029469e-01 2.233862090110778909e-01 2.225998967885970958e-01 2.218546801805496294e-01
2.534958106279373014e-01 2.516595622897148110e-01 2.499054864048957936e-01 2.480765450000762817e-01 2.461686199903488081e-01 2.441854420304298279e-01 2.421367707848548767e-01 2.400370043516159013e-01 2.379049581289291448e-01 2.357617145776748635e-01 2.336296889185905390e-01 2.315308108925819286e-01 2.294850397109985396e-01 2.275093704462051447e-01 2.256169158220291127e-01 2.238169822096824635e-01 2.221149468421936002e-01 2.205129489302635193e-01 2.190102621912956293e-01 2.176043903827667159e-01
2.996779303252696813e-01 2.897652533650398321e-01 2.810944430530071259e-01 2.734911970794201008e-01 2.669550624489784307e-01 2.614153608679771201e-01 2.567687183618545532e-01 2.528984889388084523e-01 2.496872788667678922e-01 2.470231285691261158e-01 2.448035222291946311e-01 2.429357704520225536e-01 2.413370895385742176e-01 2.399330121278762940e-01 2.386558657884597645e-01 2.374434891343116805e-01 2.362373605370521601e-01 2.349826973676681641e-01 2.336291414499282737e-01 2.321328625082969555e-01
2.305154386162757973e-01 2.268206572532653897e-01 2.237602737545967002e-01 2.209813311696052496e-01 2.184849630296230305e-01 2.162614765763282709e-01 2.142935673892497894e-01 2.125589898228645303e-01 2.110331206023693118e-01 2.096909880638122559e-01 2.085083486139774345e-01 2.074628867208957728e-01 2.065345324575900976e-01 2.057055535912513666e-01 2.049607276916503851e-01 2.042870666086673836e-01 2.036736617982387587e-01 2.031114105880260368e-01 2.025929689407348633e-01 2.021121080219745736e-01
2.613934013247489752e-01 2.565693816542625183e-01 2.528161680698394753e-01 2.497494831681251470e-01 2.472366762161254949e-01 2.451608851552009583e-01 2.434279394149780340e-01 2.419640895724296525e-01 2.407124543190002353e-01 2.396292033791541931e-01 2.386806839704513628e-01 2.378409603238105796e-01 2.370898631215095642e-01 2.364113712310791093e-01 2.357924923300743214e-01 2.352221953868866011e-01 2.346905803680419955e-01 2.341884499788284280e-01 2.337063935399055492e-01 2.332342925667762745e-01
3.417735449969768746e-01 3.344174204766750536e-01 3.278277520835399805e-01 3.216293919086456454e-01 3.156945884227752575e-01 3.098583111166954285e-01 3.039603641629218811e-01 2.978918790817260964e-01 2.916349011659622459e-01 2.852672243118286044e-01 2.789303907752037071e-01 2.727819493412971252e-01 2.669554090499877685e-01 2.615406349301337974e-01 2.565824589133262612e-01 2.520888280868530118e-01 2.480415582656860241e-01 2.444067573547363259e-01 2.411433282494545027e-01 2.382088795304298512e-01
2.329275834560394220e-01 2.318533703684806935e-01 2.309754347801208363e-01 2.301906719803810120e-01 2.294808280467987016e-01 2.288333636522293102e-01 2.282391056418418829e-01 2.276910695433616572e-01 2.271837994456291088e-01 2.267127561569213801e-01 2.262742474675178417e-01 2.258650001883506786e-01 2.254822561144828874e-01 2.251234677433967546e-01 2.247865086793899569e-01 2.244694143533706721e-01 2.241704449057579096e-01 2.238879974186420430e-01 2.236207295954227570e-01 2.233672489225864422e-01
2.503185608983040100e-01 2.460832390189170715e-01 2.428281146287918080e-01 2.400874617695808455e-01 2.377398085594177313e-01 2.356941786408424389e-01 2.338798156380653415e-01 2.322394475340843201e-01 2.307237875461578269e-01 2.292880132794380132e-01 2.278894472122192372e-01 2.264861142635345437e-01 2.250359418988227833e-01 2.234982126951217674e-01 2.218356323242187400e-01 2.200198340415954468e-01 2.180372339487075817e-01 2.158954194188117959e-01 2.136269563436508090e-01 2.112875819206237737e-01
2.444081598520279064e-01 2.424376380443573065e-01 2.404538393020629883e-01 2.383423781394958529e-01 2.360799872875213590e-01 2.336610245704650868e-01 2.310982763767242543e-01 2.284220996499061462e-01 2.256768050789833002e-01 2.229154410958290033e-01 2.201935338973999012e-01 2.175632679462432828e-01 2.150686526298523082e-01 2.127429488301277039e-01 2.106076857447624073e-01 2.086733874678611822e-01 2.069410052895545860e-01 2.054043054580688421e-01 2.040516978502273648e-01 2.028682780265808061e-01
2.041797283291816589e-01 2.028190363943576935e-01 2.018275646865367867e-01 2.009007009863853499e-01 2.000329716503620181e-01 1.992231865227222509e-01 1.984704253077506919e-01 1.977733460068702709e-01 1.971300823986530393e-01 1.965382143855095021e-01 1.959949706494808208e-01 1.954971908032894223e-01 1.950417742133140619e-01 1.946254552900791301e-01 1.942450888454914093e-01 1.938975438475608881e-01 1.935799531638622284e-01 1.932894137501716680e-01 1.930234670639038030e-01 1.927796785533428259e-01
2.527639442682266258e-01 2.489797270298004239e-01 2.455421006679534834e-01 2.421675556898117143e-01 2.389089384675026073e-01 2.358113899827003479e-01 2.329072749614715665e-01 2.302151122689247154e-01 2.277412813901901201e-01 2.254823899269103871e-01 2.234278270602226280e-01 2.215627628564834639e-01 2.198701961338520028e-01 2.183323211967945210e-01 2.169318142533302185e-01 2.156528492271900244e-01 2.144807703793048803e-01 2.134030558168888148e-01 2.124089215695857957e-01 2.114890462160110562e-01
2.637065020203590571e-01 2.596218243241310009e-01 2.560215190052986256e-01 2.527034950256347723e-01 2.496405646204948314e-01 2.467903786897659435e-01 2.441053530573844832e-01 2.415402156114578314e-01 2.390574991703033336e-01 2.366308927536010798e-01 2.342460319399833624e-01 2.319000706076622120e-01 2.295993897318840127e-01 2.273566642403602733e-01 2.251875609159469660e-01 2.231074523925781206e-01 2.211293321847915549e-01 2.192620673775672879e-01 2.175105437636375427e-01 2.158760312199592690e-01
2.627885472774505460e-01 2.606132921576500006e-01 2.584718227386474387e-01 2.562150958180427485e-01 2.537486055493354820e-01 2.509600436687469682e-01 2.477672550082206659e-01 2.441612774133682384e-01 2.402174699306487970e-01 2.360780471563339311e-01 2.319165387749672069e-01 2.278980663418769814e-01 2.241506746411323636e-01 2.207539859414100747e-01 2.177411440014839217e-01 2.151082366704940851e-01 2.128265929222107056e-01 2.108547377586364735e-01 2.091471263766288835e-01 2.076598525047302357e-01
2.585562345385551408e-01 2.538180658221244612e-01 2.495305758714675970e-01 2.452646929025650013e-01 2.411069837212562461e-01 2.371405085921287625e-01 2.334324954450130440e-01 2.300261059403419517e-01 2.269395618140697402e-01 2.241716426610946555e-01 2.217081715166568656e-01 2.195275664329528753e-01 2.176044981181621540e-01 2.159124900400638536e-01 2.144249337911605935e-01 2.131165434420108917e-01 2.119637875258922610e-01 2.109451498091220734e-01 2.100416757166385651e-01 2.092366433143615645e-01
2.445775681734085050e-01 2.425347554683685292e-01 2.406718733906745844e-01 2.387845298647880421e-01 2.368439906835556052e-01 2.348562324047088756e-01 2.328408059477806158e-01 2.308201342821121216e-01 2.288153275847434887e-01 2.268445736169815152e-01 2.249228835105895885e-01 2.230627185106277555e-01 2.212739101052284274e-01 2.195642045140266396e-01 2.179393079876899841e-01 2.164029526710510298e-01 2.149568158388137917e-01 2.136010301113128729e-01 2.123339602351188571e-01 2.111527645587921165e-01
2.876801392436027505e-01 2.816559329628944286e-01 2.765312829613685852e-01 2.719898921251296953e-01 2.680036678910255321e-01 2.645226714015007086e-01 2.614887547492981135e-01 2.588396075367927485e-01 2.565117406845092707e-01 2.544418644905090399e-01 2.525676742196082958e-01 2.508282798528671531e-01 2.491643875837326050e-01 2.475184255838394076e-01 2.458359917998313993e-01 2.440680187940597601e-01 2.421741202473640386e-01 2.401274830102920477e-01 2.379189759492874034e-01 2.355606937408447343e-01
3.462051507085561752e-01 3.314548683166503862e-01 3.185504433512687528e-01 3.073161360621452509e-01 2.977106364071369082e-01 2.895663134753704293e-01 2.826832309365272522e-01 2.768666961789131298e-01 2.719432643055915699e-01 2.677640736103057972e-01 2.642032811045646468e-01 2.611549681425094360e-01 2.585298243165016219e-01 2.562525269389152593e-01 2.542587354779243247e-01 2.524939814209938294e-01 2.509115558862686224e-01 2.494712209701538119e-01 2.481382727622985784e-01 2.468822732567787226e-01
2.351726673543453328e-01 2.320432004332542431e-01 2.296298883855342754e-01 2.273913432657718725e-01 2.253156246244907290e-01 2.233938634395599421e-01 2.216162626445293549e-01 2.199728535115718919e-01 2.184532323479652371e-01 2.170467244088649661e-01 2.157431751489639338e-01 2.145329506695270450e-01 2.134067854285240096e-01 2.123563838005065874e-01 2.113744087517261394e-01 2.104540337622165802e-01 2.095893290638923545e-01 2.087752169370651334e-01 2.080070728063583285e-01 2.072808837890625089e-01
2.491615274548530656e-01 2.458345746994018421e-01 2.428023108839988675e-01 2.397894096374511841e-01 2.368027305603027377e-01 2.338601264357566822e-01 2.309854030609130859e-01 2.282039651274681002e-01 2.255394044518470864e-01 2.230108767747878973e-01 2.206314715743064869e-01 2.184086170792579606e-01 2.163437414169311623e-01 2.144341203570366006e-01 2.126736891269683793e-01 2.110545304417610069e-01 2.095674571394920416e-01 2.082028481364250061e-01 2.069514241814613409e-01 2.058042436838150024e-01
2.434677103161811962e-01 2.399485251307487410e-01 2.362900787591934171e-01 2.324535423517227195e-01 2.286313921213150024e-01 2.249827203154563804e-01 2.216125285625457630e-01 2.185713014006614718e-01 2.158672761917114213e-01 2.134829017519950800e-01 2.113878551125526473e-01 2.095475122332572937e-01 2.079281452298164246e-01 2.064990007877349765e-01 2.052333547174930439e-01 2.041083875298499994e-01 2.031046375632286072e-01 2.022058889269828796e-01 2.013984261453151681e-01 2.006707030534744252e-01
2.434866029024124190e-01 2.399814602732658342e-01 2.368029385805129894e-01 2.337362325191497670e-01 2.307967525720596436e-01 2.279939106106758095e-01 2.253291842341423046e-01 2.228015765547752269e-01 2.204129359126091037e-01 2.181669765710830822e-01 2.160670068860054138e-01 2.141140362620353732e-01 2.123062333464622586e-01 2.106388849020004173e-01 2.091055305302143008e-01 2.076983819901943307e-01 2.064091759920120284e-01 2.052292700111865986e-01 2.041504636406898388e-01 2.031648185849189714e-01
2.388456511497497603e-01 2.356060355901718195e-01 2.326660504937171914e-01 2.298222044110298234e-01 2.270816123485565052e-01 2.244647282361984242e-01 2.219960910081863470e-01 2.196988230943679732e-01 2.175899264216422935e-01 2.156782186031341586e-01 2.139641550183296326e-01 2.124406573176383928e-01 2.110953778028488159e-01 2.099124857783317699e-01 2.088744646310806141e-01 2.079642000794410805e-01 2.071653117239475317e-01 2.064629441499710172e-01 2.058439493179321234e-01 2.052970317006111156e-01
2.252006196975707975e-01 2.223929184675216553e-01 2.202728700637817394e-01 2.184052447974681732e-01 2.167625376582145713e-01 2.153166653215885240e-01 2.140412789583206188e-01 2.129125742614269290e-01 2.119095410406589552e-01 2.110138440132141024e-01 2.102098202705383334e-01 2.094841088354587599e-01 2.088252493739128079e-01 2.082236947119235904e-01 2.076712192595004947e-01 2.071609297394752525e-01 2.066870081424713179e-01 2.062445218861103102e-01 2.058293510973453477e-01 2.054379950463771920e-01
2.648490613698959439e-01 2.625660181045532116e-01 2.604101467132568515e-01 2.581673508882522672e-01 2.558324170112609708e-01 2.534107932448387279e-01 2.509189903736114280e-01 2.483835512399673595e-01 2.458380025625228893e-01 2.433191427588462796e-01 2.408637183904647761e-01 2.385046705603599548e-01 2.362693101167678833e-01 2.341772657632827659e-01 2.322405788302421559e-01 2.304640313982963540e-01 2.288463428616523687e-01 2.273810166120529275e-01 2.260583350062370378e-01 2.248659089207649120e-01
2.671765235066413946e-01 2.637160360813141091e-01 2.608028495311737194e-01 2.581704866886138650e-01 2.557821717858314581e-01 2.536058384180068792e-01 2.516138738393783325e-01 2.497823408246040433e-01 2.480897864699363742e-01 2.465168353915214439e-01 2.450457710027694747e-01 2.436604174971580550e-01 2.423458462953567427e-01 2.410881769657134965e-01 2.398743000626563926e-01 2.386916261911392334e-01 2.375276660919189431e-01 2.363694861531257518e-01 2.352030357718467579e-01 2.340121597051620372e-01
2.343685016036033686e-01 2.314902406930923473e-01 2.289694142341613670e-01 2.265818414092063970e-01 2.243193215131759621e-01 2.221767142415046747e-01 2.201502874493598827e-01 2.182381549477577232e-01 2.164393964409828119e-01 2.147536996006965682e-01 2.131804138422012385e-01 2.117183312773704418e-01 2.103653448820114180e-01 2.091184964776039157e-01 2.079737171530723627e-01 2.069262281060218756e-01 2.059704379737377078e-01 2.051000608503818490e-01 2.043086390197277058e-01 2.035894761979580025e-01
2.352953279018402122e-01 2.322773104906082076e-01 2.296420073509216342e-01 2.271178084611892578e-01 2.247403681278228871e-01 2.225318679213523776e-01 2.205027085542678733e-01 2.186536106467246998e-01 2.169782857596874170e-01 2.154655042290687661e-01 2.141014644503593523e-01 2.128712686896324091e-01 2.117598697543144337e-01 2.107530125975608792e-01 2.098377069830894559e-01 2.090020905435085175e-01 2.082359895110130199e-01 2.075304059684276448e-01 2.068775853514671359e-01 2.062709587812423806e-01
2.787125262618064814e-01 2.718675652146339550e-01 2.658146834373474321e-01 2.603906601667403953e-01 2.555656746029854043e-01 2.512631070613861040e-01 2.473893529176711958e-01 2.438516411185264465e-01 2.405694407224655273e-01 2.374809125065803495e-01 2.345444878935813993e-01 2.317366459965705949e-01 2.290476080775260825e-01 2.264765074849128812e-01 2.240271121263504028e-01 2.217043647170066911e-01 2.195121937990188732e-01 2.174523386359214772e-01 2.155241727828979548e-01 2.137244513630867093e-01
2.396075704693794162e-01 2.371259707212448054e-01 2.347203683853149314e-01 2.321645140647888295e-01 2.293926236033439758e-01 2.264046597480773859e-01 2.232491108775138955e-01 2.200055804848670971e-01 2.167677631974220254e-01 2.136278405785560497e-01 2.106643563508987516e-01 2.079342257976531938e-01 2.054703351855277915e-01 2.032831951975822560e-01 2.013658702373504750e-01 1.996996900439262368e-01 1.982594564557075556e-01 1.970176562666892950e-01 1.959470552206039329e-01 1.950224213302135523e-01
2.478740802407264632e-01 2.459394785761833124e-01 2.443064820766449041e-01 2.427104747295379672e-01 2.411387079954147306e-01 2.395804774761199907e-01 2.380273407697677535e-01 2.364733797311782959e-01 2.349154272675514354e-01 2.333532854914665278e-01 2.317894405126571522e-01 2.302289861440658669e-01 2.286792749166488559e-01 2.271488866209983859e-01 2.256472629308700628e-01 2.241838380694389232e-01 2.227671387791633484e-01 2.214046201109886036e-01 2.201021641492843517e-01 2.188638423383235942e-01
2.577350661158561707e-01 2.526854497194290228e-01 2.487443214654922463e-01 2.454898488521576050e-01 2.427481567859649525e-01 2.403606045246124145e-01 2.382111930847168046e-01 2.362246692180633434e-01 2.343524342775344937e-01 2.325615447759628307e-01 2.308275410532951433e-01 2.291314786672592196e-01 2.274599295854568548e-01 2.258069270849227816e-01 2.241755455732345470e-01 2.225770112872123840e-01 2.210277336835861084e-01 2.195456373691558882e-01 2.181465876102447465e-01 2.168421608209609996e-01
2.627061766386031838e-01 2.607124996185302690e-01 2.586422219872474559e-01 2.564022868871688732e-01 2.538882550597190702e-01 2.509705048799514837e-01 2.475401583313942000e-01 2.435641944408416804e-01 2.391258558630943165e-01 2.344206610321998563e-01 2.297037568688392595e-01 2.252176344394683782e-01 2.211383777856826827e-01 2.175562754273414612e-01 2.144864442944526550e-01 2.118941733241081204e-01 2.097203454375267118e-01 2.078993406891822826e-01 2.063693037629127369e-01 2.050762218236923118e-01
2.469888493418693487e-01 2.440905639529228344e-01 2.411572432518005460e-01 2.380542394518852245e-01 2.347679474949836698e-01 2.313380393385887079e-01 2.278437498211860757e-01 2.243823626637458934e-01 2.210477924346923861e-01 2.179158064723014931e-01 2.150372034311294478e-01 2.124374905228614829e-01 2.101210254430770918e-01 2.080765500664711054e-01 2.062828466296195984e-01 2.047137427330017190e-01 2.033415260910987898e-01 2.021392500400543135e-01 2.010822868347167947e-01 2.001486292481422513e-01
2.565600681304931463e-01 2.534033101797104059e-01 2.507576844096183755e-01 2.484067708253860363e-01 2.463214161992073048e-01 2.444694042205810547e-01 2.428181993961334162e-01 2.413354554772376981e-01 2.399887415766716048e-01 2.387453120946884111e-01 2.375720518827438288e-01 2.364355072379112355e-01 2.353027608990669317e-01 2.341421380639076288e-01 2.329245677590370267e-01 2.316246408224105768e-01 2.302222087979316767e-01 2.287036952376365617e-01 2.270627745985984713e-01 2.253005868196487349e-01
