2.457733613252639782e-01 2.397596043348312334e-01 2.343916034698486361e-01 2.292130538821220420e-01 2.242394956946373030e-01 2.195067161321639926e-01 2.150611889362335216e-01 2.109499973058700517e-01 2.072115984559059210e-01 2.038679078221320995e-01 2.009214177727699224e-01 1.983563670516014232e-01 1.961424450576305378e-01 1.942408446967601732e-01 1.926090905070304837e-01 1.912055650353431668e-01 1.899916109442710832e-01 1.889331996440887507e-01 1.880013720691204038e-01 1.871719314157962721e-01
2.669188001751899852e-01 2.573015895485877835e-01 2.490689575672149769e-01 2.415701290965080184e-01 2.346993938088416942e-01 2.283916458487510737e-01 2.226647996902465787e-01 2.175554484128952026e-01 2.130676996707916160e-01 2.091677427291870062e-01 2.057978129386901778e-01 2.028907805681228749e-01 2.003799486160278420e-01 1.982041651010513217e-01 1.963098999857902649e-01 1.946514818072319075e-01 1.931904593110084500e-01 1.918945169448852406e-01 1.907366356253623885e-01 1.896942591667175326e-01
2.635094261169433350e-01 2.527290633320808388e-01 2.441746345162391640e-01 2.370943045616149825e-01 2.312456104159355263e-01 2.263325279951095559e-01 2.220979616045951899e-01 2.183519244194030706e-01 2.149669834971427995e-01 2.118640983104705944e-01 2.089986017346382174e-01 2.063480791449546770e-01 2.039021533727645996e-01 2.016545975208282604e-01 1.995984648168087072e-01 1.977236975729465551e-01 1.960168755054473855e-01 1.944624622166156724e-01 1.930440126359462827e-01 1.917455528676509924e-01
2.296152865886688099e-01 2.238188549876213018e-01 2.191076791286468428e-01 2.147725045680999867e-01 2.107644459605216847e-01 2.070647656917571910e-01 2.036728248000145014e-01 2.005914232134818898e-01 1.978171992301940851e-01 1.953382098674774081e-01 1.931361675262451283e-01 1.911882989108562581e-01 1.894693605601787678e-01 1.879531913995742820e-01 1.866144983470439944e-01 1.854291877150535672e-01 1.843753908574581046e-01 1.834336510300636214e-01 1.825869612395763508e-01 1.818206253647804138e-01
2.531317499279975847e-01 2.459032121300697427e-01 2.401144009828567460e-01 2.350571459531783924e-01 2.306001934409141474e-01 2.266158181428909180e-01 2.230027088522911205e-01 2.196880745887756226e-01 2.166219550371170088e-01 2.137717542052268993e-01 2.111163118481635959e-01 2.086417225003242559e-01 2.063380008935928323e-01 2.041965648531913757e-01 2.022088631987571661e-01 2.003655427694320812e-01 1.986563724279403753e-01 1.970702251791953963e-01 1.955956420302391030e-01 1.942209348082542530e-01
2.331291708350181624e-01 2.289531990885734503e-01 2.256001496315002408e-01 2.225875684618949801e-01 2.198475116491317716e-01 2.173213574290275563e-01 2.149617961049079817e-01 2.127313295006751925e-01 2.105998724699020275e-01 2.085434493422508306e-01 2.065434947609901539e-01 2.045856544375419528e-01 2.026599599421024245e-01 2.007599546015262637e-01 1.988824036717414812e-01 1.970269717276096344e-01 1.951956301927566528e-01 1.933922176063060661e-01 1.916222809255123116e-01 1.898924966156482763e-01
2.495211216807365351e-01 2.440223723649978527e-01 2.396988716721534796e-01 2.358588796854019232e-01 2.324080020189285278e-01 2.292816531658172508e-01 2.264313420653343290e-01 2.238157889246940591e-01 2.213980302214622609e-01 2.191448590159416066e-01 2.170284292101860024e-01 2.150278681516647472e-01 2.131285658478736800e-01 2.113216438889503612e-01 2.096017694473266690e-01 2.079661029577255238e-01 2.064128640294075057e-01 2.049403086304664723e-01 2.035461845993995766e-01 2.022274324297904935e-01
2.638789224624633611e-01 2.560757720470428489e-01 2.490493729710578918e-01 2.421152979135513250e-01 2.352717354893684443e-01 2.286846980452537648e-01 2.225454217195510787e-01 2.169760143756866433e-01 2.120135799050331116e-01 2.076393526792526256e-01 2.038058599829673800e-01 2.004496520757675093e-01 1.975007775425910994e-01 1.948922941088676586e-01 1.925661459565162770e-01 1.904752793908119080e-01 1.885831719636917037e-01 1.868620093166828144e-01 1.852905751764774289e-01 1.838523727655410889e-01
2.408440876007079956e-01 2.344370087981224038e-01 2.291404089331626759e-01 2.244644862413406328e-01 2.203517907857894809e-01 2.167005699872970592e-01 2.134080952405929543e-01 2.103957116603851207e-01 2.076135247945785633e-01 2.050345951318740811e-01 2.026457843184471252e-01 2.004408642649650463e-01 1.984150175750255540e-01 1.965619631111621968e-01 1.948727490007877428e-01 1.933352187275886591e-01 1.919345067441463604e-01 1.906542715430259716e-01 1.894769629836082492e-01 1.883851866424083588e-01
2.379440459609031555e-01 2.316012585163116366e-01 2.260192161798477151e-01 2.208155366778373763e-01 2.160693871974944946e-01 2.118370333313941978e-01 2.081325948238372803e-01 2.049309483170509427e-01 2.021815690398216236e-01 1.998224270343780529e-01 1.977906054258346535e-01 1.960288050770759571e-01 1.944879168272018455e-01 1.931275996565818831e-01 1.919155481457710255e-01 1.908262649178504855e-01 1.898394903540611134e-01 1.889390143752097961e-01 1.881116488575935441e-01 1.873462298512458823e-01
2.415535369515419140e-01 2.343080836534500166e-01 2.281768974661827210e-01 2.227921989560127380e-01 2.181800583004951388e-01 2.142818170785903975e-01 2.109959596395492576e-01 2.082110112905502242e-01 2.058243867754936118e-01 2.037494984269142273e-01 2.019166216254234258e-01 2.002710691094398421e-01 1.987707683444023266e-01 1.973835596442222728e-01 1.960851690173149031e-01 1.948576945066451960e-01 1.936882698535919156e-01 1.925676408410072205e-01 1.914895308017730835e-01 1.904499566555023227e-01
2.553264820575714134e-01 2.482055640220642012e-01 2.423893874883651656e-01 2.370415204763412498e-01 2.320789769291877747e-01 2.274397984147071838e-01 2.230803960561752453e-01 2.189724519848823547e-01 2.151001492142677329e-01 2.114571639895439226e-01 2.080434134602546781e-01 2.048613691329956021e-01 2.019126626849174488e-01 1.991953016817569755e-01 1.967024441063404128e-01 1.944223015010356770e-01 1.923393060266971599e-01 1.904357457160949785e-01 1.886934287846088465e-01 1.870946481823921315e-01
2.552737954258919029e-01 2.433229264616966203e-01 2.333831039071083135e-01 2.250434061884880044e-01 2.181238600611686840e-01 2.123720446228981040e-01 2.075710687041282532e-01 2.035501632094383340e-01 2.001678428053855763e-01 1.973029908537864696e-01 1.948546138405799766e-01 1.927425232529640098e-01 1.909047973155975353e-01 1.892944830656051736e-01 1.878748941421508889e-01 1.866169115900993269e-01 1.854965031147003118e-01 1.844935519993305129e-01 1.835908980667591006e-01 1.827741667628288158e-01
2.431318902969360485e-01 2.388741067051887434e-01 2.353787067532539246e-01 2.319290634989738531e-01 2.284984031319618192e-01 2.250877758860587996e-01 2.217142060399055481e-01 2.184025526046752819e-01 2.151799240708351102e-01 2.120711591839790355e-01 2.090973585844039806e-01 2.062750686705112357e-01 2.036166791617870231e-01 2.011304263770580247e-01 1.988206933438777801e-01 1.966880525648593836e-01 1.947292199730873141e-01 1.929375210404395968e-01 1.913033701479434912e-01 1.898153713345527571e-01
2.324787786602973971e-01 2.256492260098457436e-01 2.197164794802665688e-01 2.142796000838279591e-01 2.093327510356902954e-01 2.048575654625892639e-01 2.008267122507095270e-01 1.972056910395622309e-01 1.939544194936752286e-01 1.910305799543857708e-01 1.883928084373474032e-01 1.860024434328079179e-01 1.838244979083538122e-01 1.818281318247318146e-01 1.799866980314254739e-01 1.782772324979305378e-01 1.766806560754775879e-01 1.751808823645114865e-01 1.737646703422069672e-01 1.724209830164909474e-01
2.316223692893981945e-01 2.256745865941047757e-01 2.212325239181518466e-01 2.174792715907096774e-01 2.142163586616516180e-01 2.113075798749923795e-01 2.086634749174118009e-01 2.062298750877380460e-01 2.039760588109493233e-01 2.018858270347118344e-01 1.999498836696148030e-01 1.981608772277831942e-01 1.965115739405155215e-01 1.949938508868217513e-01 1.935989262163639035e-01 1.923174217343330272e-01 1.911398211121559110e-01 1.900569252669811193e-01 1.890599071979522650e-01 1.881402893364429452e-01
2.509524160623550215e-01 2.453039833903312705e-01 2.406594333052635148e-01 2.363283398747444142e-01 2.322851094603538558e-01 2.285200995206832786e-01 2.250296846032142639e-01 2.218099626898765442e-01 2.188535258173942566e-01 2.161479088664054748e-01 2.136763373017311063e-01 2.114188870787620522e-01 2.093541964888572804e-01 2.074608087539672741e-01 2.057179298996925365e-01 2.041061255335807900e-01 2.026078039407730180e-01 2.012069931626319919e-01 1.998897621035575778e-01 1.986440819501876787e-01
2.343361392617225591e-01 2.273818027973175115e-01 2.214439535140991233e-01 2.159749177098274353e-01 2.109695842862129300e-01 2.064176470041275135e-01 2.023027396202087269e-01 1.986019706726074308e-01 1.952860665321350109e-01 1.923203885555267445e-01 1.896672157943248838e-01 1.872875815629959084e-01 1.851448956131934998e-01 1.832060182094573941e-01 1.814428848028183106e-01 1.798325437307357888e-01 1.783568257093429699e-01 1.770011653006076935e-01 1.757538102567196003e-01 1.746047207713127269e-01
2.402538985013961681e-01 2.344190749526023909e-01 2.295998036861419678e-01 2.252005454897880454e-01 2.212269693613052313e-01 2.176687631011009205e-01 2.145000386238098133e-01 2.116842836141586415e-01 2.091795340180397089e-01 2.069433689117431696e-01 2.049356272816658109e-01 2.031193405389785656e-01 2.014612460136413485e-01 1.999318686127662670e-01 1.985054978728294506e-01 1.971605288982391235e-01 1.958796057105064436e-01 1.946490798890590790e-01 1.934589309990406014e-01 1.923020905256271340e-01
2.366609823703765825e-01 2.320426651835441612e-01 2.283882853388786438e-01 2.249683839082717851e-01 2.216989409923553478e-01 2.185481697320938166e-01 2.155138406157493525e-01 2.126061302423477295e-01 2.098390480875969022e-01 2.072255504131317039e-01 2.047749824821948894e-01 2.024925757944583959e-01 2.003793638944625921e-01 1.984328973293304488e-01 1.966478100419044583e-01 1.950165577232837733e-01 1.935298345983028356e-01 1.921771825850009940e-01 1.909474086761474565e-01 1.898288817703723819e-01
2.553864243626594588e-01 2.489311942458152793e-01 2.432114416360855180e-01 2.378100830316543512e-01 2.328007343411445662e-01 2.281974041461944658e-01 2.239559948444366511e-01 2.200151327252387878e-01 2.163243988156318687e-01 2.128506359457969788e-01 2.095747742056846552e-01 2.064882433414459151e-01 2.035887074470520142e-01 2.008755549788475148e-01 1.983468639850616555e-01 1.959977009892463762e-01 1.938194543123245295e-01 1.918013773858547322e-01 1.899313631653785639e-01 1.881973987817764371e-01
2.481786432862281844e-01 2.391731372475623951e-01 2.314935937523841802e-01 2.247318536043167170e-01 2.189728248119354181e-01 2.141869178414344821e-01 2.102582019567489635e-01 2.070305256545543759e-01 2.043468382954597429e-01 2.020724926888942674e-01 2.001028780639171611e-01 1.983616822957992576e-01 1.967956359684467360e-01 1.953687317669391688e-01 1.940569727122783694e-01 1.928439337015152022e-01 1.917179135978221982e-01 1.906695117056369793e-01 1.896905045211315088e-01 1.887734493613243136e-01
2.414433640241623047e-01 2.335117027163505499e-01 2.268016478419303816e-01 2.209374028444290039e-01 2.159360802173614369e-01 2.117116707563400368e-01 2.081333228945732028e-01 2.050674319267273005e-01 2.023979818820953458e-01 2.000326362252235479e-01 1.979019218683242820e-01 1.959548729658126820e-01 1.941550427675247104e-01 1.924766187369823522e-01 1.909012575447559257e-01 1.894158953428268510e-01 1.880109028518199832e-01 1.866789612174034052e-01 1.854144306480884630e-01 1.842128023505210932e-01
2.708759343624114746e-01 2.588369664549827753e-01 2.485988143086433344e-01 2.396412131190299999e-01 2.320409002900123696e-01 2.257098758220672519e-01 2.204708540439605791e-01 2.161214947700500488e-01 2.124732396006584201e-01 2.093675673007965032e-01 2.066782559454441170e-01 2.043077461421489716e-01 2.021811427175998765e-01 2.002409926056861744e-01 1.984425048530101821e-01 1.967511306703090546e-01 1.951395748555660170e-01 1.935875006020069122e-01 1.920793800055980716e-01 1.906044159829616558e-01
2.451556950807571300e-01 2.388323935866355774e-01 2.335615855455398515e-01 2.287197384238243147e-01 2.242428618669509988e-01 2.201074784994125344e-01 2.163053640723228421e-01 2.128313449025154014e-01 2.096787679195404042e-01 2.068380957841873258e-01 2.042957320809364319e-01 2.020345930755138297e-01 2.000347304344177179e-01 1.982741747796535614e-01 1.967300646007061060e-01 1.953794123232364677e-01 1.941998960077762626e-01 1.931706577539444025e-01 1.922723595798015717e-01 1.914875927567482039e-01
2.528668704628944663e-01 2.414526638388633795e-01 2.315930590033531133e-01 2.229360911250114485e-01 2.156361615657806374e-01 2.096654656529426675e-01 2.048598060011863620e-01 2.009970618784427676e-01 1.978640413284301625e-01 1.952860908210277691e-01 1.931308443844318434e-01 1.913006789982318878e-01 1.897239105403423221e-01 1.883467641472816589e-01 1.871283166110515594e-01 1.860363699495792278e-01 1.850452396273613020e-01 1.841338673233985923e-01 1.832845781743526470e-01 1.824828000366687797e-01
2.452704793214798007e-01 2.411550989747047458e-01 2.377595737576484736e-01 2.345372867584228638e-01 2.314981028437614330e-01 2.286602136492729143e-01 2.260330399870872364e-01 2.236140644550323464e-01 2.213899153470993142e-01 2.193400016427040078e-01 2.174398708343505959e-01 2.156634220480918851e-01 2.139840775728225619e-01 2.123756282031536158e-01 2.108127211034298010e-01 2.092723289132118192e-01 2.077349628508090851e-01 2.061861443519592274e-01 2.046169874072074901e-01 2.030249647796154022e-01
2.332639864087104886e-01 2.270729562640190213e-01 2.220961186289787392e-01 2.176073980331420799e-01 2.135504364967346080e-01 2.099061596393585194e-01 2.066710147261619501e-01 2.038318043947219826e-01 2.013561093807220426e-01 1.991960388422012451e-01 1.972971215844154247e-01 1.956062242388725281e-01 1.940765692293643929e-01 1.926705938577651933e-01 1.913598306477069799e-01 1.901241324841976277e-01 1.889497613906860329e-01 1.878277742862701494e-01 1.867525659501552693e-01 1.857208260893821739e-01
2.369153493642807140e-01 2.299517226219177368e-01 2.240486660599708690e-01 2.187376695871353083e-01 2.140390345454216137e-01 2.099131697416305453e-01 2.062693896889686573e-01 2.030008268356323364e-01 2.000101894140243475e-01 1.972218862175941501e-01 1.945843413472175543e-01 1.920673799514770463e-01 1.896571692824363664e-01 1.873510721325874206e-01 1.851525464653968889e-01 1.830671572685241832e-01 1.810995553433895067e-01 1.792522071301937137e-01 1.775246450304985013e-01 1.759136702120304152e-01
2.511940148472786016e-01 2.439547967910766502e-01 2.376746898889541548e-01 2.318187788128852900e-01 2.264116203784942716e-01 2.214681965112686168e-01 2.169869527220726069e-01 2.129476508498191756e-01 2.093141126632690474e-01 2.060416236519813649e-01 2.030833202600479115e-01 2.003946670889854564e-01 1.979357603192329340e-01 1.956725250184535858e-01 1.935767485201358717e-01 1.916261252760887157e-01 1.898037926852703117e-01 1.880972528457641735e-01 1.864975279569625888e-01 1.849978730082511846e-01
2.448138323426246599e-01 2.350778383016586259e-01 2.266786599159240634e-01 2.190886574983596791e-01 2.122828108072280784e-01 2.062247854471206676e-01 2.008766293525695856e-01 1.961914768815040677e-01 1.921114107966422901e-01 1.885712087154388372e-01 1.855027529597282343e-01 1.828399175405502342e-01 1.805205966532230366e-01 1.784882621467113462e-01 1.766934065520763264e-01 1.750933246314525515e-01 1.736516609787940868e-01 1.723385936021804843e-01 1.711294658482074849e-01 1.700046060979366336e-01
2.527398476004600325e-01 2.441526791453361434e-01 2.366376861929893605e-01 2.298777309060096863e-01 2.239876174926757890e-01 2.189581504464149508e-01 2.147032347321510271e-01 2.111024561524391108e-01 2.080328881740570179e-01 2.053866580128669850e-01 2.030767154693603471e-01 2.010365250706672713e-01 1.992161025106906902e-01 1.975782355666160506e-01 1.960950288176536438e-01 1.947449779510498080e-01 1.935114909708499920e-01 1.923810845613479481e-01 1.913427080214023523e-01 1.903872753679752283e-01
2.539651906490326128e-01 2.484875896573066623e-01 2.440183970332145680e-01 2.399180471897125189e-01 2.360715252161026123e-01 2.324103817343711742e-01 2.289126914739608720e-01 2.255914288759231501e-01 2.224752208590507485e-01 2.195903643965721186e-01 2.169480115175247137e-01 2.145400023460388161e-01 2.123425197601318259e-01 2.103236445784568698e-01 2.084503999352455006e-01 2.066931596398353665e-01 2.050282397866249051e-01 2.034383264183998175e-01 2.019123446941375744e-01 2.004440753161907118e-01
2.439845058321952753e-01 2.383551615476608154e-01 2.334728264808654807e-01 2.288505989313125710e-01 2.245544093847274825e-01 2.206324809789657615e-01 2.171028262376785145e-01 2.139532408118247908e-01 2.111497262120246854e-01 2.086477166414260898e-01 2.064006116986274730e-01 2.043656596541404691e-01 2.025064264237880773e-01 2.007934597134590216e-01 1.992040595412254422e-01 1.977207359671592779e-01 1.963303253054618780e-01 1.950228646397590693e-01 1.937904171645641327e-01 1.926269042491912942e-01
2.488981604576110951e-01 2.412342259287834079e-01 2.346285700798034779e-01 2.284150260686874379e-01 2.225949975848197926e-01 2.172184696793556247e-01 2.123412486910820074e-01 2.080009195208549488e-01 2.042076209187507763e-01 2.009419387578964267e-01 1.981599172949790877e-01 1.958017498254776001e-01 1.938012458384036907e-01 1.920936086773872287e-01 1.906203983724117368e-01 1.893322235345840376e-01 1.881889289617538485e-01 1.871591080725193146e-01 1.862187129259109397e-01 1.853499953448772553e-01
2.355558472871780440e-01 2.286855337023735169e-01 2.230756381154060386e-01 2.180710384249687217e-01 2.135987818241119329e-01 2.095916351675987110e-01 2.059911876916885320e-01 2.027463901042938221e-01 1.998146027326583862e-01 1.971614407002925951e-01 1.947592532634735141e-01 1.925854168832302205e-01 1.906202098727226291e-01 1.888454177975654735e-01 1.872438733279705170e-01 1.857989618182182279e-01 1.844946680963039376e-01 1.833156099915504433e-01 1.822473515570163793e-01 1.812765057384967682e-01
2.491708150506019570e-01 2.421400079131126315e-01 2.362897047400474571e-01 2.310700869560241566e-01 2.264484182000160162e-01 2.223735222220420971e-01 2.187841582298278853e-01 2.156113409996032737e-01 2.127824386954307589e-01 2.102270120382309093e-01 2.078813740611076266e-01 2.056924501061439536e-01 2.036187088489532504e-01 2.016308629512786887e-01 1.997102895379066489e-01 1.978474314510822174e-01 1.960397885739803281e-01 1.942890013754367817e-01 1.925988326966762421e-01 1.909732213616371077e-01
2.362688592076301608e-01 2.287237256765365656e-01 2.224894571304321389e-01 2.169490131735801741e-01 2.120798000693321361e-01 2.078222207725048121e-01 2.040906068682670493e-01 2.007945987582206715e-01 1.978530049324035700e-01 1.951982095837593023e-01 1.927752168476581651e-01 1.905401082336902752e-01 1.884572783112525851e-01 1.864983126521110590e-01 1.846404702961444988e-01 1.828662087023258109e-01 1.811623036861419733e-01 1.795193503797054280e-01 1.779310014843940857e-01 1.763937941193580716e-01
2.767803189158439814e-01 2.658678439259529180e-01 2.560343348979949862e-01 2.470313054323196311e-01 2.390476396679878102e-01 2.321064668893814131e-01 2.261260184645652871e-01 2.209815147519111622e-01 2.165427315235138039e-01 2.126914063096046470e-01 2.093273243308067244e-01 2.063679939508438199e-01 2.037466502189636264e-01 2.014093405008315907e-01 1.993121898174285977e-01 1.974189113080501434e-01 1.956995183229446322e-01 1.941287641227245342e-01 1.926855619251728047e-01 1.913522867858409859e-01
2.517757332324981889e-01 2.421096169948577792e-01 2.341608408093452387e-01 2.273252665996551569e-01 2.214367124438285928e-01 2.163247266411781333e-01 2.118448790907859758e-01 2.078838035464286860e-01 2.043537434935569774e-01 2.011852493882179127e-01 1.983220872282981939e-01 1.957179078459739818e-01 1.933346232771873396e-01 1.911405678093433258e-01 1.891097530722617992e-01 1.872205843031406469e-01 1.854549853503704160e-01 1.837982423603534698e-01 1.822382362186908689e-01 1.807653351128101216e-01
2.505139538645744235e-01 2.434542426466941856e-01 2.372698625922202986e-01 2.314574027061462314e-01 2.259775739908218284e-01 2.207894352078437761e-01 2.158872213959693864e-01 2.112871989607811030e-01 2.070043674111366194e-01 2.030477049946785018e-01 1.994229274988174316e-01 1.961332851648330822e-01 1.931775799393653792e-01 1.905483695864677307e-01 1.882306919991970084e-01 1.862034340202808336e-01 1.844404527544975247e-01 1.829132419824600342e-01 1.815923884510994013e-01 1.804494406282901864e-01
2.453282022476196422e-01 2.390508940815925520e-01 2.338369765877723605e-01 2.292716729640960627e-01 2.252653861045837425e-01 2.217254975438117948e-01 2.185479158163070590e-01 2.156280517578124944e-01 2.128785935044288646e-01 2.102437904477119368e-01 2.077009803056716897e-01 2.052495226264000050e-01 2.028985998034477101e-01 2.006582590937614485e-01 1.985357466340064991e-01 1.965345883369445934e-01 1.946557912230491572e-01 1.928988766670227117e-01 1.912623107433319147e-01 1.897441074252128601e-01
2.567783430218696372e-01 2.507648354768752808e-01 2.456022149324417203e-01 2.407635328173637346e-01 2.363013580441474804e-01 2.322285643219947904e-01 2.285293799638748180e-01 2.251694762706756558e-01 2.221062129735946744e-01 2.192950585484504666e-01 2.166944462060928223e-01 2.142678341269493025e-01 2.119846785068512096e-01 2.098201623558998141e-01 2.077552381157874994e-01 2.057752929627895411e-01 2.038700027763843403e-01 2.020322056114673692e-01 2.002577143907547097e-01 1.985443663597107056e-01
2.351286682486534163e-01 2.303214648365974337e-01 2.264764323830604498e-01 2.228934562206268399e-01 2.195013824105262745e-01 2.162559220194816556e-01 2.131313532590866089e-01 2.101138189435005077e-01 2.071967786550521773e-01 2.043770745396614186e-01 2.016534069180488664e-01 1.990253710746765214e-01 1.964930291473865609e-01 1.940561993420124032e-01 1.917141875624656655e-01 1.894653126597404535e-01 1.873066999018192236e-01 1.852349515259265889e-01 1.832463088631629822e-01 1.813374844193458568e-01
2.400075316429138295e-01 2.329199904203415050e-01 2.266605347394943237e-01 2.208116355538368158e-01 2.154904946684837452e-01 2.107836651802063033e-01 2.067096495628356900e-01 2.032230815291404813e-01 2.002429407835006614e-01 1.976801317930221569e-01 1.954526263475418191e-01 1.934908977150917031e-01 1.917385400831699283e-01 1.901512998342514138e-01 1.886950196325778983e-01 1.873438732326030698e-01 1.860788981616497140e-01 1.848864629864692688e-01 1.837568646669387740e-01 1.826831750571727697e-01
2.430332276225090071e-01 2.377193716168403692e-01 2.329138049483299167e-01 2.279699686169624206e-01 2.229808032512664850e-01 2.180550280213356118e-01 2.132951956987380882e-01 2.087829428911208984e-01 2.045723830163478918e-01 2.006921960413455830e-01 1.971512156724929687e-01 1.939445929229259569e-01 1.910581228137016307e-01 1.884714505076408309e-01 1.861602725088596366e-01 1.840984174609184287e-01 1.822589898109436002e-01 1.806161598861217576e-01 1.791456152498722143e-01 1.778255043923854806e-01
2.547914996743202432e-01 2.499710321426391602e-01 2.458801096677780129e-01 2.418566393852233931e-01 2.378695365786552551e-01 2.339333471655845598e-01 2.300921201705932728e-01 2.263995221257209811e-01 2.229007160663604714e-01 2.196213859319686990e-01 2.165664777159690968e-01 2.137246614694595370e-01 2.110755419731140115e-01 2.085957816243171614e-01 2.062633763253688690e-01 2.040605501830577984e-01 2.019740867614746027e-01 1.999955919384956426e-01 1.981207217276096388e-01 1.963477911055088176e-01
2.630838203430175826e-01 2.502043226361274630e-01 2.393386083841323730e-01 2.301084837317466658e-01 2.224880239367484913e-01 2.162671715021133312e-01 2.111795458197593678e-01 2.069769391417503324e-01 2.034570989012718101e-01 2.004651466012001004e-01 1.978857266902923628e-01 1.956331247091293302e-01 1.936432486772537154e-01 1.918675005435943604e-01 1.902681314945220969e-01 1.888156689703464619e-01 1.874862240254878964e-01 1.862605331838130818e-01 1.851230207085609314e-01 1.840606841444969166e-01
2.481116661429405290e-01 2.422207143902778692e-01 2.370450419187545843e-01 2.321083679795265253e-01 2.274906554818153515e-01 2.232298707962036000e-01 2.193267348408698969e-01 2.157613849639892500e-01 2.125087863206863437e-01 2.095455595850944652e-01 2.068517389893531899e-01 2.044096422195434692e-01 2.022023537755012479e-01 2.002121889591217119e-01 1.984202909469604537e-01 1.968066704273223888e-01 1.953507989645004161e-01 1.940328772366047005e-01 1.928343302011489846e-01 1.917386527359485615e-01
2.484111574292182933e-01 2.395624718070030190e-01 2.319288605451583773e-01 2.251344403624534474e-01 2.191930356621742126e-01 2.140477043390273948e-01 2.096021625399589472e-01 2.057512873411178611e-01 2.023952284455299289e-01 1.994454035162925853e-01 1.968269422650337219e-01 1.944792625308036926e-01 1.923543262481689498e-01 1.904146929085254736e-01 1.886311468482017584e-01 1.869807821512222412e-01 1.854451505839824765e-01 1.840094028413295779e-01 1.826612603664398149e-01 1.813905826210975569e-01
